1.000000000000000000e+00,0.000000000000000000e+00,5.235999999999999943e+01,4.885200000000000209e+00,0.000000000000000000e+00,1.000000000000000000e+00
2.372670600000000000e+07,8.993000030517578125e+01,5.234915924072265625e+01,4.978789806365966797e+00,6.171000000000000000e+03,0.000000000000000000e+00
3.581503600000000000e+07,1.064800033569335938e+02,5.242419052124023438e+01,4.956890106201171875e+00,7.137000000000000000e+03,0.000000000000000000e+00
3.155312000000000000e+07,1.522299957275390625e+02,5.243236923217773438e+01,4.918210029602050781e+00,6.892000000000000000e+03,0.000000000000000000e+00
3.474582400000000000e+07,8.895999908447265625e+01,5.229619979858398438e+01,5.012310028076171875e+00,1.155000000000000000e+04,0.000000000000000000e+00
4.458694800000000000e+07,1.600099945068359375e+02,5.231475067138671875e+01,5.030300140380859375e+00,1.112400000000000000e+04,0.000000000000000000e+00
1.580125300000000000e+07,9.187999725341796875e+01,5.234506988525390625e+01,4.964129924774169922e+00,5.511000000000000000e+03,0.000000000000000000e+00
1.957202400000000000e+07,2.758399963378906250e+02,5.230738830566406250e+01,4.908329963684082031e+00,7.223000000000000000e+03,0.000000000000000000e+00
1.880151800000000000e+07,1.405500030517578125e+02,5.233827972412109375e+01,4.964429855346679688e+00,5.970000000000000000e+03,0.000000000000000000e+00
2.973384000000000000e+06,1.843500061035156250e+02,5.230989074707031250e+01,4.905280113220214844e+00,6.924000000000000000e+03,0.000000000000000000e+00
3.498547200000000000e+07,1.356799926757812500e+02,5.242831039428710938e+01,5.042191028594970703e+00,1.174100000000000000e+04,0.000000000000000000e+00
6.208213735597670400e+17,1.210800018310546875e+02,5.232977294921875000e+01,4.937511920928955078e+00,5.471000000000000000e+03,0.000000000000000000e+00
4.417476800000000000e+07,6.170999908447265625e+01,5.233715057373046875e+01,4.951990127563476562e+00,5.426000000000000000e+03,0.000000000000000000e+00
5.088839200000000000e+07,1.502799987792968750e+02,5.230916976928710938e+01,5.038330078125000000e+00,1.192800000000000000e+04,0.000000000000000000e+00
3.174266400000000000e+07,9.091000366210937500e+01,5.229590988159179688e+01,5.013249874114990234e+00,1.161800000000000000e+04,0.000000000000000000e+00
4.886419200000000000e+07,3.449500122070312500e+02,5.233850860595703125e+01,4.999609947204589844e+00,7.962000000000000000e+03,0.000000000000000000e+00
5.006581200000000000e+07,2.719500122070312500e+02,5.227296447753906250e+01,4.970106124877929688e+00,1.210200000000000000e+04,0.000000000000000000e+00
5.134042000000000000e+07,2.719500122070312500e+02,5.233324813842773438e+01,4.938469886779785156e+00,5.180000000000000000e+03,0.000000000000000000e+00
5.047228800000000000e+07,5.100000000000000000e+01,5.233422851562500000e+01,4.926609992980957031e+00,4.679000000000000000e+03,0.000000000000000000e+00
1.808264400000000000e+07,1.502799987792968750e+02,5.234196853637695312e+01,4.957079887390136719e+00,5.323000000000000000e+03,0.000000000000000000e+00
3.324158400000000000e+07,7.264899902343750000e+02,5.238859939575195312e+01,4.833310127258300781e+00,4.636000000000000000e+03,0.000000000000000000e+00
3.324144400000000000e+07,2.281499938964843750e+02,5.238817977905273438e+01,4.833489894866943359e+00,4.607000000000000000e+03,0.000000000000000000e+00
6.302057053028352000e+17,6.272100219726562500e+02,5.233047866821289062e+01,4.935152053833007812e+00,5.322000000000000000e+03,0.000000000000000000e+00
4.770987200000000000e+07,2.086799926757812500e+02,5.239588928222656250e+01,4.876120090484619141e+00,2.986000000000000000e+03,0.000000000000000000e+00
3.524352000000000000e+07,1.531999969482421875e+02,5.231303024291992188e+01,4.874579906463623047e+00,6.704000000000000000e+03,0.000000000000000000e+00
2.818000000000000000e+03,5.197000122070312500e+01,5.236434936523437500e+01,4.943580150604248047e+00,3.344000000000000000e+03,0.000000000000000000e+00
2.016800000000000000e+04,1.074499969482421875e+02,5.236407089233398438e+01,4.893929958343505859e+00,8.810000000000000000e+02,0.000000000000000000e+00
2.788600000000000000e+04,1.269199981689453125e+02,5.238761138916015625e+01,4.891880035400390625e+00,1.768000000000000000e+03,0.000000000000000000e+00
2.887100000000000000e+04,7.727999877929687500e+01,5.236774826049804688e+01,4.890920162200927734e+00,5.720000000000000000e+02,0.000000000000000000e+00
2.905100000000000000e+04,5.781000137329101562e+01,5.236584091186523438e+01,4.891109943389892578e+00,7.480000000000000000e+02,0.000000000000000000e+00
4.439100000000000000e+04,2.378800048828125000e+02,5.237168121337890625e+01,4.914710044860839844e+00,1.277000000000000000e+03,0.000000000000000000e+00
4.955200000000000000e+04,2.300899963378906250e+02,5.238027954101562500e+01,4.890890121459960938e+00,9.920000000000000000e+02,0.000000000000000000e+00
5.052300000000000000e+04,1.191299972534179688e+02,5.236811065673828125e+01,4.882619857788085938e+00,9.950000000000000000e+02,0.000000000000000000e+00
5.570900000000000000e+04,1.512500000000000000e+02,5.235811233520507812e+01,4.897636890411376953e+00,1.537000000000000000e+03,0.000000000000000000e+00
5.586800000000000000e+04,1.493099975585937500e+02,5.235596847534179688e+01,4.885119915008544922e+00,1.917000000000000000e+03,0.000000000000000000e+00
6.201500000000000000e+04,1.210800018310546875e+02,5.236431121826171875e+01,4.931220054626464844e+00,2.542000000000000000e+03,0.000000000000000000e+00
8.063500000000000000e+04,8.408999633789062500e+01,5.237828063964843750e+01,4.894400119781494141e+00,7.170000000000000000e+02,0.000000000000000000e+00
8.248200000000000000e+04,1.103700027465820312e+02,5.236967849731445312e+01,4.881219863891601562e+00,1.027000000000000000e+03,0.000000000000000000e+00
9.153500000000000000e+04,1.454100036621093750e+02,5.235773849487304688e+01,4.896470069885253906e+00,1.575000000000000000e+03,0.000000000000000000e+00
9.722100000000000000e+04,6.656999969482421875e+01,5.234801101684570312e+01,4.836390018463134766e+00,4.836000000000000000e+03,0.000000000000000000e+00
9.747600000000000000e+04,1.162099990844726562e+02,5.235665130615234375e+01,4.863629817962646484e+00,2.770000000000000000e+03,0.000000000000000000e+00
1.370260000000000000e+05,2.622099914550781250e+02,5.235177993774414062e+01,4.906990051269531250e+00,2.360000000000000000e+03,0.000000000000000000e+00
1.624670000000000000e+05,1.746100006103515625e+02,5.236270141601562500e+01,4.856929779052734375e+00,2.837000000000000000e+03,0.000000000000000000e+00
1.687690000000000000e+05,8.993000030517578125e+01,5.237955856323242188e+01,4.893589973449707031e+00,8.660000000000000000e+02,0.000000000000000000e+00
1.693560000000000000e+05,1.940800018310546875e+02,5.238103866577148438e+01,4.883059978485107422e+00,1.339000000000000000e+03,0.000000000000000000e+00
1.710540000000000000e+05,1.210800018310546875e+02,5.236767959594726562e+01,4.866459846496582031e+00,2.053000000000000000e+03,0.000000000000000000e+00
1.795280000000000000e+05,2.670799865722656250e+02,5.234331893920898438e+01,4.894839763641357422e+00,3.179000000000000000e+03,0.000000000000000000e+00
1.883470000000000000e+05,1.123199996948242188e+02,5.236830139160156250e+01,4.854459762573242188e+00,2.842000000000000000e+03,0.000000000000000000e+00
1.897540000000000000e+05,1.697500000000000000e+02,5.237548065185546875e+01,4.893980026245117188e+00,4.190000000000000000e+02,0.000000000000000000e+00
1.930380000000000000e+05,1.220500030517578125e+02,5.236056900024414062e+01,4.896709918975830078e+00,1.261000000000000000e+03,0.000000000000000000e+00
2.145310000000000000e+05,1.162099990844726562e+02,5.237168884277343750e+01,4.894460201263427734e+00,1.000000000000000000e+02,0.000000000000000000e+00
2.192760000000000000e+05,2.962799987792968750e+02,5.236883163452148438e+01,4.887489795684814453e+00,6.650000000000000000e+02,0.000000000000000000e+00
2.225160000000000000e+05,1.201100006103515625e+02,5.236270904541015625e+01,4.858749866485595703e+00,2.721000000000000000e+03,0.000000000000000000e+00
2.459270000000000000e+05,5.055499877929687500e+02,5.236814880371093750e+01,4.886040210723876953e+00,7.890000000000000000e+02,0.000000000000000000e+00
2.478050000000000000e+05,1.230299987792968750e+02,5.236706924438476562e+01,4.873479843139648438e+00,1.614000000000000000e+03,0.000000000000000000e+00
2.520800000000000000e+05,3.790100097656250000e+02,5.236936187744140625e+01,4.909629821777343750e+00,9.740000000000000000e+02,0.000000000000000000e+00
2.548000000000000000e+05,3.206099853515625000e+02,5.237121963500976562e+01,4.882110118865966797e+00,9.390000000000000000e+02,0.000000000000000000e+00
2.558090000000000000e+05,1.814299926757812500e+02,5.234415817260742188e+01,4.887090206146240234e+00,3.142000000000000000e+03,0.000000000000000000e+00
2.623940000000000000e+05,8.993000030517578125e+01,5.235694885253906250e+01,4.852340221405029297e+00,3.393000000000000000e+03,0.000000000000000000e+00
2.746880000000000000e+05,8.993000030517578125e+01,5.237976837158203125e+01,4.855740070343017578e+00,2.863000000000000000e+03,0.000000000000000000e+00
2.831700000000000000e+05,1.012650024414062500e+03,5.235435104370117188e+01,4.873159885406494141e+00,2.488000000000000000e+03,0.000000000000000000e+00
2.863740000000000000e+05,1.308099975585937500e+02,5.237725067138671875e+01,4.833069801330566406e+00,4.306000000000000000e+03,0.000000000000000000e+00
2.865000000000000000e+05,1.619600067138671875e+02,5.237561035156250000e+01,4.900000095367431641e+00,4.980000000000000000e+02,0.000000000000000000e+00
2.907010000000000000e+05,1.609900054931640625e+02,5.237561035156250000e+01,4.900000095367431641e+00,4.980000000000000000e+02,0.000000000000000000e+00
2.917520000000000000e+05,1.064800033569335938e+02,5.235179138183593750e+01,4.910820007324218750e+00,2.455000000000000000e+03,0.000000000000000000e+00
3.040820000000000000e+05,1.376300048828125000e+02,5.237239074707031250e+01,4.896570205688476562e+00,7.100000000000000000e+01,0.000000000000000000e+00
3.041430000000000000e+05,9.675000000000000000e+01,5.236230087280273438e+01,4.920279979705810547e+00,1.970000000000000000e+03,0.000000000000000000e+00
3.068520000000000000e+05,1.989499969482421875e+02,5.235931015014648438e+01,4.898439884185791016e+00,1.410000000000000000e+03,0.000000000000000000e+00
3.074970000000000000e+05,8.909799804687500000e+02,5.236732864379882812e+01,4.920549869537353516e+00,1.749000000000000000e+03,0.000000000000000000e+00
3.076210000000000000e+05,1.259499969482421875e+02,5.235871124267578125e+01,4.896160125732421875e+00,1.466000000000000000e+03,0.000000000000000000e+00
3.080280000000000000e+05,9.675000000000000000e+01,5.235971832275390625e+01,4.897500038146972656e+00,1.359000000000000000e+03,0.000000000000000000e+00
3.111240000000000000e+05,2.232799987792968750e+02,5.237104034423828125e+01,4.877130031585693359e+00,1.278000000000000000e+03,0.000000000000000000e+00
3.199850000000000000e+05,2.291199951171875000e+02,5.235668945312500000e+01,4.901869773864746094e+00,1.739000000000000000e+03,0.000000000000000000e+00
3.272850000000000000e+05,2.369100036621093750e+02,5.235625076293945312e+01,4.893229961395263672e+00,1.749000000000000000e+03,0.000000000000000000e+00
3.319460000000000000e+05,2.184100036621093750e+02,5.236059951782226562e+01,4.857389926910400391e+00,2.901000000000000000e+03,0.000000000000000000e+00
3.430940000000000000e+05,1.016100006103515625e+02,5.235715103149414062e+01,4.909259796142578125e+00,1.874000000000000000e+03,0.000000000000000000e+00
3.502710000000000000e+05,3.887500000000000000e+02,5.236128997802734375e+01,4.988450050354003906e+00,6.394000000000000000e+03,0.000000000000000000e+00
3.579800000000000000e+05,2.300899963378906250e+02,5.236347961425781250e+01,4.876480102539062500e+00,1.617000000000000000e+03,0.000000000000000000e+00
3.664380000000000000e+05,1.308099975585937500e+02,5.236737823486328125e+01,4.896709918975830078e+00,5.060000000000000000e+02,0.000000000000000000e+00
3.671070000000000000e+05,1.814299926757812500e+02,5.236262893676757812e+01,4.902160167694091797e+00,1.115000000000000000e+03,0.000000000000000000e+00
3.674910000000000000e+05,1.736399993896484375e+02,5.236399841308593750e+01,4.878139972686767578e+00,1.492000000000000000e+03,0.000000000000000000e+00
3.798850000000000000e+05,2.933599853515625000e+02,5.235464859008789062e+01,4.906099796295166016e+00,2.039000000000000000e+03,0.000000000000000000e+00
3.961250000000000000e+05,7.241000366210937500e+01,5.237823867797851562e+01,4.885320186614990234e+00,1.006000000000000000e+03,0.000000000000000000e+00
4.023530000000000000e+05,1.395700073242187500e+02,5.235337829589843750e+01,4.934070110321044922e+00,3.310000000000000000e+03,0.000000000000000000e+00
4.148650000000000000e+05,1.113499984741210938e+02,5.235042953491210938e+01,4.846759796142578125e+00,4.103000000000000000e+03,0.000000000000000000e+00
4.156190000000000000e+05,1.454100036621093750e+02,5.236904907226562500e+01,4.935279846191406250e+00,2.692000000000000000e+03,0.000000000000000000e+00
4.377570000000000000e+05,1.454100036621093750e+02,5.235503005981445312e+01,4.905159950256347656e+00,1.978000000000000000e+03,0.000000000000000000e+00
4.380890000000000000e+05,1.298399963378906250e+02,5.236116027832031250e+01,4.866079807281494141e+00,2.351000000000000000e+03,0.000000000000000000e+00
4.409920000000000000e+05,1.989499969482421875e+02,5.234162139892578125e+01,4.849049091339111328e+00,4.632000000000000000e+03,0.000000000000000000e+00
4.414240000000000000e+05,1.502799987792968750e+02,5.237281036376953125e+01,4.943029880523681641e+00,3.201000000000000000e+03,0.000000000000000000e+00
4.456600000000000000e+05,8.116999816894531250e+01,5.237001037597656250e+01,4.856460094451904297e+00,2.686000000000000000e+03,0.000000000000000000e+00
4.469990000000000000e+05,1.201100006103515625e+02,5.235926818847656250e+01,4.865290164947509766e+00,2.508000000000000000e+03,0.000000000000000000e+00
4.507670000000000000e+05,2.807099914550781250e+02,5.237005996704101562e+01,4.900809764862060547e+00,3.910000000000000000e+02,0.000000000000000000e+00
4.623410000000000000e+05,1.755899963378906250e+02,5.237390136718750000e+01,4.892630100250244141e+00,3.140000000000000000e+02,0.000000000000000000e+00
4.816640000000000000e+05,1.064800033569335938e+02,5.239133834838867188e+01,4.890669822692871094e+00,2.191000000000000000e+03,0.000000000000000000e+00
4.837790000000000000e+05,1.016100006103515625e+02,5.235089874267578125e+01,4.832930088043212891e+00,4.872000000000000000e+03,0.000000000000000000e+00
4.944330000000000000e+05,1.600099945068359375e+02,5.236811828613281250e+01,4.854219913482666016e+00,2.861000000000000000e+03,0.000000000000000000e+00
5.036290000000000000e+05,1.210800018310546875e+02,5.235430145263671875e+01,4.877009868621826172e+00,2.340000000000000000e+03,0.000000000000000000e+00
5.050120000000000000e+05,2.953099975585937500e+02,5.236412048339843750e+01,4.887569904327392578e+00,1.033000000000000000e+03,0.000000000000000000e+00
5.056500000000000000e+05,1.405500030517578125e+02,5.235482025146484375e+01,4.874380111694335938e+00,2.396000000000000000e+03,0.000000000000000000e+00
5.075980000000000000e+05,5.882800292968750000e+02,5.237694168090820312e+01,4.880030155181884766e+00,1.215000000000000000e+03,0.000000000000000000e+00
5.084330000000000000e+05,3.692799987792968750e+02,5.237165832519531250e+01,4.829510211944580078e+00,4.507000000000000000e+03,0.000000000000000000e+00
5.150880000000000000e+05,1.210800018310546875e+02,5.239675140380859375e+01,4.996029853820800781e+00,7.336000000000000000e+03,0.000000000000000000e+00
5.157490000000000000e+05,1.648800048828125000e+02,5.235902023315429688e+01,4.896059989929199219e+00,1.432000000000000000e+03,0.000000000000000000e+00
5.159210000000000000e+05,1.648800048828125000e+02,5.235021972656250000e+01,4.852499961853027344e+00,3.807000000000000000e+03,0.000000000000000000e+00
5.179960000000000000e+05,4.033500061035156250e+02,5.237826919555664062e+01,4.885680198669433594e+00,9.910000000000000000e+02,0.000000000000000000e+00
5.224710000000000000e+05,1.794799957275390625e+02,5.237739944458007812e+01,4.850999832153320312e+00,3.109000000000000000e+03,0.000000000000000000e+00
5.280220000000000000e+05,1.016100006103515625e+02,5.239113998413085938e+01,4.888460159301757812e+00,2.198000000000000000e+03,0.000000000000000000e+00
5.387230000000000000e+05,1.405500030517578125e+02,5.235400009155273438e+01,4.939650058746337891e+00,3.576000000000000000e+03,0.000000000000000000e+00
5.493100000000000000e+05,1.989499969482421875e+02,5.237126159667968750e+01,4.862410068511962891e+00,2.275000000000000000e+03,0.000000000000000000e+00
5.535140000000000000e+05,8.215000152587890625e+01,5.238444137573242188e+01,4.869160175323486328e+00,2.289000000000000000e+03,0.000000000000000000e+00
5.568290000000000000e+05,1.483300018310546875e+02,5.233557891845703125e+01,4.868780136108398438e+00,4.439000000000000000e+03,0.000000000000000000e+00
5.680050000000000000e+05,1.405500030517578125e+02,5.235409927368164062e+01,4.881499767303466797e+00,2.208000000000000000e+03,0.000000000000000000e+00
5.684460000000000000e+05,1.094000015258789062e+02,5.237078857421875000e+01,4.901529788970947266e+00,4.020000000000000000e+02,0.000000000000000000e+00
5.707530000000000000e+05,7.727999877929687500e+01,5.234904098510742188e+01,4.867650032043457031e+00,3.184000000000000000e+03,0.000000000000000000e+00
5.710290000000000000e+05,1.502799987792968750e+02,5.236759948730468750e+01,4.859759807586669922e+00,2.500000000000000000e+03,0.000000000000000000e+00
5.756030000000000000e+05,2.427500000000000000e+02,5.236111831665039062e+01,4.894619941711425781e+00,1.202000000000000000e+03,0.000000000000000000e+00
5.798510000000000000e+05,1.249700012207031250e+02,5.239144134521484375e+01,4.884359836578369141e+00,2.310000000000000000e+03,0.000000000000000000e+00
5.820280000000000000e+05,2.096499938964843750e+02,5.236021423339843750e+01,4.843456745147705078e+00,3.790000000000000000e+03,0.000000000000000000e+00
5.823820000000000000e+05,1.697500000000000000e+02,5.239442062377929688e+01,4.914780139923095703e+00,2.813000000000000000e+03,0.000000000000000000e+00
5.880200000000000000e+05,3.118500061035156250e+02,5.236917877197265625e+01,4.913159847259521484e+00,1.210000000000000000e+03,0.000000000000000000e+00
5.902360000000000000e+05,1.210800018310546875e+02,5.236809158325195312e+01,4.854360103607177734e+00,2.852000000000000000e+03,0.000000000000000000e+00
5.906810000000000000e+05,2.914100036621093750e+02,5.234788131713867188e+01,4.850599765777587891e+00,4.074000000000000000e+03,0.000000000000000000e+00
6.068710000000000000e+05,1.609900054931640625e+02,5.237620925903320312e+01,4.870749950408935547e+00,1.773000000000000000e+03,0.000000000000000000e+00
6.084320000000000000e+05,1.084300003051757812e+02,5.238199615478515625e+01,4.888583183288574219e+00,1.228000000000000000e+03,0.000000000000000000e+00
6.130880000000000000e+05,8.895999908447265625e+01,5.241016006469726562e+01,4.963689804077148438e+00,6.266000000000000000e+03,0.000000000000000000e+00
6.131100000000000000e+05,6.268000030517578125e+01,5.236368179321289062e+01,4.979400157928466797e+00,5.742000000000000000e+03,0.000000000000000000e+00
6.231230000000000000e+05,4.422799987792968750e+02,5.236246871948242188e+01,4.865340232849121094e+00,2.325000000000000000e+03,0.000000000000000000e+00
6.271880000000000000e+05,1.201100006103515625e+02,5.238199615478515625e+01,4.888583183288574219e+00,1.228000000000000000e+03,0.000000000000000000e+00
6.272130000000000000e+05,1.016100006103515625e+02,5.235094070434570312e+01,4.885519981384277344e+00,2.435000000000000000e+03,0.000000000000000000e+00
6.335850000000000000e+05,1.259499969482421875e+02,5.234917831420898438e+01,4.891970157623291016e+00,2.540000000000000000e+03,0.000000000000000000e+00
6.341700000000000000e+05,1.103700027465820312e+02,5.238388061523437500e+01,4.865620136260986328e+00,2.449000000000000000e+03,0.000000000000000000e+00
6.350190000000000000e+05,1.502799987792968750e+02,5.237860107421875000e+01,4.849480152130126953e+00,3.238000000000000000e+03,0.000000000000000000e+00
6.534590000000000000e+05,2.378800048828125000e+02,5.232236862182617188e+01,4.860239982604980469e+00,6.017000000000000000e+03,0.000000000000000000e+00
6.549310000000000000e+05,9.576999664306640625e+01,5.237166976928710938e+01,4.894800186157226562e+00,7.900000000000000000e+01,0.000000000000000000e+00
6.552160000000000000e+05,1.074499969482421875e+02,5.237097930908203125e+01,4.894340038299560547e+00,1.470000000000000000e+02,0.000000000000000000e+00
6.580630000000000000e+05,1.463899993896484375e+02,5.236188125610351562e+01,4.876939773559570312e+00,1.702000000000000000e+03,0.000000000000000000e+00
6.608560000000000000e+05,2.719500122070312500e+02,5.235509872436523438e+01,4.932620048522949219e+00,3.116000000000000000e+03,0.000000000000000000e+00
6.646970000000000000e+05,8.895999908447265625e+01,5.238536834716796875e+01,4.902410030364990234e+00,1.562000000000000000e+03,0.000000000000000000e+00
6.673050000000000000e+05,1.463899993896484375e+02,5.241878128051757812e+01,4.893970012664794922e+00,5.215000000000000000e+03,0.000000000000000000e+00
6.798380000000000000e+05,3.887500000000000000e+02,5.236716079711914062e+01,4.904620170593261719e+00,7.930000000000000000e+02,0.000000000000000000e+00
6.834310000000000000e+05,7.727999877929687500e+01,5.234556961059570312e+01,4.896200180053710938e+00,2.928000000000000000e+03,0.000000000000000000e+00
6.859900000000000000e+05,7.338999938964843750e+01,5.238296127319335938e+01,4.837860107421875000e+00,4.127000000000000000e+03,0.000000000000000000e+00
6.896230000000000000e+05,1.210800018310546875e+02,5.237369918823242188e+01,4.925809860229492188e+00,2.040000000000000000e+03,0.000000000000000000e+00
6.907570000000000000e+05,1.862899932861328125e+02,5.237400054931640625e+01,4.899020195007324219e+00,3.150000000000000000e+02,0.000000000000000000e+00
6.936750000000000000e+05,9.675000000000000000e+01,5.235924911499023438e+01,4.851399898529052734e+00,3.333000000000000000e+03,0.000000000000000000e+00
7.021200000000000000e+05,1.366499938964843750e+02,5.238383865356445312e+01,4.873030185699462891e+00,2.043000000000000000e+03,0.000000000000000000e+00
7.028940000000000000e+05,2.378800048828125000e+02,5.237448883056640625e+01,4.847620010375976562e+00,3.290000000000000000e+03,0.000000000000000000e+00
7.055090000000000000e+05,1.113499984741210938e+02,5.235314941406250000e+01,4.872560024261474609e+00,2.619000000000000000e+03,0.000000000000000000e+00
7.085280000000000000e+05,1.395700073242187500e+02,5.235536956787109375e+01,4.894770145416259766e+00,1.840000000000000000e+03,0.000000000000000000e+00
7.135770000000000000e+05,8.408999633789062500e+01,5.235673141479492188e+01,4.907780170440673828e+00,1.870000000000000000e+03,0.000000000000000000e+00
7.161070000000000000e+05,1.210800018310546875e+02,5.236462020874023438e+01,4.868239879608154297e+00,2.045000000000000000e+03,0.000000000000000000e+00
7.196230000000000000e+05,1.561199951171875000e+02,5.238283920288085938e+01,4.890069961547851562e+00,1.279000000000000000e+03,0.000000000000000000e+00
7.212910000000000000e+05,7.436000061035156250e+01,5.237752151489257812e+01,4.870860099792480469e+00,1.811000000000000000e+03,0.000000000000000000e+00
7.281440000000000000e+05,2.125700073242187500e+02,5.236111831665039062e+01,4.896319866180419922e+00,1.199000000000000000e+03,0.000000000000000000e+00
7.281450000000000000e+05,2.865499877929687500e+02,5.235343933105468750e+01,4.895400047302246094e+00,2.053000000000000000e+03,0.000000000000000000e+00
7.293170000000000000e+05,1.171900024414062500e+02,5.236051940917968750e+01,4.895679950714111328e+00,1.265000000000000000e+03,0.000000000000000000e+00
7.309160000000000000e+05,8.701000213623046875e+01,5.237310028076171875e+01,4.868589878082275391e+00,1.859000000000000000e+03,0.000000000000000000e+00
7.336540000000000000e+05,1.502799987792968750e+02,5.237097930908203125e+01,4.922699928283691406e+00,1.822000000000000000e+03,0.000000000000000000e+00
7.406160000000000000e+05,1.006399993896484375e+02,5.236256027221679688e+01,4.910799980163574219e+00,1.450000000000000000e+03,0.000000000000000000e+00
7.410430000000000000e+05,4.860799865722656250e+02,5.237654113769531250e+01,4.870029926300048828e+00,1.830000000000000000e+03,0.000000000000000000e+00
7.421600000000000000e+05,8.666500244140625000e+02,5.236865997314453125e+01,4.920710086822509766e+00,1.722000000000000000e+03,0.000000000000000000e+00
7.446590000000000000e+05,1.123199996948242188e+02,5.235659027099609375e+01,4.908269882202148438e+00,1.898000000000000000e+03,0.000000000000000000e+00
7.460670000000000000e+05,1.366499938964843750e+02,5.238294982910156250e+01,4.887259960174560547e+00,1.362000000000000000e+03,0.000000000000000000e+00
7.478470000000000000e+05,6.268000030517578125e+01,5.236130905151367188e+01,4.851900100708007812e+00,3.211000000000000000e+03,0.000000000000000000e+00
7.540200000000000000e+05,1.979700012207031250e+02,5.234828948974609375e+01,4.910470008850097656e+00,2.805000000000000000e+03,0.000000000000000000e+00
7.546130000000000000e+05,2.476100006103515625e+02,5.237266159057617188e+01,4.904560089111328125e+00,5.940000000000000000e+02,0.000000000000000000e+00
7.554310000000000000e+05,1.259499969482421875e+02,5.237065887451171875e+01,4.874050140380859375e+00,1.490000000000000000e+03,0.000000000000000000e+00
7.584750000000000000e+05,1.016100006103515625e+02,5.236827087402343750e+01,4.871069908142089844e+00,1.733000000000000000e+03,0.000000000000000000e+00
7.590600000000000000e+05,3.206099853515625000e+02,5.236753845214843750e+01,4.887330055236816406e+00,7.570000000000000000e+02,0.000000000000000000e+00
7.592990000000000000e+05,2.232799987792968750e+02,5.236114883422851562e+01,4.852089881896972656e+00,3.206000000000000000e+03,0.000000000000000000e+00
7.594020000000000000e+05,1.794799957275390625e+02,5.236651992797851562e+01,4.878540039062500000e+00,1.322000000000000000e+03,0.000000000000000000e+00
7.614110000000000000e+05,6.462999725341796875e+01,5.240164184570312500e+01,4.951059818267822266e+00,4.995000000000000000e+03,0.000000000000000000e+00
7.682740000000000000e+05,2.271699981689453125e+02,5.238854980468750000e+01,4.885210037231445312e+00,1.989000000000000000e+03,0.000000000000000000e+00
7.687370000000000000e+05,1.103700027465820312e+02,5.237823867797851562e+01,4.868259906768798828e+00,2.004000000000000000e+03,0.000000000000000000e+00
7.712170000000000000e+05,2.476100006103515625e+02,5.234091186523437500e+01,4.848020076751708984e+00,4.738000000000000000e+03,0.000000000000000000e+00
7.713430000000000000e+05,1.181600036621093750e+02,5.237641143798828125e+01,4.883029937744140625e+00,1.008000000000000000e+03,0.000000000000000000e+00
7.717580000000000000e+05,6.948999786376953125e+01,5.234984970092773438e+01,4.835780143737792969e+00,4.762000000000000000e+03,0.000000000000000000e+00
7.756550000000000000e+05,1.356799926757812500e+02,5.237025833129882812e+01,4.899310111999511719e+00,2.950000000000000000e+02,0.000000000000000000e+00
7.762880000000000000e+05,1.220500030517578125e+02,5.235548019409179688e+01,4.872779846191406250e+00,2.408000000000000000e+03,0.000000000000000000e+00
7.788200000000000000e+05,1.113499984741210938e+02,5.235982131958007812e+01,4.856349945068359375e+00,3.002000000000000000e+03,0.000000000000000000e+00
7.806740000000000000e+05,1.493099975585937500e+02,5.236854934692382812e+01,4.907660007476806641e+00,8.810000000000000000e+02,0.000000000000000000e+00
7.822540000000000000e+05,3.926400146484375000e+02,5.237142181396484375e+01,4.890359878540039062e+00,3.800000000000000000e+02,0.000000000000000000e+00
7.854320000000000000e+05,1.989499969482421875e+02,5.236856079101562500e+01,4.898960113525390625e+00,4.250000000000000000e+02,0.000000000000000000e+00
7.943220000000000000e+05,1.609900054931640625e+02,5.237047958374023438e+01,4.903850078582763672e+00,5.620000000000000000e+02,0.000000000000000000e+00
8.007230000000000000e+05,1.502799987792968750e+02,5.236883926391601562e+01,4.861269950866699219e+00,2.376000000000000000e+03,0.000000000000000000e+00
8.015440000000000000e+05,1.600099945068359375e+02,5.235205078125000000e+01,4.902669906616210938e+00,2.254000000000000000e+03,0.000000000000000000e+00
8.020520000000000000e+05,1.356799926757812500e+02,5.236476135253906250e+01,4.909249782562255859e+00,1.205000000000000000e+03,0.000000000000000000e+00
8.053300000000000000e+05,2.466399993896484375e+02,5.234725189208984375e+01,4.893410205841064453e+00,2.746000000000000000e+03,0.000000000000000000e+00
8.169400000000000000e+05,1.989499969482421875e+02,5.235322952270507812e+01,4.854209899902343750e+00,3.510000000000000000e+03,0.000000000000000000e+00
8.180850000000000000e+05,1.668300018310546875e+02,5.237670135498046875e+01,4.891900062561035156e+00,5.990000000000000000e+02,0.000000000000000000e+00
8.188810000000000000e+05,1.230299987792968750e+02,5.236122894287109375e+01,4.896190166473388672e+00,1.187000000000000000e+03,0.000000000000000000e+00
8.342330000000000000e+05,1.259499969482421875e+02,5.237271881103515625e+01,4.904180049896240234e+00,5.690000000000000000e+02,0.000000000000000000e+00
8.356270000000000000e+05,1.794799957275390625e+02,5.236899185180664062e+01,4.916069984436035156e+00,1.407000000000000000e+03,0.000000000000000000e+00
8.470930000000000000e+05,1.502799987792968750e+02,5.236069869995117188e+01,4.859910011291503906e+00,2.743000000000000000e+03,0.000000000000000000e+00
8.510440000000000000e+05,1.512500000000000000e+02,5.234024810791015625e+01,4.846600055694580078e+00,4.858000000000000000e+03,0.000000000000000000e+00
8.536450000000000000e+05,7.829400024414062500e+02,5.235327148437500000e+01,4.887030124664306641e+00,2.157000000000000000e+03,0.000000000000000000e+00
8.543280000000000000e+05,2.476100006103515625e+02,5.237261962890625000e+01,4.873419761657714844e+00,1.528000000000000000e+03,0.000000000000000000e+00
8.624110000000000000e+05,1.794799957275390625e+02,5.238138961791992188e+01,4.885409832000732422e+00,1.273000000000000000e+03,0.000000000000000000e+00
8.653280000000000000e+05,1.405500030517578125e+02,5.235583877563476562e+01,4.874010086059570312e+00,2.323000000000000000e+03,0.000000000000000000e+00
8.702250000000000000e+05,1.794799957275390625e+02,5.235261917114257812e+01,4.899680137634277344e+00,2.159000000000000000e+03,0.000000000000000000e+00
8.740760000000000000e+05,1.395700073242187500e+02,5.236136245727539062e+01,4.890488147735595703e+00,1.228000000000000000e+03,0.000000000000000000e+00
8.743400000000000000e+05,8.993000030517578125e+01,5.242378997802734375e+01,4.888510227203369141e+00,5.792000000000000000e+03,0.000000000000000000e+00
8.746880000000000000e+05,3.537099914550781250e+02,5.235894012451171875e+01,4.911709785461425781e+00,1.797000000000000000e+03,0.000000000000000000e+00
8.777020000000000000e+05,1.697500000000000000e+02,5.236048889160156250e+01,4.889820098876953125e+00,1.334000000000000000e+03,0.000000000000000000e+00
8.799860000000000000e+05,1.103700027465820312e+02,5.234180068969726562e+01,4.910659790039062500e+00,3.494000000000000000e+03,0.000000000000000000e+00
8.843290000000000000e+05,1.473600006103515625e+02,5.234307861328125000e+01,4.788886070251464844e+00,7.943000000000000000e+03,0.000000000000000000e+00
8.861920000000000000e+05,1.064800033569335938e+02,5.238462066650390625e+01,5.012340068817138672e+00,8.029000000000000000e+03,0.000000000000000000e+00
8.902880000000000000e+05,3.449500122070312500e+02,5.235636901855468750e+01,4.853730201721191406e+00,3.344000000000000000e+03,0.000000000000000000e+00
8.903550000000000000e+05,1.444400024414062500e+02,5.238874816894531250e+01,4.878349781036376953e+00,2.220000000000000000e+03,0.000000000000000000e+00
8.956840000000000000e+05,2.962799987792968750e+02,5.237342071533203125e+01,4.869299888610839844e+00,1.814000000000000000e+03,0.000000000000000000e+00
9.017890000000000000e+05,2.086799926757812500e+02,5.236896896362304688e+01,4.855609893798828125e+00,2.755000000000000000e+03,0.000000000000000000e+00
9.064460000000000000e+05,7.144000244140625000e+01,5.233229064941406250e+01,4.874310016632080078e+00,4.642000000000000000e+03,0.000000000000000000e+00
9.160960000000000000e+05,2.086799926757812500e+02,5.237900161743164062e+01,4.879089832305908203e+00,1.388000000000000000e+03,0.000000000000000000e+00
9.168500000000000000e+05,2.427500000000000000e+02,5.240665817260742188e+01,4.903439998626708984e+00,3.899000000000000000e+03,0.000000000000000000e+00
9.179550000000000000e+05,1.259499969482421875e+02,5.238771820068359375e+01,4.881470203399658203e+00,2.013000000000000000e+03,0.000000000000000000e+00
9.191310000000000000e+05,3.926400146484375000e+02,5.235863876342773438e+01,4.876319885253906250e+00,1.985000000000000000e+03,0.000000000000000000e+00
9.205600000000000000e+05,1.171900024414062500e+02,5.235448074340820312e+01,4.933660030364990234e+00,3.213000000000000000e+03,0.000000000000000000e+00
9.312700000000000000e+05,1.395700073242187500e+02,5.233950042724609375e+01,4.848979949951171875e+00,4.810000000000000000e+03,0.000000000000000000e+00
9.322270000000000000e+05,1.308099975585937500e+02,5.237089920043945312e+01,4.853010177612304688e+00,2.914000000000000000e+03,0.000000000000000000e+00
9.335230000000000000e+05,1.999199981689453125e+02,5.235619735717773438e+01,4.991435050964355469e+00,6.718000000000000000e+03,0.000000000000000000e+00
9.340600000000000000e+05,5.045700073242187500e+02,5.240159988403320312e+01,4.897850036621093750e+00,3.305000000000000000e+03,0.000000000000000000e+00
9.376350000000000000e+05,1.940800018310546875e+02,5.236240005493164062e+01,4.865749835968017578e+00,2.303000000000000000e+03,0.000000000000000000e+00
9.461420000000000000e+05,9.675000000000000000e+01,5.237990951538085938e+01,4.874139785766601562e+00,1.725000000000000000e+03,0.000000000000000000e+00
9.474370000000000000e+05,8.701000213623046875e+01,5.235594940185546875e+01,4.796609878540039062e+00,6.971000000000000000e+03,0.000000000000000000e+00
9.514830000000000000e+05,1.405500030517578125e+02,5.235149002075195312e+01,4.922649860382080078e+00,2.907000000000000000e+03,0.000000000000000000e+00
9.546290000000000000e+05,7.436000061035156250e+01,5.232019042968750000e+01,4.955009937286376953e+00,7.013000000000000000e+03,0.000000000000000000e+00
9.546330000000000000e+05,7.923000335693359375e+01,5.232019042968750000e+01,4.955009937286376953e+00,7.013000000000000000e+03,0.000000000000000000e+00
9.573960000000000000e+05,2.962799987792968750e+02,5.236072921752929688e+01,4.980050086975097656e+00,5.847000000000000000e+03,0.000000000000000000e+00
9.633280000000000000e+05,9.772000122070312500e+01,5.236560821533203125e+01,4.884920120239257812e+00,1.022000000000000000e+03,0.000000000000000000e+00
9.649860000000000000e+05,3.498099975585937500e+02,5.235530853271484375e+01,4.903329849243164062e+00,1.912000000000000000e+03,0.000000000000000000e+00
9.698620000000000000e+05,9.675000000000000000e+01,5.234175872802734375e+01,4.847819805145263672e+00,4.679000000000000000e+03,0.000000000000000000e+00
9.742400000000000000e+05,8.312000274658203125e+01,5.235049057006835938e+01,4.846859931945800781e+00,4.093000000000000000e+03,0.000000000000000000e+00
9.788520000000000000e+05,3.543000030517578125e+01,5.237224960327148438e+01,4.862619876861572266e+00,2.260000000000000000e+03,0.000000000000000000e+00
9.829070000000000000e+05,1.454100036621093750e+02,5.236999893188476562e+01,4.951270103454589844e+00,3.765000000000000000e+03,0.000000000000000000e+00
9.851550000000000000e+05,1.502799987792968750e+02,5.237041854858398438e+01,4.915349960327148438e+00,1.331000000000000000e+03,0.000000000000000000e+00
9.873550000000000000e+05,8.506999969482421875e+01,5.237485885620117188e+01,4.893380165100097656e+00,3.710000000000000000e+02,0.000000000000000000e+00
9.892220000000000000e+05,1.892100067138671875e+02,5.235081863403320312e+01,4.887700080871582031e+00,2.409000000000000000e+03,0.000000000000000000e+00
9.950870000000000000e+05,7.533000183105468750e+01,5.238161468505859375e+01,4.877058982849121094e+00,1.674000000000000000e+03,0.000000000000000000e+00
9.987540000000000000e+05,4.218399963378906250e+02,5.236727905273437500e+01,4.859260082244873047e+00,2.540000000000000000e+03,0.000000000000000000e+00
9.988220000000000000e+05,1.531999969482421875e+02,5.236429977416992188e+01,4.895329952239990234e+00,8.460000000000000000e+02,0.000000000000000000e+00
1.005695000000000000e+06,1.298399963378906250e+02,5.235781097412109375e+01,4.910270214080810547e+00,1.846000000000000000e+03,0.000000000000000000e+00
1.008006000000000000e+06,1.240000000000000000e+02,5.237997817993164062e+01,4.869589805603027344e+00,1.999000000000000000e+03,0.000000000000000000e+00
1.008223000000000000e+06,6.948999786376953125e+01,5.236368942260742188e+01,4.838610172271728516e+00,3.995000000000000000e+03,0.000000000000000000e+00
1.018639000000000000e+06,1.366499938964843750e+02,5.236180877685546875e+01,4.887829780578613281e+00,1.249000000000000000e+03,0.000000000000000000e+00
1.018703000000000000e+06,1.094000015258789062e+02,5.235099029541015625e+01,4.886627197265625000e+00,2.409000000000000000e+03,0.000000000000000000e+00
1.020477000000000000e+06,3.030899963378906250e+02,5.237810897827148438e+01,4.891960144042968750e+00,7.410000000000000000e+02,0.000000000000000000e+00
1.021538000000000000e+06,2.466399993896484375e+02,5.235166168212890625e+01,4.838930130004882812e+00,4.475000000000000000e+03,0.000000000000000000e+00
1.025482000000000000e+06,1.094000015258789062e+02,5.238354873657226562e+01,4.909510135650634766e+00,1.591000000000000000e+03,0.000000000000000000e+00
1.036888000000000000e+06,1.483300018310546875e+02,5.238623809814453125e+01,4.872439861297607422e+00,2.253000000000000000e+03,0.000000000000000000e+00
1.037485000000000000e+06,2.914100036621093750e+02,5.236925888061523438e+01,4.869969844818115234e+00,1.785000000000000000e+03,0.000000000000000000e+00
1.038120000000000000e+06,9.289400024414062500e+02,5.238864898681640625e+01,4.883920192718505859e+00,2.032000000000000000e+03,0.000000000000000000e+00
1.041309000000000000e+06,1.434700012207031250e+02,5.235430145263671875e+01,4.881030082702636719e+00,2.202000000000000000e+03,0.000000000000000000e+00
1.044448000000000000e+06,6.369400024414062500e+02,5.236376953125000000e+01,4.917880058288574219e+00,1.745000000000000000e+03,0.000000000000000000e+00
1.044452000000000000e+06,1.502799987792968750e+02,5.238911819458007812e+01,4.879069805145263672e+00,2.230000000000000000e+03,0.000000000000000000e+00
1.055703000000000000e+06,2.875199890136718750e+02,5.236051177978515625e+01,4.864510059356689453e+00,2.479000000000000000e+03,0.000000000000000000e+00
1.057494000000000000e+06,8.019999694824218750e+01,5.234746170043945312e+01,4.875589847564697266e+00,3.047000000000000000e+03,0.000000000000000000e+00
1.058082000000000000e+06,3.858299865722656250e+02,5.236323928833007812e+01,4.867899894714355469e+00,2.131000000000000000e+03,0.000000000000000000e+00
1.064108000000000000e+06,1.006399993896484375e+02,5.238301849365234375e+01,4.886899948120117188e+00,1.379000000000000000e+03,0.000000000000000000e+00
1.068565000000000000e+06,1.356799926757812500e+02,5.236064147949218750e+01,4.976429939270019531e+00,5.609000000000000000e+03,0.000000000000000000e+00
1.069142000000000000e+06,1.853200073242187500e+02,5.237228012084960938e+01,4.896679878234863281e+00,6.800000000000000000e+01,0.000000000000000000e+00
1.071414000000000000e+06,1.882400054931640625e+02,5.235763931274414062e+01,4.906700134277343750e+00,1.747000000000000000e+03,0.000000000000000000e+00
1.072171000000000000e+06,1.084300003051757812e+02,5.237728881835937500e+01,4.860529899597167969e+00,2.475000000000000000e+03,0.000000000000000000e+00
1.085099000000000000e+06,1.989499969482421875e+02,5.237839126586914062e+01,4.848529815673828125e+00,3.296000000000000000e+03,0.000000000000000000e+00
1.086763000000000000e+06,1.911600036621093750e+02,5.236256027221679688e+01,4.898089885711669922e+00,1.049000000000000000e+03,0.000000000000000000e+00
1.086795000000000000e+06,1.921300048828125000e+02,5.236217880249023438e+01,4.897679805755615234e+00,1.088000000000000000e+03,0.000000000000000000e+00
1.088859000000000000e+06,1.113499984741210938e+02,5.236687850952148438e+01,4.876840114593505859e+00,1.409000000000000000e+03,0.000000000000000000e+00
1.095819000000000000e+06,1.794799957275390625e+02,5.235696029663085938e+01,4.929709911346435547e+00,2.834000000000000000e+03,0.000000000000000000e+00
1.100569000000000000e+06,8.215000152587890625e+01,5.235622024536132812e+01,4.795440196990966797e+00,7.040000000000000000e+03,0.000000000000000000e+00
1.102846000000000000e+06,1.794799957275390625e+02,5.236473846435546875e+01,4.902729988098144531e+00,9.210000000000000000e+02,0.000000000000000000e+00
1.104125000000000000e+06,1.259499969482421875e+02,5.236603164672851562e+01,4.868330001831054688e+00,1.982000000000000000e+03,0.000000000000000000e+00
1.105128000000000000e+06,1.502799987792968750e+02,5.237308883666992188e+01,4.908450126647949219e+00,8.620000000000000000e+02,0.000000000000000000e+00
1.105924000000000000e+06,2.476100006103515625e+02,5.235338973999023438e+01,4.942369937896728516e+00,3.767000000000000000e+03,0.000000000000000000e+00
1.106466000000000000e+06,4.418999862670898438e+01,5.230572891235351562e+01,5.014709949493408203e+00,1.092200000000000000e+04,0.000000000000000000e+00
1.113862000000000000e+06,8.701000213623046875e+01,5.235174179077148438e+01,4.897009849548339844e+00,2.243000000000000000e+03,0.000000000000000000e+00
1.116446000000000000e+06,7.630999755859375000e+01,5.237871170043945312e+01,4.846879959106445312e+00,3.413000000000000000e+03,0.000000000000000000e+00
1.120077000000000000e+06,2.836300048828125000e+02,5.237784194946289062e+01,4.861779212951660156e+00,2.409000000000000000e+03,0.000000000000000000e+00
1.132247000000000000e+06,3.206099853515625000e+02,5.239054107666015625e+01,4.888860225677490234e+00,2.127000000000000000e+03,0.000000000000000000e+00
1.145140000000000000e+06,1.035599975585937500e+02,5.235369873046875000e+01,4.886320114135742188e+00,2.126000000000000000e+03,0.000000000000000000e+00
1.145866000000000000e+06,8.701000213623046875e+01,5.237802124023437500e+01,4.845129966735839844e+00,3.513000000000000000e+03,0.000000000000000000e+00
1.149380000000000000e+06,5.781000137329101562e+01,5.231774139404296875e+01,4.946469783782958984e+00,6.933000000000000000e+03,0.000000000000000000e+00
1.149694000000000000e+06,7.727999877929687500e+01,5.238230895996093750e+01,4.848659992218017578e+00,3.409000000000000000e+03,0.000000000000000000e+00
1.155251000000000000e+06,1.356799926757812500e+02,5.238294982910156250e+01,4.888539791107177734e+00,1.327000000000000000e+03,0.000000000000000000e+00
1.155386000000000000e+06,1.006399993896484375e+02,5.234226989746093750e+01,4.912169933319091797e+00,3.475000000000000000e+03,0.000000000000000000e+00
1.156220000000000000e+06,2.962799987792968750e+02,5.236874008178710938e+01,4.866930007934570312e+00,1.998000000000000000e+03,0.000000000000000000e+00
1.158662000000000000e+06,2.816799926757812500e+02,5.236042022705078125e+01,4.861609935760498047e+00,2.655000000000000000e+03,0.000000000000000000e+00
1.162769000000000000e+06,2.914100036621093750e+02,5.235823059082031250e+01,4.920350074768066406e+00,2.251000000000000000e+03,0.000000000000000000e+00
1.174506000000000000e+06,1.210800018310546875e+02,5.235042953491210938e+01,4.900790214538574219e+00,2.410000000000000000e+03,0.000000000000000000e+00
1.182421000000000000e+06,9.187999725341796875e+01,5.239258956909179688e+01,4.915649890899658203e+00,2.663000000000000000e+03,0.000000000000000000e+00
1.195666000000000000e+06,3.799899902343750000e+02,5.236500930786132812e+01,4.879179954528808594e+00,1.369000000000000000e+03,0.000000000000000000e+00
1.196088000000000000e+06,1.493099975585937500e+02,5.238827133178710938e+01,4.946169853210449219e+00,3.867000000000000000e+03,0.000000000000000000e+00
1.201952000000000000e+06,8.215000152587890625e+01,5.236389923095703125e+01,4.938169956207275391e+00,3.005000000000000000e+03,0.000000000000000000e+00
1.223171000000000000e+06,1.084300003051757812e+02,5.236708831787109375e+01,4.863511085510253906e+00,2.263000000000000000e+03,0.000000000000000000e+00
1.224695000000000000e+06,1.502799987792968750e+02,5.237005996704101562e+01,4.858530044555664062e+00,2.545000000000000000e+03,0.000000000000000000e+00
1.225622000000000000e+06,1.600099945068359375e+02,5.235935974121093750e+01,4.860010147094726562e+00,2.808000000000000000e+03,0.000000000000000000e+00
1.232048000000000000e+06,8.408999633789062500e+01,5.238417816162109375e+01,4.907790184020996094e+00,1.586000000000000000e+03,0.000000000000000000e+00
1.236227000000000000e+06,4.267099914550781250e+02,5.236645889282226562e+01,4.882349967956542969e+00,1.101000000000000000e+03,0.000000000000000000e+00
1.246242000000000000e+06,2.953099975585937500e+02,5.239237976074218750e+01,4.928989887237548828e+00,3.199000000000000000e+03,0.000000000000000000e+00
1.250364000000000000e+06,2.573500061035156250e+02,5.235263061523437500e+01,4.890930175781250000e+00,2.169000000000000000e+03,0.000000000000000000e+00
1.250716000000000000e+06,1.794799957275390625e+02,5.236647033691406250e+01,4.851379871368408203e+00,3.082000000000000000e+03,0.000000000000000000e+00
1.260229000000000000e+06,1.892100067138671875e+02,5.238299942016601562e+01,4.891610145568847656e+00,1.268000000000000000e+03,0.000000000000000000e+00
1.267645000000000000e+06,2.476100006103515625e+02,5.236688995361328125e+01,4.918089866638183594e+00,1.606000000000000000e+03,0.000000000000000000e+00
1.271700000000000000e+06,2.962799987792968750e+02,5.236061859130859375e+01,4.869009971618652344e+00,2.215000000000000000e+03,0.000000000000000000e+00
1.272352000000000000e+06,1.278899993896484375e+02,5.237537002563476562e+01,4.860189914703369141e+00,2.455000000000000000e+03,0.000000000000000000e+00
1.291054000000000000e+06,8.312000274658203125e+01,5.242396926879882812e+01,4.888639926910400391e+00,5.811000000000000000e+03,0.000000000000000000e+00
1.311373000000000000e+06,2.768099975585937500e+02,5.237107849121093750e+01,4.873889923095703125e+00,1.497000000000000000e+03,0.000000000000000000e+00
1.315392000000000000e+06,1.405500030517578125e+02,5.238122940063476562e+01,4.886189937591552734e+00,1.229000000000000000e+03,0.000000000000000000e+00
1.316990000000000000e+06,1.950500030517578125e+02,5.238145065307617188e+01,4.884900093078613281e+00,1.298000000000000000e+03,0.000000000000000000e+00
1.320353000000000000e+06,1.113499984741210938e+02,5.238150024414062500e+01,4.885379791259765625e+00,1.284000000000000000e+03,0.000000000000000000e+00
1.320438000000000000e+06,1.259499969482421875e+02,5.238140106201171875e+01,4.885529994964599609e+00,1.270000000000000000e+03,0.000000000000000000e+00
1.321735000000000000e+06,1.600099945068359375e+02,5.238294982910156250e+01,4.887650012969970703e+00,1.350000000000000000e+03,0.000000000000000000e+00
1.323521000000000000e+06,1.746100006103515625e+02,5.237638854980468750e+01,4.876369953155517578e+00,1.417000000000000000e+03,0.000000000000000000e+00
1.328500000000000000e+06,3.936099853515625000e+02,5.236870956420898438e+01,4.872069835662841797e+00,1.656000000000000000e+03,0.000000000000000000e+00
1.331157000000000000e+06,1.921300048828125000e+02,5.234860992431640625e+01,5.007840156555175781e+00,8.030000000000000000e+03,0.000000000000000000e+00
1.338064000000000000e+06,6.656999969482421875e+01,5.235937881469726562e+01,4.936180114746093750e+00,3.069000000000000000e+03,0.000000000000000000e+00
1.338633000000000000e+06,6.170999908447265625e+01,5.239318847656250000e+01,4.943500041961669922e+00,4.005000000000000000e+03,0.000000000000000000e+00
1.350096000000000000e+06,1.162099990844726562e+02,5.235718917846679688e+01,4.921929836273193359e+00,2.408000000000000000e+03,0.000000000000000000e+00
1.350246000000000000e+06,8.116999816894531250e+01,5.235718917846679688e+01,4.921929836273193359e+00,2.408000000000000000e+03,0.000000000000000000e+00
1.354077000000000000e+06,1.356799926757812500e+02,5.237141036987304688e+01,4.903530120849609375e+00,5.210000000000000000e+02,0.000000000000000000e+00
1.355777000000000000e+06,4.481199951171875000e+02,5.236494827270507812e+01,4.873670101165771484e+00,1.696000000000000000e+03,0.000000000000000000e+00
1.358042000000000000e+06,7.727999877929687500e+01,5.238090133666992188e+01,4.965219974517822266e+00,4.811000000000000000e+03,0.000000000000000000e+00
1.364013000000000000e+06,1.123199996948242188e+02,5.236054992675781250e+01,4.853199958801269531e+00,3.162000000000000000e+03,0.000000000000000000e+00
1.366058000000000000e+06,1.590399932861328125e+02,5.238294982910156250e+01,4.915200233459472656e+00,1.796000000000000000e+03,0.000000000000000000e+00
1.375601000000000000e+06,1.862899932861328125e+02,5.236103820800781250e+01,4.857779979705810547e+00,2.856000000000000000e+03,0.000000000000000000e+00
1.375612000000000000e+06,7.923000335693359375e+01,5.239508056640625000e+01,4.991859912872314453e+00,7.004000000000000000e+03,0.000000000000000000e+00
1.377662000000000000e+06,7.630999755859375000e+01,5.237704086303710938e+01,4.846059799194335938e+00,3.431000000000000000e+03,0.000000000000000000e+00
1.378074000000000000e+06,1.502799987792968750e+02,5.236101150512695312e+01,4.890419960021972656e+00,1.266000000000000000e+03,0.000000000000000000e+00
1.383369000000000000e+06,1.016100006103515625e+02,5.238069152832031250e+01,4.868259906768798828e+00,2.116000000000000000e+03,0.000000000000000000e+00
1.383494000000000000e+06,6.268000030517578125e+01,5.236482238769531250e+01,4.933250427246093750e+00,2.655000000000000000e+03,0.000000000000000000e+00
1.394668000000000000e+06,8.993000030517578125e+01,5.237154006958007812e+01,4.852000236511230469e+00,2.981000000000000000e+03,0.000000000000000000e+00
1.397317000000000000e+06,1.853200073242187500e+02,5.235781097412109375e+01,4.905290126800537109e+00,1.691000000000000000e+03,0.000000000000000000e+00
1.398007000000000000e+06,2.184100036621093750e+02,5.238919067382812500e+01,4.888460159301757812e+00,1.988000000000000000e+03,0.000000000000000000e+00
1.402541000000000000e+06,8.993000030517578125e+01,5.236540985107421875e+01,4.924809932708740234e+00,2.091000000000000000e+03,0.000000000000000000e+00
1.408035000000000000e+06,5.295000076293945312e+01,5.234254837036132812e+01,4.805779933929443359e+00,6.936000000000000000e+03,0.000000000000000000e+00
1.427610000000000000e+06,1.016100006103515625e+02,5.238277053833007812e+01,4.803510189056396484e+00,6.387000000000000000e+03,0.000000000000000000e+00
1.429701000000000000e+06,1.356799926757812500e+02,5.238597869873046875e+01,4.891640186309814453e+00,1.592000000000000000e+03,0.000000000000000000e+00
1.432378000000000000e+06,1.502799987792968750e+02,5.236238861083984375e+01,4.862020015716552734e+00,2.532000000000000000e+03,0.000000000000000000e+00
1.447217000000000000e+06,5.391999816894531250e+01,5.237591171264648438e+01,4.847899913787841797e+00,3.289000000000000000e+03,0.000000000000000000e+00
1.454784000000000000e+06,2.962799987792968750e+02,5.235229110717773438e+01,4.891049861907958984e+00,2.205000000000000000e+03,0.000000000000000000e+00
1.468473000000000000e+06,1.210800018310546875e+02,5.237562942504882812e+01,4.850140094757080078e+00,3.134000000000000000e+03,0.000000000000000000e+00
1.482038000000000000e+06,1.551499938964843750e+02,5.237937927246093750e+01,4.890359878540039062e+00,9.130000000000000000e+02,0.000000000000000000e+00
1.482851000000000000e+06,1.395700073242187500e+02,5.237992858886718750e+01,4.868299961090087891e+00,2.075000000000000000e+03,0.000000000000000000e+00
1.484957000000000000e+06,2.261999969482421875e+02,5.235102081298828125e+01,4.890629768371582031e+00,2.349000000000000000e+03,0.000000000000000000e+00
1.511360000000000000e+06,1.551499938964843750e+02,5.236029815673828125e+01,4.866919994354248047e+00,2.353000000000000000e+03,0.000000000000000000e+00
1.514368000000000000e+06,2.787600097656250000e+02,5.236128616333007812e+01,4.893264770507812500e+00,1.194000000000000000e+03,0.000000000000000000e+00
1.517398000000000000e+06,1.230299987792968750e+02,5.238459014892578125e+01,4.880579948425292969e+00,1.753000000000000000e+03,0.000000000000000000e+00
1.523635000000000000e+06,1.201100006103515625e+02,5.237004089355468750e+01,4.885009765625000000e+00,7.680000000000000000e+02,0.000000000000000000e+00
1.524993000000000000e+06,1.940800018310546875e+02,5.237638092041015625e+01,4.882170200347900391e+00,1.057000000000000000e+03,0.000000000000000000e+00
1.533103000000000000e+06,2.476100006103515625e+02,5.237942886352539062e+01,4.870309829711914062e+00,1.928000000000000000e+03,0.000000000000000000e+00
1.534317000000000000e+06,8.408999633789062500e+01,5.238399124145507812e+01,4.835830211639404297e+00,4.293000000000000000e+03,0.000000000000000000e+00
1.558627000000000000e+06,2.816799926757812500e+02,5.234809875488281250e+01,4.859039783477783203e+00,3.643000000000000000e+03,0.000000000000000000e+00
1.561264000000000000e+06,7.727999877929687500e+01,5.236251831054687500e+01,4.949619770050048828e+00,3.794000000000000000e+03,0.000000000000000000e+00
1.566348000000000000e+06,1.045299987792968750e+02,5.236991882324218750e+01,4.853789806365966797e+00,2.867000000000000000e+03,0.000000000000000000e+00
1.568669000000000000e+06,1.064800033569335938e+02,5.234336090087890625e+01,4.922699928283691406e+00,3.658000000000000000e+03,0.000000000000000000e+00
1.570315000000000000e+06,1.269199981689453125e+02,5.237015914916992188e+01,4.885000228881835938e+00,7.650000000000000000e+02,0.000000000000000000e+00
1.580186000000000000e+06,2.962799987792968750e+02,5.237979888916015625e+01,4.887259960174560547e+00,1.056000000000000000e+03,0.000000000000000000e+00
1.586071000000000000e+06,4.808000183105468750e+01,5.238249969482421875e+01,4.856450080871582031e+00,2.926000000000000000e+03,0.000000000000000000e+00
1.601408000000000000e+06,4.286499938964843750e+02,5.235520172119140625e+01,4.891610145568847656e+00,1.879000000000000000e+03,0.000000000000000000e+00
1.603630000000000000e+06,2.962799987792968750e+02,5.237886047363281250e+01,4.887229919433593750e+00,9.720000000000000000e+02,0.000000000000000000e+00
1.603794000000000000e+06,1.531999969482421875e+02,5.237633132934570312e+01,4.892590045928955078e+00,5.420000000000000000e+02,0.000000000000000000e+00
1.605387000000000000e+06,5.295000076293945312e+01,5.236333084106445312e+01,4.938459873199462891e+00,3.043000000000000000e+03,0.000000000000000000e+00
1.620658000000000000e+06,1.259499969482421875e+02,5.234933090209960938e+01,4.913139820098876953e+00,2.769000000000000000e+03,0.000000000000000000e+00
1.630438000000000000e+06,9.187999725341796875e+01,5.234291839599609375e+01,4.894450187683105469e+00,3.224000000000000000e+03,0.000000000000000000e+00
1.630603000000000000e+06,8.312000274658203125e+01,5.234735870361328125e+01,4.875460147857666016e+00,3.061000000000000000e+03,0.000000000000000000e+00
1.631878000000000000e+06,4.666099853515625000e+02,5.236079025268554688e+01,4.882979869842529297e+00,1.515000000000000000e+03,0.000000000000000000e+00
1.633234000000000000e+06,5.391999816894531250e+01,5.236566162109375000e+01,4.877170085906982422e+00,1.448000000000000000e+03,0.000000000000000000e+00
1.639387000000000000e+06,1.162099990844726562e+02,5.237073898315429688e+01,4.952859878540039062e+00,3.869000000000000000e+03,0.000000000000000000e+00
1.645011000000000000e+06,3.906900024414062500e+02,5.236063003540039062e+01,4.892409801483154297e+00,1.275000000000000000e+03,0.000000000000000000e+00
1.649932000000000000e+06,1.259499969482421875e+02,5.236307144165039062e+01,4.897089958190917969e+00,9.850000000000000000e+02,0.000000000000000000e+00
1.657879000000000000e+06,1.201100006103515625e+02,5.235810852050781250e+01,4.857069969177246094e+00,3.050000000000000000e+03,0.000000000000000000e+00
1.658094000000000000e+06,1.551499938964843750e+02,5.236645126342773438e+01,4.855629920959472656e+00,2.800000000000000000e+03,0.000000000000000000e+00
1.662676000000000000e+06,1.016100006103515625e+02,5.237976074218750000e+01,4.882929801940917969e+00,1.241000000000000000e+03,0.000000000000000000e+00
1.677381000000000000e+06,1.298399963378906250e+02,5.237979888916015625e+01,4.890580177307128906e+00,9.500000000000000000e+02,0.000000000000000000e+00
1.681041000000000000e+06,1.989499969482421875e+02,5.235466003417968750e+01,4.884640216827392578e+00,2.064000000000000000e+03,0.000000000000000000e+00
1.694534000000000000e+06,2.184100036621093750e+02,5.234173965454101562e+01,4.903960227966308594e+00,3.398000000000000000e+03,0.000000000000000000e+00
1.708244000000000000e+06,8.116999816894531250e+01,5.240792846679687500e+01,4.902639865875244141e+00,4.032000000000000000e+03,0.000000000000000000e+00
1.708637000000000000e+06,8.604000091552734375e+01,5.235427856445312500e+01,4.900050163269042969e+00,1.979000000000000000e+03,0.000000000000000000e+00
1.713147000000000000e+06,2.953099975585937500e+02,5.233916854858398438e+01,4.896329879760742188e+00,3.640000000000000000e+03,0.000000000000000000e+00
1.713474000000000000e+06,1.152399978637695312e+02,5.236262130737304688e+01,4.861740112304687500e+00,2.538000000000000000e+03,0.000000000000000000e+00
1.723463000000000000e+06,1.989499969482421875e+02,5.235316848754882812e+01,4.938059806823730469e+00,3.540000000000000000e+03,0.000000000000000000e+00
1.727103000000000000e+06,1.746100006103515625e+02,5.234006881713867188e+01,4.911930084228515625e+00,3.703000000000000000e+03,0.000000000000000000e+00
1.731246000000000000e+06,2.700000000000000000e+02,5.235345077514648438e+01,4.890369892120361328e+00,2.085000000000000000e+03,0.000000000000000000e+00
1.733772000000000000e+06,1.794799957275390625e+02,5.238771820068359375e+01,4.939330101013183594e+00,3.433000000000000000e+03,0.000000000000000000e+00
1.734564000000000000e+06,2.271699981689453125e+02,5.237318038940429688e+01,4.888860225677490234e+00,4.990000000000000000e+02,0.000000000000000000e+00
1.734582000000000000e+06,1.512500000000000000e+02,5.237380981445312500e+01,4.857610225677490234e+00,2.608000000000000000e+03,0.000000000000000000e+00
1.734769000000000000e+06,2.427500000000000000e+02,5.237345886230468750e+01,4.834489822387695312e+00,4.173000000000000000e+03,0.000000000000000000e+00
1.766570000000000000e+06,3.274299926757812500e+02,5.236429977416992188e+01,4.888669967651367188e+00,9.770000000000000000e+02,0.000000000000000000e+00
1.767048000000000000e+06,1.794799957275390625e+02,5.237271881103515625e+01,4.849850177764892578e+00,3.128000000000000000e+03,0.000000000000000000e+00
1.771760000000000000e+06,8.408999633789062500e+01,5.238277816772460938e+01,4.852540016174316406e+00,3.182000000000000000e+03,0.000000000000000000e+00
1.783438000000000000e+06,1.201100006103515625e+02,5.234336090087890625e+01,4.904789924621582031e+00,3.230000000000000000e+03,0.000000000000000000e+00
1.786144000000000000e+06,1.308099975585937500e+02,5.237086868286132812e+01,4.910140037536621094e+00,9.740000000000000000e+02,0.000000000000000000e+00
1.792271000000000000e+06,1.502799987792968750e+02,5.239051055908203125e+01,4.870759963989257812e+00,2.682000000000000000e+03,0.000000000000000000e+00
1.796212000000000000e+06,8.701000213623046875e+01,5.235927963256835938e+01,4.836080074310302734e+00,4.297000000000000000e+03,0.000000000000000000e+00
1.797364000000000000e+06,1.006399993896484375e+02,5.235895919799804688e+01,4.819509983062744141e+00,5.383000000000000000e+03,0.000000000000000000e+00
1.798944000000000000e+06,6.268000030517578125e+01,5.238777923583984375e+01,4.888480186462402344e+00,1.836000000000000000e+03,0.000000000000000000e+00
1.798945000000000000e+06,3.595499877929687500e+02,5.236415863037109375e+01,4.898590087890625000e+00,8.800000000000000000e+02,0.000000000000000000e+00
1.812527000000000000e+06,1.502799987792968750e+02,5.234825134277343750e+01,4.936820030212402344e+00,3.826000000000000000e+03,0.000000000000000000e+00
1.812581000000000000e+06,3.936099853515625000e+02,5.236679077148437500e+01,4.860159873962402344e+00,2.492000000000000000e+03,0.000000000000000000e+00
1.814121000000000000e+06,1.113499984741210938e+02,5.236708831787109375e+01,4.793320178985595703e+00,6.985000000000000000e+03,0.000000000000000000e+00
1.828391000000000000e+06,1.989499969482421875e+02,5.240293884277343750e+01,4.905680179595947266e+00,3.515000000000000000e+03,0.000000000000000000e+00
1.830345000000000000e+06,3.206099853515625000e+02,5.236191940307617188e+01,4.886809825897216797e+00,1.270000000000000000e+03,0.000000000000000000e+00
1.831427000000000000e+06,1.210800018310546875e+02,5.236920166015625000e+01,4.925340175628662109e+00,2.021000000000000000e+03,0.000000000000000000e+00
1.835186000000000000e+06,6.559999847412109375e+01,5.236405944824218750e+01,4.939730167388916016e+00,3.101000000000000000e+03,0.000000000000000000e+00
1.838751000000000000e+06,1.016100006103515625e+02,5.237594985961914062e+01,4.876969814300537109e+00,1.362000000000000000e+03,0.000000000000000000e+00
1.845443000000000000e+06,1.230299987792968750e+02,5.237380981445312500e+01,4.872960090637207031e+00,1.572000000000000000e+03,0.000000000000000000e+00
1.849795000000000000e+06,1.269199981689453125e+02,5.237290954589843750e+01,4.881239891052246094e+00,1.002000000000000000e+03,0.000000000000000000e+00
1.859255000000000000e+06,1.006399993896484375e+02,5.235895919799804688e+01,4.819509983062744141e+00,5.383000000000000000e+03,0.000000000000000000e+00
1.863996000000000000e+06,7.727999877929687500e+01,5.238323974609375000e+01,4.855730056762695312e+00,3.004000000000000000e+03,0.000000000000000000e+00
1.886198000000000000e+06,1.551499938964843750e+02,5.235977172851562500e+01,4.909359931945800781e+00,1.629000000000000000e+03,0.000000000000000000e+00
1.892532000000000000e+06,1.697500000000000000e+02,5.236095046997070312e+01,4.929860115051269531e+00,2.607000000000000000e+03,0.000000000000000000e+00
1.894944000000000000e+06,5.746500244140625000e+02,5.235581970214843750e+01,4.891719818115234375e+00,1.810000000000000000e+03,0.000000000000000000e+00
1.901845000000000000e+06,1.940800018310546875e+02,5.235895919799804688e+01,4.819509983062744141e+00,5.383000000000000000e+03,0.000000000000000000e+00
1.901877000000000000e+06,1.064800033569335938e+02,5.237099838256835938e+01,4.887310028076171875e+00,5.920000000000000000e+02,0.000000000000000000e+00
1.911182000000000000e+06,1.025899963378906250e+02,5.236373138427734375e+01,4.933060169219970703e+00,2.681000000000000000e+03,0.000000000000000000e+00
1.912704000000000000e+06,1.794799957275390625e+02,5.236991119384765625e+01,4.887169837951660156e+00,6.330000000000000000e+02,0.000000000000000000e+00
1.919184000000000000e+06,2.953099975585937500e+02,5.236676025390625000e+01,4.862850189208984375e+00,2.315000000000000000e+03,0.000000000000000000e+00
1.924485000000000000e+06,9.675000000000000000e+01,5.235593032836914062e+01,4.892079830169677734e+00,1.794000000000000000e+03,0.000000000000000000e+00
1.926792000000000000e+06,1.989499969482421875e+02,5.235670089721679688e+01,4.889830112457275391e+00,1.739000000000000000e+03,0.000000000000000000e+00
1.927634000000000000e+06,4.734299926757812500e+02,5.236806869506835938e+01,4.934490203857421875e+00,2.654000000000000000e+03,0.000000000000000000e+00
1.928474000000000000e+06,1.308099975585937500e+02,5.240689849853515625e+01,4.901679992675781250e+00,3.912000000000000000e+03,0.000000000000000000e+00
1.929777000000000000e+06,2.281499938964843750e+02,5.234383010864257812e+01,4.892730236053466797e+00,3.128000000000000000e+03,0.000000000000000000e+00
1.937458000000000000e+06,1.843500061035156250e+02,5.238393020629882812e+01,4.849770069122314453e+00,3.405000000000000000e+03,0.000000000000000000e+00
1.937894000000000000e+06,2.865499877929687500e+02,5.237923049926757812e+01,4.883880138397216797e+00,1.153000000000000000e+03,0.000000000000000000e+00
1.938510000000000000e+06,2.680499877929687500e+02,5.236407089233398438e+01,4.941689968109130859e+00,3.228000000000000000e+03,0.000000000000000000e+00
1.943465000000000000e+06,1.493099975585937500e+02,5.236603164672851562e+01,4.868979930877685547e+00,1.941000000000000000e+03,0.000000000000000000e+00
1.954182000000000000e+06,1.502799987792968750e+02,5.236983871459960938e+01,4.872129917144775391e+00,1.630000000000000000e+03,0.000000000000000000e+00
1.954308000000000000e+06,1.308099975585937500e+02,5.237483978271484375e+01,4.860960006713867188e+00,2.394000000000000000e+03,0.000000000000000000e+00
1.957337000000000000e+06,2.719500122070312500e+02,5.235818099975585938e+01,4.919589996337890625e+00,2.217000000000000000e+03,0.000000000000000000e+00
1.959340000000000000e+06,2.680499877929687500e+02,5.237704849243164062e+01,4.940460205078125000e+00,3.079000000000000000e+03,0.000000000000000000e+00
1.964479000000000000e+06,3.449500122070312500e+02,5.238745117187500000e+01,4.919720172882080078e+00,2.367000000000000000e+03,0.000000000000000000e+00
1.977828000000000000e+06,7.727999877929687500e+01,5.237567138671875000e+01,4.855329990386962891e+00,2.786000000000000000e+03,0.000000000000000000e+00
1.983071000000000000e+06,1.162099990844726562e+02,5.235095977783203125e+01,4.893360137939453125e+00,2.335000000000000000e+03,0.000000000000000000e+00
2.005996000000000000e+06,9.966999816894531250e+01,5.236137008666992188e+01,4.866499900817871094e+00,2.314000000000000000e+03,0.000000000000000000e+00
2.015074000000000000e+06,1.356799926757812500e+02,5.235538864135742188e+01,4.887579917907714844e+00,1.921000000000000000e+03,0.000000000000000000e+00
2.016153000000000000e+06,1.298399963378906250e+02,5.235808181762695312e+01,4.891009807586669922e+00,1.572000000000000000e+03,0.000000000000000000e+00
2.018017000000000000e+06,1.006399993896484375e+02,5.237125015258789062e+01,4.905290126800537109e+00,6.420000000000000000e+02,0.000000000000000000e+00
2.023961000000000000e+06,1.152399978637695312e+02,5.238232040405273438e+01,4.886040210723876953e+00,1.338000000000000000e+03,0.000000000000000000e+00
2.047730000000000000e+06,7.727999877929687500e+01,5.234270858764648438e+01,4.924849987030029297e+00,3.795000000000000000e+03,0.000000000000000000e+00
2.065321000000000000e+06,1.697500000000000000e+02,5.235042190551757812e+01,4.892199993133544922e+00,2.401000000000000000e+03,0.000000000000000000e+00
2.070211000000000000e+06,1.989499969482421875e+02,5.234975814819335938e+01,4.849080085754394531e+00,4.021000000000000000e+03,0.000000000000000000e+00
2.074047000000000000e+06,1.843500061035156250e+02,5.237292098999023438e+01,4.872250080108642578e+00,1.610000000000000000e+03,0.000000000000000000e+00
2.080040000000000000e+06,1.347100067138671875e+02,5.235327148437500000e+01,4.847330093383789062e+00,3.894000000000000000e+03,0.000000000000000000e+00
2.080427000000000000e+06,1.035599975585937500e+02,5.235219955444335938e+01,4.914840221405029297e+00,2.540000000000000000e+03,0.000000000000000000e+00
2.084758000000000000e+06,1.162099990844726562e+02,5.235150909423828125e+01,4.888810157775878906e+00,2.318000000000000000e+03,0.000000000000000000e+00
2.088011000000000000e+06,1.502799987792968750e+02,5.236135864257812500e+01,4.928170204162597656e+00,2.485000000000000000e+03,0.000000000000000000e+00
2.090727000000000000e+06,1.113499984741210938e+02,5.235155105590820312e+01,4.891789913177490234e+00,2.280000000000000000e+03,0.000000000000000000e+00
2.091152000000000000e+06,9.187999725341796875e+01,5.235194015502929688e+01,4.904819965362548828e+00,2.300000000000000000e+03,0.000000000000000000e+00
2.097548000000000000e+06,1.502799987792968750e+02,5.240325164794921875e+01,4.919539928436279297e+00,3.838000000000000000e+03,0.000000000000000000e+00
2.116479000000000000e+06,1.259499969482421875e+02,5.237957000732421875e+01,4.868450164794921875e+00,2.049000000000000000e+03,0.000000000000000000e+00
2.116719000000000000e+06,2.038099975585937500e+02,5.239144897460937500e+01,4.928999900817871094e+00,3.126000000000000000e+03,0.000000000000000000e+00
2.144304000000000000e+06,4.578500061035156250e+02,5.235289001464843750e+01,4.877309799194335938e+00,2.462000000000000000e+03,0.000000000000000000e+00
2.144308000000000000e+06,9.187999725341796875e+01,5.241278076171875000e+01,4.919169902801513672e+00,4.812000000000000000e+03,0.000000000000000000e+00
2.148417000000000000e+06,1.892100067138671875e+02,5.237429046630859375e+01,4.862679958343505859e+00,2.271000000000000000e+03,0.000000000000000000e+00
2.174398000000000000e+06,1.502799987792968750e+02,5.238994979858398438e+01,4.872600078582763672e+00,2.555000000000000000e+03,0.000000000000000000e+00
2.174515000000000000e+06,1.746100006103515625e+02,5.237847137451171875e+01,4.884749889373779297e+00,1.052000000000000000e+03,0.000000000000000000e+00
2.175600000000000000e+06,1.794799957275390625e+02,5.235469055175781250e+01,4.856629848480224609e+00,3.282000000000000000e+03,0.000000000000000000e+00
2.207534000000000000e+06,1.259499969482421875e+02,5.238967895507812500e+01,4.887989997863769531e+00,2.049000000000000000e+03,0.000000000000000000e+00
2.211896000000000000e+06,9.772000122070312500e+01,5.235197830200195312e+01,4.905310153961181641e+00,2.305000000000000000e+03,0.000000000000000000e+00
2.224903000000000000e+06,2.232799987792968750e+02,5.235639190673828125e+01,4.915959835052490234e+00,2.197000000000000000e+03,0.000000000000000000e+00
2.235666000000000000e+06,1.600099945068359375e+02,5.239332962036132812e+01,4.913579940795898438e+00,2.668000000000000000e+03,0.000000000000000000e+00
2.235708000000000000e+06,1.395700073242187500e+02,5.235441970825195312e+01,4.898769855499267578e+00,1.953000000000000000e+03,0.000000000000000000e+00
2.255109000000000000e+06,2.291199951171875000e+02,5.237155914306640625e+01,4.943799972534179688e+00,3.252000000000000000e+03,0.000000000000000000e+00
2.272303000000000000e+06,3.245100097656250000e+02,5.235488891601562500e+01,4.897389888763427734e+00,1.894000000000000000e+03,0.000000000000000000e+00
2.344785000000000000e+06,2.378800048828125000e+02,5.236629867553710938e+01,4.877689838409423828e+00,1.384000000000000000e+03,0.000000000000000000e+00
2.353432000000000000e+06,1.502799987792968750e+02,5.239463043212890625e+01,4.933469772338867188e+00,3.590000000000000000e+03,0.000000000000000000e+00
2.368869000000000000e+06,2.476100006103515625e+02,5.238428115844726562e+01,4.886360168457031250e+00,1.522000000000000000e+03,0.000000000000000000e+00
2.376883000000000000e+06,1.785099945068359375e+02,5.238351058959960938e+01,4.883679866790771484e+00,1.535000000000000000e+03,0.000000000000000000e+00
2.384332000000000000e+06,2.962799987792968750e+02,5.236692810058593750e+01,4.885220050811767578e+00,9.120000000000000000e+02,0.000000000000000000e+00
2.388275000000000000e+06,2.476100006103515625e+02,5.236555862426757812e+01,4.850739955902099609e+00,3.146000000000000000e+03,0.000000000000000000e+00
2.400486000000000000e+06,1.308099975585937500e+02,5.235646057128906250e+01,4.831779956817626953e+00,4.680000000000000000e+03,0.000000000000000000e+00
2.405360000000000000e+06,1.999199981689453125e+02,5.236779022216796875e+01,4.926489830017089844e+00,2.126000000000000000e+03,0.000000000000000000e+00
2.419757000000000000e+06,1.843500061035156250e+02,5.238254928588867188e+01,4.870689868927001953e+00,2.081000000000000000e+03,0.000000000000000000e+00
2.429334000000000000e+06,1.658500061035156250e+02,5.237852859497070312e+01,4.890079975128173828e+00,8.360000000000000000e+02,0.000000000000000000e+00
2.434568000000000000e+06,2.125700073242187500e+02,5.235092163085937500e+01,4.849410057067871094e+00,3.925000000000000000e+03,0.000000000000000000e+00
2.435572000000000000e+06,1.259499969482421875e+02,5.238077545166015625e+01,4.888254165649414062e+00,1.115000000000000000e+03,0.000000000000000000e+00
2.450249000000000000e+06,3.799899902343750000e+02,5.238069915771484375e+01,4.867430210113525391e+00,2.166000000000000000e+03,0.000000000000000000e+00
2.455913000000000000e+06,2.232799987792968750e+02,5.235937118530273438e+01,4.897560119628906250e+00,1.398000000000000000e+03,0.000000000000000000e+00
2.459307000000000000e+06,1.152399978637695312e+02,5.235113143920898438e+01,4.932149887084960938e+00,3.375000000000000000e+03,0.000000000000000000e+00
2.469007000000000000e+06,3.936099853515625000e+02,5.236948013305664062e+01,4.868219852447509766e+00,1.898000000000000000e+03,0.000000000000000000e+00
2.471617000000000000e+06,1.444400024414062500e+02,5.237369155883789062e+01,4.903789997100830078e+00,5.720000000000000000e+02,0.000000000000000000e+00
2.474754000000000000e+06,2.524799957275390625e+02,5.237913894653320312e+01,4.884910106658935547e+00,1.098000000000000000e+03,0.000000000000000000e+00
2.476314000000000000e+06,1.697500000000000000e+02,5.235363006591796875e+01,4.916440010070800781e+00,2.464000000000000000e+03,0.000000000000000000e+00
2.477880000000000000e+06,9.576999664306640625e+01,5.238230133056640625e+01,4.885759830474853516e+00,1.346000000000000000e+03,0.000000000000000000e+00
2.478937000000000000e+06,1.171900024414062500e+02,5.237236022949218750e+01,4.896880149841308594e+00,8.400000000000000000e+01,0.000000000000000000e+00
2.480621000000000000e+06,9.675000000000000000e+01,5.237673950195312500e+01,4.892240047454833984e+00,5.930000000000000000e+02,0.000000000000000000e+00
2.497346000000000000e+06,1.337299957275390625e+02,5.235771942138671875e+01,4.880340099334716797e+00,1.898000000000000000e+03,0.000000000000000000e+00
2.514858000000000000e+06,8.993000030517578125e+01,5.234965133666992188e+01,4.894030094146728516e+00,2.477000000000000000e+03,0.000000000000000000e+00
2.518607000000000000e+06,1.103700027465820312e+02,5.234037017822265625e+01,4.903240203857421875e+00,3.541000000000000000e+03,0.000000000000000000e+00
2.529643000000000000e+06,1.551499938964843750e+02,5.237514877319335938e+01,4.946269989013671875e+00,3.438000000000000000e+03,0.000000000000000000e+00
2.534067000000000000e+06,1.872700042724609375e+02,5.235231018066406250e+01,4.890940189361572266e+00,2.204000000000000000e+03,0.000000000000000000e+00
2.534166000000000000e+06,6.755000305175781250e+01,5.238414001464843750e+01,4.854330062866210938e+00,3.133000000000000000e+03,0.000000000000000000e+00
2.551330000000000000e+06,1.016100006103515625e+02,5.236949920654296875e+01,4.837110042572021484e+00,4.000000000000000000e+03,0.000000000000000000e+00
2.553485000000000000e+06,3.108800048828125000e+02,5.234201049804687500e+01,4.895274162292480469e+00,3.324000000000000000e+03,0.000000000000000000e+00
2.573607000000000000e+06,1.006399993896484375e+02,5.237617111206054688e+01,4.877240180969238281e+00,1.353000000000000000e+03,0.000000000000000000e+00
2.574202000000000000e+06,2.116000061035156250e+02,5.234289169311523438e+01,4.910490036010742188e+00,3.374000000000000000e+03,0.000000000000000000e+00
2.581386000000000000e+06,2.320399932861328125e+02,5.235295867919921875e+01,4.882430076599121094e+00,2.296000000000000000e+03,0.000000000000000000e+00
2.606957000000000000e+06,3.936099853515625000e+02,5.235345077514648438e+01,4.878719806671142578e+00,2.360000000000000000e+03,0.000000000000000000e+00
2.623099000000000000e+06,1.181600036621093750e+02,5.236806869506835938e+01,4.876359939575195312e+00,1.393000000000000000e+03,0.000000000000000000e+00
2.633912000000000000e+06,1.366499938964843750e+02,5.238307952880859375e+01,4.884160041809082031e+00,1.477000000000000000e+03,0.000000000000000000e+00
2.638552000000000000e+06,8.895999908447265625e+01,5.231182098388671875e+01,5.000629901885986328e+00,9.759000000000000000e+03,0.000000000000000000e+00
2.638773000000000000e+06,2.962799987792968750e+02,5.235216140747070312e+01,4.928349971771240234e+00,3.110000000000000000e+03,0.000000000000000000e+00
2.639206000000000000e+06,9.966999816894531250e+01,5.231216812133789062e+01,4.999829769134521484e+00,9.693000000000000000e+03,0.000000000000000000e+00
2.639773000000000000e+06,1.376300048828125000e+02,5.236954879760742188e+01,4.881130218505859375e+00,1.036000000000000000e+03,0.000000000000000000e+00
2.647365000000000000e+06,9.966999816894531250e+01,5.231225967407226562e+01,4.998380184173583984e+00,9.615000000000000000e+03,0.000000000000000000e+00
2.648251000000000000e+06,1.308099975585937500e+02,5.237673187255859375e+01,4.846690177917480469e+00,3.384000000000000000e+03,0.000000000000000000e+00
2.667413000000000000e+06,2.369100036621093750e+02,5.238516998291015625e+01,4.956099987030029297e+00,4.345000000000000000e+03,0.000000000000000000e+00
2.668398000000000000e+06,1.502799987792968750e+02,5.236339950561523438e+01,4.853350162506103516e+00,3.040000000000000000e+03,0.000000000000000000e+00
2.682113000000000000e+06,2.135500030517578125e+02,5.237934875488281250e+01,4.854770183563232422e+00,2.912000000000000000e+03,0.000000000000000000e+00
2.697739000000000000e+06,2.777900085449218750e+02,5.236861038208007812e+01,4.855299949645996094e+00,2.780000000000000000e+03,0.000000000000000000e+00
2.704035000000000000e+06,2.476100006103515625e+02,5.235612106323242188e+01,4.880259990692138672e+00,2.051000000000000000e+03,0.000000000000000000e+00
2.705165000000000000e+06,4.004299926757812500e+02,5.239519119262695312e+01,4.910409927368164062e+00,2.771000000000000000e+03,0.000000000000000000e+00
2.708863000000000000e+06,2.914100036621093750e+02,5.236408996582031250e+01,4.849229812622070312e+00,3.285000000000000000e+03,0.000000000000000000e+00
2.719038000000000000e+06,1.152399978637695312e+02,5.239567184448242188e+01,5.005199909210205078e+00,7.875000000000000000e+03,0.000000000000000000e+00
2.739228000000000000e+06,8.408999633789062500e+01,5.237910842895507812e+01,4.893489837646484375e+00,8.180000000000000000e+02,0.000000000000000000e+00
2.741939000000000000e+06,1.911600036621093750e+02,5.235588073730468750e+01,4.927760124206542969e+00,2.802000000000000000e+03,0.000000000000000000e+00
2.761156000000000000e+06,5.295000076293945312e+01,5.236309051513671875e+01,4.843929767608642578e+00,3.662000000000000000e+03,0.000000000000000000e+00
2.763037000000000000e+06,1.424900054931640625e+02,5.237514114379882812e+01,4.889160156250000000e+00,5.830000000000000000e+02,0.000000000000000000e+00
2.763386000000000000e+06,5.781000137329101562e+01,5.236172866821289062e+01,4.845399856567382812e+00,3.610000000000000000e+03,0.000000000000000000e+00
2.780062000000000000e+06,1.366499938964843750e+02,5.236124038696289062e+01,4.890530109405517578e+00,1.240000000000000000e+03,0.000000000000000000e+00
2.788545000000000000e+06,1.843500061035156250e+02,5.236402130126953125e+01,4.933939933776855469e+00,2.727000000000000000e+03,0.000000000000000000e+00
2.797128000000000000e+06,1.405500030517578125e+02,5.240613174438476562e+01,4.924359798431396484e+00,4.268000000000000000e+03,0.000000000000000000e+00
2.800120000000000000e+06,1.502799987792968750e+02,5.236396789550781250e+01,4.885711193084716797e+00,1.121000000000000000e+03,0.000000000000000000e+00
2.809026000000000000e+06,2.281499938964843750e+02,5.235747909545898438e+01,4.850379943847656250e+00,3.482000000000000000e+03,0.000000000000000000e+00
2.829553000000000000e+06,1.989499969482421875e+02,5.234925842285156250e+01,4.887189865112304688e+00,2.586000000000000000e+03,0.000000000000000000e+00
2.830788000000000000e+06,1.084300003051757812e+02,5.235034942626953125e+01,4.913619995117187500e+00,2.681000000000000000e+03,0.000000000000000000e+00
2.842228000000000000e+06,8.895999908447265625e+01,5.239508056640625000e+01,4.991859912872314453e+00,7.004000000000000000e+03,0.000000000000000000e+00
2.853285000000000000e+06,1.337299957275390625e+02,5.236491012573242188e+01,4.861020088195800781e+00,2.492000000000000000e+03,0.000000000000000000e+00
2.861667000000000000e+06,1.386000061035156250e+02,5.236714172363281250e+01,4.860189914703369141e+00,2.481000000000000000e+03,0.000000000000000000e+00
2.871016000000000000e+06,1.794799957275390625e+02,5.238008880615234375e+01,4.888740062713623047e+00,1.032000000000000000e+03,0.000000000000000000e+00
2.882337000000000000e+06,1.210800018310546875e+02,5.237292098999023438e+01,4.820300102233886719e+00,5.134000000000000000e+03,0.000000000000000000e+00
2.892186000000000000e+06,1.648800048828125000e+02,5.236307144165039062e+01,4.943220138549804688e+00,3.359000000000000000e+03,0.000000000000000000e+00
2.902819000000000000e+06,2.573500061035156250e+02,5.237067031860351562e+01,4.903729915618896484e+00,5.490000000000000000e+02,0.000000000000000000e+00
2.912309000000000000e+06,1.989499969482421875e+02,5.235326004028320312e+01,4.906680107116699219e+00,2.198000000000000000e+03,0.000000000000000000e+00
2.921938000000000000e+06,1.697500000000000000e+02,5.236492156982421875e+01,4.859079837799072266e+00,2.617000000000000000e+03,0.000000000000000000e+00
2.942229000000000000e+06,6.755000305175781250e+01,5.232612991333007812e+01,4.977479934692382812e+00,7.524000000000000000e+03,0.000000000000000000e+00
2.955804000000000000e+06,1.551499938964843750e+02,5.237485885620117188e+01,4.874370098114013672e+00,1.498000000000000000e+03,0.000000000000000000e+00
2.956140000000000000e+06,1.259499969482421875e+02,5.235593032836914062e+01,4.900720119476318359e+00,1.806000000000000000e+03,0.000000000000000000e+00
2.965812000000000000e+06,1.600099945068359375e+02,5.236090850830078125e+01,4.974969863891601562e+00,5.506000000000000000e+03,0.000000000000000000e+00
2.976795000000000000e+06,1.454100036621093750e+02,5.239984130859375000e+01,4.920559883117675781e+00,3.529000000000000000e+03,0.000000000000000000e+00
2.977065000000000000e+06,6.856099853515625000e+02,5.237614822387695312e+01,4.890009880065917969e+00,6.190000000000000000e+02,0.000000000000000000e+00
2.981842000000000000e+06,2.106300048828125000e+02,5.236623001098632812e+01,4.858910083770751953e+00,2.589000000000000000e+03,0.000000000000000000e+00
2.981853000000000000e+06,1.395700073242187500e+02,5.236688995361328125e+01,4.858910083770751953e+00,2.572000000000000000e+03,0.000000000000000000e+00
2.981861000000000000e+06,1.288699951171875000e+02,5.236568069458007812e+01,4.858829975128173828e+00,2.610000000000000000e+03,0.000000000000000000e+00
2.981875000000000000e+06,1.892100067138671875e+02,5.236518859863281250e+01,4.860579967498779297e+00,2.511000000000000000e+03,0.000000000000000000e+00
2.984018000000000000e+06,1.386000061035156250e+02,5.236555862426757812e+01,4.858670234680175781e+00,2.624000000000000000e+03,0.000000000000000000e+00
2.985952000000000000e+06,1.006399993896484375e+02,5.235506820678710938e+01,4.911399841308593750e+00,2.147000000000000000e+03,0.000000000000000000e+00
3.003918000000000000e+06,1.746100006103515625e+02,5.234328842163085938e+01,4.893919944763183594e+00,3.184000000000000000e+03,0.000000000000000000e+00
3.003987000000000000e+06,1.035599975585937500e+02,5.236404037475585938e+01,4.912280082702636719e+00,1.414000000000000000e+03,0.000000000000000000e+00
3.004400000000000000e+06,2.476100006103515625e+02,5.236323928833007812e+01,4.934760093688964844e+00,2.809000000000000000e+03,0.000000000000000000e+00
3.036290000000000000e+06,6.268000030517578125e+01,5.238520050048828125e+01,4.878479957580566406e+00,1.894000000000000000e+03,0.000000000000000000e+00
3.036359000000000000e+06,9.091000366210937500e+01,5.237749099731445312e+01,4.978680133819580078e+00,5.654000000000000000e+03,0.000000000000000000e+00
3.040900000000000000e+06,1.308099975585937500e+02,5.237049865722656250e+01,4.863279819488525391e+00,2.220000000000000000e+03,0.000000000000000000e+00
3.045003000000000000e+06,1.746100006103515625e+02,5.238536834716796875e+01,4.911550045013427734e+00,1.836000000000000000e+03,0.000000000000000000e+00
3.048137000000000000e+06,8.215000152587890625e+01,5.237234115600585938e+01,4.867300033569335938e+00,1.942000000000000000e+03,0.000000000000000000e+00
3.087967000000000000e+06,1.210800018310546875e+02,5.236178970336914062e+01,4.929230213165283203e+00,2.527000000000000000e+03,0.000000000000000000e+00
3.088648000000000000e+06,1.006399993896484375e+02,5.237598037719726562e+01,4.893099784851074219e+00,4.920000000000000000e+02,0.000000000000000000e+00
3.096518000000000000e+06,4.179500122070312500e+02,5.236695098876953125e+01,4.874650001525878906e+00,1.544000000000000000e+03,0.000000000000000000e+00
3.099026000000000000e+06,1.113499984741210938e+02,5.236477661132812500e+01,4.908361911773681641e+00,1.159000000000000000e+03,0.000000000000000000e+00
3.099266000000000000e+06,1.356799926757812500e+02,5.235226821899414062e+01,5.000659942626953125e+00,7.441000000000000000e+03,0.000000000000000000e+00
3.111787000000000000e+06,1.210800018310546875e+02,5.237649917602539062e+01,4.883130073547363281e+00,1.007000000000000000e+03,0.000000000000000000e+00
3.113368000000000000e+06,1.746100006103515625e+02,5.239245986938476562e+01,4.932680130004882812e+00,3.385000000000000000e+03,0.000000000000000000e+00
3.120537000000000000e+06,1.347100067138671875e+02,5.236737060546875000e+01,4.860179901123046875e+00,2.477000000000000000e+03,0.000000000000000000e+00
3.121979000000000000e+06,1.259499969482421875e+02,5.236101150512695312e+01,4.822239875793457031e+00,5.146000000000000000e+03,0.000000000000000000e+00
3.138594000000000000e+06,1.989499969482421875e+02,5.236997985839843750e+01,4.872640132904052734e+00,1.593000000000000000e+03,0.000000000000000000e+00
3.150587000000000000e+06,1.210800018310546875e+02,5.237923049926757812e+01,4.883090019226074219e+00,1.192000000000000000e+03,0.000000000000000000e+00
3.155284000000000000e+06,8.895999908447265625e+01,5.241016006469726562e+01,4.963689804077148438e+00,6.266000000000000000e+03,0.000000000000000000e+00
3.163509000000000000e+06,1.746100006103515625e+02,5.236029052734375000e+01,4.904640197753906250e+00,1.421000000000000000e+03,0.000000000000000000e+00
3.172327000000000000e+06,1.405500030517578125e+02,5.235746002197265625e+01,4.922049999237060547e+00,2.394000000000000000e+03,0.000000000000000000e+00
3.174322000000000000e+06,4.422799987792968750e+02,5.237866973876953125e+01,4.885610103607177734e+00,1.027000000000000000e+03,0.000000000000000000e+00
3.180371000000000000e+06,1.493099975585937500e+02,5.236182022094726562e+01,4.905809879302978516e+00,1.307000000000000000e+03,0.000000000000000000e+00
3.194778000000000000e+06,2.476100006103515625e+02,5.237350845336914062e+01,4.870870113372802734e+00,1.709000000000000000e+03,0.000000000000000000e+00
3.203283000000000000e+06,2.232799987792968750e+02,5.236302185058593750e+01,4.905320167541503906e+00,1.176000000000000000e+03,0.000000000000000000e+00
3.206158000000000000e+06,2.466399993896484375e+02,5.237746047973632812e+01,4.835979938507080078e+00,4.114000000000000000e+03,0.000000000000000000e+00
3.209240000000000000e+06,1.103700027465820312e+02,5.235861968994140625e+01,4.886079788208007812e+00,1.620000000000000000e+03,0.000000000000000000e+00
3.225605000000000000e+06,5.065199890136718750e+02,5.235678100585937500e+01,4.905600070953369141e+00,1.805000000000000000e+03,0.000000000000000000e+00
3.229172000000000000e+06,8.215000152587890625e+01,5.237805175781250000e+01,4.854539871215820312e+00,2.890000000000000000e+03,0.000000000000000000e+00
3.235970000000000000e+06,2.184100036621093750e+02,5.237113189697265625e+01,4.913380146026611328e+00,1.190000000000000000e+03,0.000000000000000000e+00
3.237893000000000000e+06,2.476100006103515625e+02,5.235691070556640625e+01,4.888679981231689453e+00,1.737000000000000000e+03,0.000000000000000000e+00
3.244143000000000000e+06,8.215000152587890625e+01,5.236610031127929688e+01,4.941380023956298828e+00,3.154000000000000000e+03,0.000000000000000000e+00
3.254077000000000000e+06,1.016100006103515625e+02,5.236758041381835938e+01,4.854889869689941406e+00,2.825000000000000000e+03,0.000000000000000000e+00
3.260866000000000000e+06,2.476100006103515625e+02,5.235969161987304688e+01,4.791619777679443359e+00,7.209000000000000000e+03,0.000000000000000000e+00
3.261562000000000000e+06,1.006399993896484375e+02,5.236305999755859375e+01,4.936110019683837891e+00,2.902000000000000000e+03,0.000000000000000000e+00
3.277053000000000000e+06,1.989499969482421875e+02,5.238169097900390625e+01,4.883619785308837891e+00,1.371000000000000000e+03,0.000000000000000000e+00
3.280939000000000000e+06,3.400799865722656250e+02,5.235395812988281250e+01,4.878419876098632812e+00,2.321000000000000000e+03,0.000000000000000000e+00
3.282245000000000000e+06,1.006399993896484375e+02,5.238669967651367188e+01,4.916769981384277344e+00,2.172000000000000000e+03,0.000000000000000000e+00
3.285009000000000000e+06,9.187999725341796875e+01,5.235126876831054688e+01,4.893839836120605469e+00,2.298000000000000000e+03,0.000000000000000000e+00
3.285500000000000000e+06,2.232799987792968750e+02,5.235884094238281250e+01,4.934619903564453125e+00,3.003000000000000000e+03,0.000000000000000000e+00
3.292084000000000000e+06,6.268000030517578125e+01,5.238468170166015625e+01,4.815320014953613281e+00,5.651000000000000000e+03,0.000000000000000000e+00
3.294707000000000000e+06,4.831600036621093750e+02,5.237543869018554688e+01,4.873939990997314453e+00,1.542000000000000000e+03,0.000000000000000000e+00
3.308196000000000000e+06,1.746100006103515625e+02,5.238777160644531250e+01,4.944459915161132812e+00,3.739000000000000000e+03,0.000000000000000000e+00
3.310738000000000000e+06,7.727999877929687500e+01,5.234238052368164062e+01,4.796989917755126953e+00,7.476000000000000000e+03,0.000000000000000000e+00
3.322840000000000000e+06,3.926400146484375000e+02,5.235684967041015625e+01,4.873429775238037109e+00,2.264000000000000000e+03,0.000000000000000000e+00
3.332424000000000000e+06,7.780800170898437500e+02,5.236814880371093750e+01,4.882249832153320312e+00,1.016000000000000000e+03,0.000000000000000000e+00
3.346620000000000000e+06,6.170999908447265625e+01,5.240153884887695312e+01,4.952819824218750000e+00,5.078000000000000000e+03,0.000000000000000000e+00
3.347583000000000000e+06,1.016100006103515625e+02,5.235795974731445312e+01,4.900259971618652344e+00,1.578000000000000000e+03,0.000000000000000000e+00
3.352657000000000000e+06,1.376300048828125000e+02,5.237570190429687500e+01,4.859310150146484375e+00,2.520000000000000000e+03,0.000000000000000000e+00
3.365308000000000000e+06,1.502799987792968750e+02,5.236103820800781250e+01,4.864830017089843750e+00,2.431000000000000000e+03,0.000000000000000000e+00
3.368163000000000000e+06,1.989499969482421875e+02,5.236145019531250000e+01,4.885519981384277344e+00,1.359000000000000000e+03,0.000000000000000000e+00
3.383368000000000000e+06,1.113499984741210938e+02,5.236901092529296875e+01,4.868519783020019531e+00,1.886000000000000000e+03,0.000000000000000000e+00
3.383408000000000000e+06,9.187999725341796875e+01,5.236640930175781250e+01,4.879829883575439453e+00,1.250000000000000000e+03,0.000000000000000000e+00
3.388684000000000000e+06,1.502799987792968750e+02,5.236203002929687500e+01,4.850180149078369141e+00,3.292000000000000000e+03,0.000000000000000000e+00
3.388764000000000000e+06,9.480000305175781250e+01,5.234717941284179688e+01,4.889520168304443359e+00,2.783000000000000000e+03,0.000000000000000000e+00
3.389300000000000000e+06,1.356799926757812500e+02,5.235205841064453125e+01,4.897459983825683594e+00,2.209000000000000000e+03,0.000000000000000000e+00
3.407896000000000000e+06,1.600099945068359375e+02,5.237417984008789062e+01,4.868659973144531250e+00,1.867000000000000000e+03,0.000000000000000000e+00
3.408746000000000000e+06,1.278899993896484375e+02,5.237450027465820312e+01,4.838940143585205078e+00,3.878000000000000000e+03,0.000000000000000000e+00
3.413219000000000000e+06,1.502799987792968750e+02,5.235628890991210938e+01,4.942279815673828125e+00,3.596000000000000000e+03,0.000000000000000000e+00
3.430456000000000000e+06,9.187999725341796875e+01,5.236098861694335938e+01,4.859869956970214844e+00,2.731000000000000000e+03,0.000000000000000000e+00
3.432883000000000000e+06,2.962799987792968750e+02,5.234759140014648438e+01,4.860439777374267578e+00,3.620000000000000000e+03,0.000000000000000000e+00
3.436527000000000000e+06,1.502799987792968750e+02,5.235541915893554688e+01,4.998099803924560547e+00,7.177000000000000000e+03,0.000000000000000000e+00
3.459981000000000000e+06,2.427500000000000000e+02,5.236346817016601562e+01,4.873139858245849609e+00,1.807000000000000000e+03,0.000000000000000000e+00
3.461086000000000000e+06,1.882400054931640625e+02,5.237295913696289062e+01,4.907889842987060547e+00,8.220000000000000000e+02,0.000000000000000000e+00
3.484708000000000000e+06,9.091000366210937500e+01,5.235472106933593750e+01,4.839620113372802734e+00,4.272000000000000000e+03,0.000000000000000000e+00
3.492282000000000000e+06,8.215000152587890625e+01,5.236682128906250000e+01,4.873559951782226562e+00,1.618000000000000000e+03,0.000000000000000000e+00
3.500433000000000000e+06,4.705100097656250000e+02,5.236603927612304688e+01,4.867109775543212891e+00,2.060000000000000000e+03,0.000000000000000000e+00
3.501084000000000000e+06,2.476100006103515625e+02,5.237995147705078125e+01,4.885769844055175781e+00,1.129000000000000000e+03,0.000000000000000000e+00
3.504128000000000000e+06,2.476100006103515625e+02,5.235676956176757812e+01,4.915369987487792969e+00,2.140000000000000000e+03,0.000000000000000000e+00
3.505002000000000000e+06,1.989499969482421875e+02,5.235081863403320312e+01,4.875720024108886719e+00,2.715000000000000000e+03,0.000000000000000000e+00
3.508800000000000000e+06,6.755000305175781250e+01,5.233309936523437500e+01,4.902999877929687500e+00,4.341000000000000000e+03,0.000000000000000000e+00
3.519739000000000000e+06,9.187999725341796875e+01,5.239041137695312500e+01,4.875070095062255859e+00,2.497000000000000000e+03,0.000000000000000000e+00
3.526216000000000000e+06,1.434700012207031250e+02,5.235852813720703125e+01,4.916749954223632812e+00,2.053000000000000000e+03,0.000000000000000000e+00
3.565477000000000000e+06,1.853200073242187500e+02,5.239096832275390625e+01,4.877699851989746094e+00,2.454000000000000000e+03,0.000000000000000000e+00
3.566834000000000000e+06,8.993000030517578125e+01,5.235517883300781250e+01,4.881000041961669922e+00,2.117000000000000000e+03,0.000000000000000000e+00
3.572825000000000000e+06,1.989499969482421875e+02,5.238573074340820312e+01,4.866300106048583984e+00,2.530000000000000000e+03,0.000000000000000000e+00
3.574552000000000000e+06,1.113499984741210938e+02,5.235293960571289062e+01,4.917280197143554688e+00,2.560000000000000000e+03,0.000000000000000000e+00
3.577411000000000000e+06,2.232799987792968750e+02,5.237543869018554688e+01,4.879640102386474609e+00,1.172000000000000000e+03,0.000000000000000000e+00
3.580990000000000000e+06,9.675000000000000000e+01,5.236259078979492188e+01,4.863269805908203125e+00,2.445000000000000000e+03,0.000000000000000000e+00
3.583322000000000000e+06,1.989499969482421875e+02,5.235704040527343750e+01,4.907299995422363281e+00,1.825000000000000000e+03,0.000000000000000000e+00
3.590060000000000000e+06,2.476100006103515625e+02,5.236907958984375000e+01,4.906569957733154297e+00,7.890000000000000000e+02,0.000000000000000000e+00
3.604547000000000000e+06,2.427500000000000000e+02,5.237479019165039062e+01,4.872610092163085938e+00,1.613000000000000000e+03,0.000000000000000000e+00
3.620791000000000000e+06,1.386000061035156250e+02,5.238328933715820312e+01,4.871890068054199219e+00,2.064000000000000000e+03,0.000000000000000000e+00
3.649382000000000000e+06,1.084300003051757812e+02,5.235137939453125000e+01,4.851359844207763672e+00,3.789000000000000000e+03,0.000000000000000000e+00
3.685177000000000000e+06,2.962799987792968750e+02,5.235171890258789062e+01,4.906879901885986328e+00,2.365000000000000000e+03,0.000000000000000000e+00
3.690880000000000000e+06,1.502799987792968750e+02,5.236828994750976562e+01,4.923779964447021484e+00,1.935000000000000000e+03,0.000000000000000000e+00
3.696035000000000000e+06,1.454100036621093750e+02,5.239728927612304688e+01,4.914969921112060547e+00,3.106000000000000000e+03,0.000000000000000000e+00
3.698780000000000000e+06,1.541699981689453125e+02,5.234175872802734375e+01,4.898550033569335938e+00,3.356000000000000000e+03,0.000000000000000000e+00
3.700218000000000000e+06,7.727999877929687500e+01,5.241704177856445312e+01,4.899600028991699219e+00,5.026000000000000000e+03,0.000000000000000000e+00
3.708105000000000000e+06,1.386000061035156250e+02,5.237075042724609375e+01,4.874710083007812500e+00,1.444000000000000000e+03,0.000000000000000000e+00
3.708658000000000000e+06,1.210800018310546875e+02,5.237496948242187500e+01,4.858329772949218750e+00,2.573000000000000000e+03,0.000000000000000000e+00
3.722301000000000000e+06,3.731700134277343750e+02,5.236341857910156250e+01,4.889560222625732422e+00,1.037000000000000000e+03,0.000000000000000000e+00
3.724060000000000000e+06,2.096499938964843750e+02,5.237131118774414062e+01,4.873060226440429688e+00,1.552000000000000000e+03,0.000000000000000000e+00
3.729980000000000000e+06,1.025899963378906250e+02,5.237379837036132812e+01,4.890830039978027344e+00,4.040000000000000000e+02,0.000000000000000000e+00
3.753084000000000000e+06,2.719500122070312500e+02,5.235334014892578125e+01,4.889870166778564453e+00,2.104000000000000000e+03,0.000000000000000000e+00
3.758059000000000000e+06,1.162099990844726562e+02,5.234751129150390625e+01,4.890729904174804688e+00,2.734000000000000000e+03,0.000000000000000000e+00
3.763507000000000000e+06,1.366499938964843750e+02,5.238370895385742188e+01,4.890719890594482422e+00,1.360000000000000000e+03,0.000000000000000000e+00
3.763895000000000000e+06,7.825000000000000000e+01,5.236190032958984375e+01,4.864150047302246094e+00,2.425000000000000000e+03,0.000000000000000000e+00
3.774247000000000000e+06,2.962799987792968750e+02,5.237260055541992188e+01,4.872910022735595703e+00,1.563000000000000000e+03,0.000000000000000000e+00
3.781388000000000000e+06,5.882800292968750000e+02,5.237648773193359375e+01,4.876390933990478516e+00,1.419000000000000000e+03,0.000000000000000000e+00
3.786000000000000000e+06,6.365000152587890625e+01,5.236244964599609375e+01,4.865809917449951172e+00,2.297000000000000000e+03,0.000000000000000000e+00
3.793956000000000000e+06,5.152800292968750000e+02,5.238233947753906250e+01,4.879399776458740234e+00,1.613000000000000000e+03,0.000000000000000000e+00
3.796459000000000000e+06,5.781000137329101562e+01,5.235190963745117188e+01,4.920780181884765625e+00,2.792000000000000000e+03,0.000000000000000000e+00
3.804795000000000000e+06,2.758399963378906250e+02,5.236201858520507812e+01,4.863770008087158203e+00,2.442000000000000000e+03,0.000000000000000000e+00
3.806069000000000000e+06,1.016100006103515625e+02,5.235319900512695312e+01,4.888820171356201172e+00,2.134000000000000000e+03,0.000000000000000000e+00
3.829648000000000000e+06,4.802399902343750000e+02,5.237385177612304688e+01,4.883590221405029297e+00,8.630000000000000000e+02,0.000000000000000000e+00
3.833796000000000000e+06,2.476100006103515625e+02,5.235601043701171875e+01,4.900129795074462891e+00,1.790000000000000000e+03,0.000000000000000000e+00
3.838878000000000000e+06,1.570899963378906250e+02,5.238526153564453125e+01,4.917990207672119141e+00,2.111000000000000000e+03,0.000000000000000000e+00
3.840321000000000000e+06,7.727999877929687500e+01,5.235771942138671875e+01,4.906680107116699219e+00,1.738000000000000000e+03,0.000000000000000000e+00
3.841266000000000000e+06,2.962799987792968750e+02,5.236111831665039062e+01,4.860829830169677734e+00,2.666000000000000000e+03,0.000000000000000000e+00
3.841339000000000000e+06,1.006399993896484375e+02,5.236252975463867188e+01,4.937510013580322266e+00,3.011000000000000000e+03,0.000000000000000000e+00
3.850766000000000000e+06,9.675000000000000000e+01,5.236320877075195312e+01,4.984139919281005859e+00,6.068000000000000000e+03,0.000000000000000000e+00
3.853993000000000000e+06,1.259499969482421875e+02,5.238629913330078125e+01,4.920139789581298828e+00,2.296000000000000000e+03,0.000000000000000000e+00
3.856186000000000000e+06,2.719500122070312500e+02,5.238788986206054688e+01,4.888249874114990234e+00,1.852000000000000000e+03,0.000000000000000000e+00
3.856777000000000000e+06,2.203600006103515625e+02,5.236454010009765625e+01,4.872129917144775391e+00,1.809000000000000000e+03,0.000000000000000000e+00
3.865210000000000000e+06,1.600099945068359375e+02,5.235554122924804688e+01,4.904389858245849609e+00,1.908000000000000000e+03,0.000000000000000000e+00
3.867834000000000000e+06,1.210800018310546875e+02,5.237577056884765625e+01,4.872550010681152344e+00,1.643000000000000000e+03,0.000000000000000000e+00
3.879930000000000000e+06,3.206099853515625000e+02,5.237171173095703125e+01,4.931990146636962891e+00,2.450000000000000000e+03,0.000000000000000000e+00
3.880034000000000000e+06,2.583200073242187500e+02,5.238224029541015625e+01,4.883470058441162109e+00,1.426000000000000000e+03,0.000000000000000000e+00
3.900628000000000000e+06,3.838800048828125000e+02,5.239578247070312500e+01,4.905851364135742188e+00,2.740000000000000000e+03,0.000000000000000000e+00
3.903880000000000000e+06,1.064800033569335938e+02,5.236349105834960938e+01,4.893219947814941406e+00,9.520000000000000000e+02,0.000000000000000000e+00
3.911407000000000000e+06,1.911600036621093750e+02,5.237942886352539062e+01,4.891260147094726562e+00,8.950000000000000000e+02,0.000000000000000000e+00
3.917964000000000000e+06,2.923900146484375000e+02,5.235926055908203125e+01,4.925859928131103516e+00,2.472000000000000000e+03,0.000000000000000000e+00
3.926355000000000000e+06,1.882400054931640625e+02,5.237110137939453125e+01,4.940229892730712891e+00,3.011000000000000000e+03,0.000000000000000000e+00
3.929712000000000000e+06,8.895999908447265625e+01,5.237730026245117188e+01,4.894750118255615234e+00,6.060000000000000000e+02,0.000000000000000000e+00
3.934811000000000000e+06,8.701000213623046875e+01,5.237837982177734375e+01,4.860839843750000000e+00,2.487000000000000000e+03,0.000000000000000000e+00
3.938749000000000000e+06,1.113499984741210938e+02,5.232487106323242188e+01,4.858250141143798828e+00,5.821000000000000000e+03,0.000000000000000000e+00
3.944495000000000000e+06,2.047899932861328125e+02,5.236410140991210938e+01,4.886340141296386719e+00,1.083000000000000000e+03,0.000000000000000000e+00
3.955896000000000000e+06,1.074499969482421875e+02,5.235985946655273438e+01,4.863319873809814453e+00,2.586000000000000000e+03,0.000000000000000000e+00
3.957639000000000000e+06,1.016100006103515625e+02,5.235242080688476562e+01,4.926519870758056641e+00,3.002000000000000000e+03,0.000000000000000000e+00
3.966768000000000000e+06,4.072399902343750000e+02,5.237158966064453125e+01,4.881460189819335938e+00,9.810000000000000000e+02,0.000000000000000000e+00
3.974283000000000000e+06,1.259499969482421875e+02,5.234997940063476562e+01,4.894919872283935547e+00,2.438000000000000000e+03,0.000000000000000000e+00
3.982031000000000000e+06,1.376300048828125000e+02,5.236238861083984375e+01,4.898590087890625000e+00,1.073000000000000000e+03,0.000000000000000000e+00
4.011762000000000000e+06,2.232799987792968750e+02,5.238364028930664062e+01,4.885630130767822266e+00,1.480000000000000000e+03,0.000000000000000000e+00
4.029316000000000000e+06,1.531999969482421875e+02,5.235097885131835938e+01,4.886099815368652344e+00,2.419000000000000000e+03,0.000000000000000000e+00
4.035170000000000000e+06,2.378800048828125000e+02,5.237779998779296875e+01,4.886260032653808594e+00,9.270000000000000000e+02,0.000000000000000000e+00
4.043258000000000000e+06,8.215000152587890625e+01,5.235963058471679688e+01,4.943140029907226562e+00,3.486000000000000000e+03,0.000000000000000000e+00
4.043288000000000000e+06,8.408999633789062500e+01,5.237807846069335938e+01,4.894559860229492188e+00,6.930000000000000000e+02,0.000000000000000000e+00
4.051748000000000000e+06,1.609900054931640625e+02,5.234360885620117188e+01,4.897630214691162109e+00,3.148000000000000000e+03,0.000000000000000000e+00
4.052965000000000000e+06,1.123199996948242188e+02,5.235099029541015625e+01,4.886630058288574219e+00,2.409000000000000000e+03,0.000000000000000000e+00
4.057394000000000000e+06,1.570899963378906250e+02,5.236706161499023438e+01,4.924870014190673828e+00,2.039000000000000000e+03,0.000000000000000000e+00
4.062563000000000000e+06,1.979700012207031250e+02,5.235496902465820312e+01,4.850510120391845703e+00,3.611000000000000000e+03,0.000000000000000000e+00
4.064519000000000000e+06,1.103700027465820312e+02,5.236724090576171875e+01,4.868130207061767578e+00,1.955000000000000000e+03,0.000000000000000000e+00
4.064665000000000000e+06,2.651300048828125000e+02,5.238766860961914062e+01,4.884640216827392578e+00,1.913000000000000000e+03,0.000000000000000000e+00
4.076501000000000000e+06,1.590399932861328125e+02,5.235369110107421875e+01,4.868219852447509766e+00,2.763000000000000000e+03,0.000000000000000000e+00
4.096584000000000000e+06,1.502799987792968750e+02,5.236988830566406250e+01,4.886789798736572266e+00,6.580000000000000000e+02,0.000000000000000000e+00
4.119684000000000000e+06,3.235299987792968750e+02,5.236108016967773438e+01,4.905849933624267578e+00,1.380000000000000000e+03,0.000000000000000000e+00
4.147668000000000000e+06,7.727999877929687500e+01,5.236204147338867188e+01,4.923749923706054688e+00,2.186000000000000000e+03,0.000000000000000000e+00
4.147932000000000000e+06,8.798999786376953125e+01,5.235395812988281250e+01,4.935259819030761719e+00,3.335000000000000000e+03,0.000000000000000000e+00
4.150731000000000000e+06,1.950500030517578125e+02,5.234934997558593750e+01,4.912020206451416016e+00,2.736000000000000000e+03,0.000000000000000000e+00
4.157853000000000000e+06,1.794799957275390625e+02,5.237313079833984375e+01,4.896520137786865234e+00,1.430000000000000000e+02,0.000000000000000000e+00
4.158675000000000000e+06,1.288699951171875000e+02,5.235831832885742188e+01,4.923679828643798828e+00,2.416000000000000000e+03,0.000000000000000000e+00
4.162988000000000000e+06,1.843500061035156250e+02,5.238182067871093750e+01,4.849810123443603516e+00,3.317000000000000000e+03,0.000000000000000000e+00
4.171701000000000000e+06,2.476100006103515625e+02,5.236357116699218750e+01,4.830570220947265625e+00,4.531000000000000000e+03,0.000000000000000000e+00
4.172192000000000000e+06,1.590399932861328125e+02,5.234972000122070312e+01,4.864429950714111328e+00,3.263000000000000000e+03,0.000000000000000000e+00
4.180798000000000000e+06,1.259499969482421875e+02,5.237253952026367188e+01,4.901939868927001953e+00,4.160000000000000000e+02,0.000000000000000000e+00
4.185598000000000000e+06,2.476100006103515625e+02,5.236743927001953125e+01,4.866250038146972656e+00,2.073000000000000000e+03,0.000000000000000000e+00
4.185741000000000000e+06,1.746100006103515625e+02,5.236080169677734375e+01,4.901619911193847656e+00,1.294000000000000000e+03,0.000000000000000000e+00
4.187658000000000000e+06,2.855700073242187500e+02,5.236957168579101562e+01,4.883049964904785156e+00,9.100000000000000000e+02,0.000000000000000000e+00
4.209897000000000000e+06,4.179500122070312500e+02,5.235301971435546875e+01,4.875710010528564453e+00,2.507000000000000000e+03,0.000000000000000000e+00
4.210531000000000000e+06,9.772000122070312500e+01,5.236732101440429688e+01,4.864480018615722656e+00,2.193000000000000000e+03,0.000000000000000000e+00
4.216576000000000000e+06,1.746100006103515625e+02,5.239292907714843750e+01,4.934169769287109375e+00,3.495000000000000000e+03,0.000000000000000000e+00
4.216625000000000000e+06,1.697500000000000000e+02,5.234315109252929688e+01,4.862750053405761719e+00,3.910000000000000000e+03,0.000000000000000000e+00
4.224540000000000000e+06,1.016100006103515625e+02,5.234104156494140625e+01,4.903900146484375000e+00,3.474000000000000000e+03,0.000000000000000000e+00
4.225575000000000000e+06,1.531999969482421875e+02,5.239038085937500000e+01,4.887159824371337891e+00,2.139000000000000000e+03,0.000000000000000000e+00
4.248769000000000000e+06,1.531999969482421875e+02,5.236991882324218750e+01,4.902790069580078125e+00,5.170000000000000000e+02,0.000000000000000000e+00
4.255200000000000000e+06,1.064800033569335938e+02,5.235958099365234375e+01,4.927140235900878906e+00,2.525000000000000000e+03,0.000000000000000000e+00
4.267516000000000000e+06,1.687700042724609375e+02,5.236759948730468750e+01,4.924719810485839844e+00,2.014000000000000000e+03,0.000000000000000000e+00
4.278312000000000000e+06,8.019999694824218750e+01,5.241119003295898438e+01,4.893099784851074219e+00,4.373000000000000000e+03,0.000000000000000000e+00
4.278399000000000000e+06,9.772000122070312500e+01,5.237578964233398438e+01,4.934140205383300781e+00,2.632000000000000000e+03,0.000000000000000000e+00
4.282186000000000000e+06,7.727999877929687500e+01,5.235358810424804688e+01,4.861149787902832031e+00,3.117000000000000000e+03,0.000000000000000000e+00
4.282415000000000000e+06,2.300899963378906250e+02,5.237712860107421875e+01,4.882100105285644531e+00,1.103000000000000000e+03,0.000000000000000000e+00
4.282686000000000000e+06,6.656999969482421875e+01,5.240679168701171875e+01,4.913609981536865234e+00,4.062000000000000000e+03,0.000000000000000000e+00
4.283460000000000000e+06,9.772000122070312500e+01,5.237699127197265625e+01,4.877540111541748047e+00,1.369000000000000000e+03,0.000000000000000000e+00
4.295087000000000000e+06,9.675000000000000000e+01,5.235734939575195312e+01,4.917960166931152344e+00,2.205000000000000000e+03,0.000000000000000000e+00
4.299280000000000000e+06,1.843500061035156250e+02,5.236240005493164062e+01,4.893499851226806641e+00,1.069000000000000000e+03,0.000000000000000000e+00
4.300022000000000000e+06,1.298399963378906250e+02,5.235496139526367188e+01,4.912489891052246094e+00,2.195000000000000000e+03,0.000000000000000000e+00
4.314620000000000000e+06,8.019999694824218750e+01,5.237992095947265625e+01,4.877449989318847656e+00,1.538000000000000000e+03,0.000000000000000000e+00
4.320334000000000000e+06,1.016100006103515625e+02,5.235636901855468750e+01,4.916039943695068359e+00,2.203000000000000000e+03,0.000000000000000000e+00
4.339471000000000000e+06,2.865499877929687500e+02,5.237134933471679688e+01,4.895800113677978516e+00,6.100000000000000000e+01,0.000000000000000000e+00
4.349963000000000000e+06,1.298399963378906250e+02,5.239123153686523438e+01,4.933390140533447266e+00,3.331000000000000000e+03,0.000000000000000000e+00
4.374040000000000000e+06,1.094000015258789062e+02,5.235470962524414062e+01,4.855460166931152344e+00,3.346000000000000000e+03,0.000000000000000000e+00
4.381773000000000000e+06,2.612399902343750000e+02,5.235374832153320312e+01,4.847449779510498047e+00,3.860000000000000000e+03,0.000000000000000000e+00
4.382235000000000000e+06,1.882400054931640625e+02,5.235398101806640625e+01,4.904839992523193359e+00,2.083000000000000000e+03,0.000000000000000000e+00
4.382332000000000000e+06,1.502799987792968750e+02,5.237086868286132812e+01,4.855100154876708984e+00,2.772000000000000000e+03,0.000000000000000000e+00
4.386276000000000000e+06,1.356799926757812500e+02,5.235295867919921875e+01,4.911469936370849609e+00,2.357000000000000000e+03,0.000000000000000000e+00
4.409509000000000000e+06,6.992399902343750000e+02,5.239933013916015625e+01,4.898340225219726562e+00,3.055000000000000000e+03,0.000000000000000000e+00
4.416539000000000000e+06,1.103700027465820312e+02,5.235382080078125000e+01,4.829380035400390625e+00,4.944000000000000000e+03,0.000000000000000000e+00
4.426990000000000000e+06,1.989499969482421875e+02,5.236486816406250000e+01,4.934289932250976562e+00,2.721000000000000000e+03,0.000000000000000000e+00
4.432642000000000000e+06,9.284999847412109375e+01,5.234096908569335938e+01,4.903600215911865234e+00,3.479000000000000000e+03,0.000000000000000000e+00
4.435968000000000000e+06,2.213300018310546875e+02,5.234703063964843750e+01,4.939080238342285156e+00,4.030000000000000000e+03,0.000000000000000000e+00
4.445818000000000000e+06,2.057599945068359375e+02,5.235400009155273438e+01,4.905139923095703125e+00,2.087000000000000000e+03,0.000000000000000000e+00
4.448285000000000000e+06,1.502799987792968750e+02,5.236692810058593750e+01,4.865600109100341797e+00,2.130000000000000000e+03,0.000000000000000000e+00
4.449764000000000000e+06,7.144000244140625000e+01,5.237294006347656250e+01,4.951670169830322266e+00,3.788000000000000000e+03,0.000000000000000000e+00
4.455237000000000000e+06,1.454100036621093750e+02,5.236988067626953125e+01,4.862530231475830078e+00,2.277000000000000000e+03,0.000000000000000000e+00
4.459764000000000000e+06,8.701000213623046875e+01,5.231418991088867188e+01,4.994100093841552734e+00,9.256000000000000000e+03,0.000000000000000000e+00
4.467898000000000000e+06,2.768099975585937500e+02,5.235736846923828125e+01,4.981629848480224609e+00,6.041000000000000000e+03,0.000000000000000000e+00
4.487975000000000000e+06,1.064800033569335938e+02,5.235858154296875000e+01,4.925829887390136719e+00,2.514000000000000000e+03,0.000000000000000000e+00
4.488692000000000000e+06,2.184100036621093750e+02,5.236441040039062500e+01,4.885990142822265625e+00,1.071000000000000000e+03,0.000000000000000000e+00
4.522340000000000000e+06,1.259499969482421875e+02,5.236764907836914062e+01,4.853519916534423828e+00,2.916000000000000000e+03,0.000000000000000000e+00
4.523624000000000000e+06,2.962799987792968750e+02,5.235588836669921875e+01,4.877280235290527344e+00,2.184000000000000000e+03,0.000000000000000000e+00
4.530308000000000000e+06,2.232799987792968750e+02,5.234445953369140625e+01,4.952610015869140625e+00,4.913000000000000000e+03,0.000000000000000000e+00
4.543149000000000000e+06,1.288699951171875000e+02,5.236363983154296875e+01,4.863399982452392578e+00,2.390000000000000000e+03,0.000000000000000000e+00
4.550468000000000000e+06,1.016100006103515625e+02,5.234830856323242188e+01,4.847060203552246094e+00,4.228000000000000000e+03,0.000000000000000000e+00
4.555659000000000000e+06,1.531999969482421875e+02,5.237664031982421875e+01,4.852099895477294922e+00,3.020000000000000000e+03,0.000000000000000000e+00
4.590871000000000000e+06,2.047899932861328125e+02,5.235705947875976562e+01,4.894050121307373047e+00,1.655000000000000000e+03,0.000000000000000000e+00
4.591192000000000000e+06,1.220500030517578125e+02,5.235643005371093750e+01,4.904089927673339844e+00,1.808000000000000000e+03,0.000000000000000000e+00
4.591819000000000000e+06,9.091000366210937500e+01,5.235289001464843750e+01,4.906459808349609375e+00,2.232000000000000000e+03,0.000000000000000000e+00
4.610921000000000000e+06,3.517600097656250000e+02,5.237141036987304688e+01,4.873919963836669922e+00,1.493000000000000000e+03,0.000000000000000000e+00
4.610966000000000000e+06,2.914100036621093750e+02,5.236933135986328125e+01,4.898210048675537109e+00,3.260000000000000000e+02,0.000000000000000000e+00
4.614017000000000000e+06,7.138400268554687500e+02,5.239199829101562500e+01,4.881179809570312500e+00,2.448000000000000000e+03,0.000000000000000000e+00
4.616816000000000000e+06,1.639100036621093750e+02,5.235390853881835938e+01,4.906030178070068359e+00,2.115000000000000000e+03,0.000000000000000000e+00
4.619390000000000000e+06,9.772000122070312500e+01,5.235206985473632812e+01,4.831359863281250000e+00,4.906000000000000000e+03,0.000000000000000000e+00
4.627398000000000000e+06,1.210800018310546875e+02,5.236616134643554688e+01,4.873239994049072266e+00,1.665000000000000000e+03,0.000000000000000000e+00
4.635416000000000000e+06,7.047000122070312500e+01,5.236425018310546875e+01,4.899310111999511719e+00,8.810000000000000000e+02,0.000000000000000000e+00
4.636051000000000000e+06,8.604000091552734375e+01,5.235871887207031250e+01,4.907279968261718750e+00,1.657000000000000000e+03,0.000000000000000000e+00
4.640869000000000000e+06,1.707200012207031250e+02,5.236791992187500000e+01,4.874859809875488281e+00,1.495000000000000000e+03,0.000000000000000000e+00
4.655656000000000000e+06,1.843500061035156250e+02,5.236714935302734375e+01,4.875460147857666016e+00,1.485000000000000000e+03,0.000000000000000000e+00
4.657496000000000000e+06,1.979700012207031250e+02,5.235330963134765625e+01,4.869860172271728516e+00,2.720000000000000000e+03,0.000000000000000000e+00
4.673904000000000000e+06,9.091000366210937500e+01,5.237337875366210938e+01,4.863329887390136719e+00,2.217000000000000000e+03,0.000000000000000000e+00
4.697911000000000000e+06,9.187999725341796875e+01,5.239910888671875000e+01,4.955460071563720703e+00,5.049000000000000000e+03,0.000000000000000000e+00
4.707046000000000000e+06,1.210800018310546875e+02,5.236986160278320312e+01,4.922579765319824219e+00,1.825000000000000000e+03,0.000000000000000000e+00
4.714161000000000000e+06,1.249700012207031250e+02,5.235226058959960938e+01,4.898349761962890625e+00,2.190000000000000000e+03,0.000000000000000000e+00
4.721743000000000000e+06,1.152399978637695312e+02,5.237596893310546875e+01,4.884300231933593750e+00,9.080000000000000000e+02,0.000000000000000000e+00
4.721855000000000000e+06,1.648800048828125000e+02,5.238824844360351562e+01,4.878809928894042969e+00,2.157000000000000000e+03,0.000000000000000000e+00
4.727758000000000000e+06,1.746100006103515625e+02,5.236791992187500000e+01,4.890409946441650391e+00,5.780000000000000000e+02,0.000000000000000000e+00
4.743452000000000000e+06,3.060100097656250000e+02,5.236724090576171875e+01,4.871980190277099609e+00,1.705000000000000000e+03,0.000000000000000000e+00
4.743636000000000000e+06,8.408999633789062500e+01,5.236432266235351562e+01,4.899321079254150391e+00,8.740000000000000000e+02,0.000000000000000000e+00
4.748130000000000000e+06,2.476100006103515625e+02,5.236508178710937500e+01,4.924419879913330078e+00,2.079000000000000000e+03,0.000000000000000000e+00
4.756790000000000000e+06,2.524799957275390625e+02,5.235100173950195312e+01,4.854529857635498047e+00,3.646000000000000000e+03,0.000000000000000000e+00
4.761760000000000000e+06,1.746100006103515625e+02,5.237065124511718750e+01,4.940390110015869141e+00,3.024000000000000000e+03,0.000000000000000000e+00
4.763419000000000000e+06,2.456699981689453125e+02,5.236677932739257812e+01,4.874370098114013672e+00,1.569000000000000000e+03,0.000000000000000000e+00
4.764531000000000000e+06,1.580700073242187500e+02,5.236925125122070312e+01,4.911190032958984375e+00,1.079000000000000000e+03,0.000000000000000000e+00
4.774677000000000000e+06,7.727999877929687500e+01,5.236283111572265625e+01,4.933949947357177734e+00,2.773000000000000000e+03,0.000000000000000000e+00
4.779111000000000000e+06,1.405500030517578125e+02,5.236120986938476562e+01,4.859109878540039062e+00,2.766000000000000000e+03,0.000000000000000000e+00
4.806346000000000000e+06,2.651300048828125000e+02,5.237430953979492188e+01,4.839389801025390625e+00,3.846000000000000000e+03,0.000000000000000000e+00
4.815695000000000000e+06,1.989499969482421875e+02,5.235350036621093750e+01,4.887149810791015625e+00,2.130000000000000000e+03,0.000000000000000000e+00
4.831146000000000000e+06,3.692799987792968750e+02,5.234983825683593750e+01,4.892509937286376953e+00,2.464000000000000000e+03,0.000000000000000000e+00
4.847183000000000000e+06,1.162099990844726562e+02,5.236557006835937500e+01,4.926809787750244141e+00,2.213000000000000000e+03,0.000000000000000000e+00
4.860508000000000000e+06,2.476100006103515625e+02,5.238116073608398438e+01,4.888450145721435547e+00,1.147000000000000000e+03,0.000000000000000000e+00
4.861970000000000000e+06,1.045299987792968750e+02,5.237817001342773438e+01,4.847400188446044922e+00,3.365000000000000000e+03,0.000000000000000000e+00
4.864025000000000000e+06,2.573500061035156250e+02,5.236825180053710938e+01,4.930309772491455078e+00,2.371000000000000000e+03,0.000000000000000000e+00
4.864384000000000000e+06,6.656999969482421875e+01,5.234838104248046875e+01,4.788780212402343750e+00,7.730000000000000000e+03,0.000000000000000000e+00
4.880879000000000000e+06,1.814299926757812500e+02,5.235717010498046875e+01,4.921959877014160156e+00,2.411000000000000000e+03,0.000000000000000000e+00
4.884158000000000000e+06,1.317899932861328125e+02,5.236993026733398438e+01,4.865960121154785156e+00,2.044000000000000000e+03,0.000000000000000000e+00
4.892972000000000000e+06,1.317899932861328125e+02,5.235567855834960938e+01,4.885009765625000000e+00,1.949000000000000000e+03,0.000000000000000000e+00
4.898741000000000000e+06,1.746100006103515625e+02,5.236325836181640625e+01,4.903450012207031250e+00,1.089000000000000000e+03,0.000000000000000000e+00
4.899798000000000000e+06,7.825000000000000000e+01,5.236502838134765625e+01,4.944119930267333984e+00,3.362000000000000000e+03,0.000000000000000000e+00
4.919405000000000000e+06,1.882400054931640625e+02,5.235541152954101562e+01,4.892000198364257812e+00,1.852000000000000000e+03,0.000000000000000000e+00
4.934646000000000000e+06,1.162099990844726562e+02,5.236196136474609375e+01,4.917469978332519531e+00,1.835000000000000000e+03,0.000000000000000000e+00
4.946084000000000000e+06,1.561199951171875000e+02,5.236944961547851562e+01,4.920020103454589844e+00,1.660000000000000000e+03,0.000000000000000000e+00
4.949644000000000000e+06,2.476100006103515625e+02,5.239894104003906250e+01,4.920410156250000000e+00,3.436000000000000000e+03,0.000000000000000000e+00
4.961851000000000000e+06,1.502799987792968750e+02,5.240468978881835938e+01,4.907979965209960938e+00,3.737000000000000000e+03,0.000000000000000000e+00
4.964816000000000000e+06,1.181600036621093750e+02,5.235503005981445312e+01,4.903490066528320312e+00,1.945000000000000000e+03,0.000000000000000000e+00
4.965912000000000000e+06,3.916700134277343750e+02,5.235229873657226562e+01,4.846980094909667969e+00,3.973000000000000000e+03,0.000000000000000000e+00
4.969675000000000000e+06,1.746100006103515625e+02,5.238708114624023438e+01,4.955500125885009766e+00,4.384000000000000000e+03,0.000000000000000000e+00
4.991085000000000000e+06,8.215000152587890625e+01,5.236529159545898438e+01,4.851379871368408203e+00,3.111000000000000000e+03,0.000000000000000000e+00
5.012728000000000000e+06,7.825000000000000000e+01,5.234735870361328125e+01,4.788459777832031250e+00,7.790000000000000000e+03,0.000000000000000000e+00
5.027842000000000000e+06,1.746100006103515625e+02,5.238441848754882812e+01,4.876599788665771484e+00,1.912000000000000000e+03,0.000000000000000000e+00
5.034576000000000000e+06,1.502799987792968750e+02,5.235361862182617188e+01,4.900529861450195312e+00,2.057000000000000000e+03,0.000000000000000000e+00
5.062713000000000000e+06,2.476100006103515625e+02,5.237165069580078125e+01,4.849120140075683594e+00,3.176000000000000000e+03,0.000000000000000000e+00
5.072326000000000000e+06,1.668300018310546875e+02,5.235997009277343750e+01,4.912930011749267578e+00,1.760000000000000000e+03,0.000000000000000000e+00
5.087895000000000000e+06,1.006399993896484375e+02,5.238364028930664062e+01,4.877669811248779297e+00,1.799000000000000000e+03,0.000000000000000000e+00
5.088206000000000000e+06,3.731700134277343750e+02,5.236117172241210938e+01,4.866270065307617188e+00,2.339000000000000000e+03,0.000000000000000000e+00
5.109339000000000000e+06,3.060100097656250000e+02,5.237422180175781250e+01,4.882249832153320312e+00,9.620000000000000000e+02,0.000000000000000000e+00
5.114153000000000000e+06,1.892100067138671875e+02,5.237942123413085938e+01,4.884230136871337891e+00,1.152000000000000000e+03,0.000000000000000000e+00
5.115463000000000000e+06,1.551499938964843750e+02,5.235277938842773438e+01,4.901150226593017578e+00,2.156000000000000000e+03,0.000000000000000000e+00
5.121629000000000000e+06,1.882400054931640625e+02,5.238438034057617188e+01,4.874949932098388672e+00,1.987000000000000000e+03,0.000000000000000000e+00
5.128825000000000000e+06,1.687700042724609375e+02,5.237990951538085938e+01,4.857079982757568359e+00,2.782000000000000000e+03,0.000000000000000000e+00
5.132885000000000000e+06,3.663599853515625000e+02,5.236180877685546875e+01,4.897550106048583984e+00,1.128000000000000000e+03,0.000000000000000000e+00
5.133110000000000000e+06,3.381300048828125000e+02,5.236869812011718750e+01,4.885950088500976562e+00,7.640000000000000000e+02,0.000000000000000000e+00
5.142163000000000000e+06,1.502799987792968750e+02,5.238951873779296875e+01,4.886610031127929688e+00,2.058000000000000000e+03,0.000000000000000000e+00
5.156433000000000000e+06,7.727999877929687500e+01,5.235033035278320312e+01,4.831160068511962891e+00,5.008000000000000000e+03,0.000000000000000000e+00
5.177030000000000000e+06,3.157500000000000000e+02,5.237749862670898438e+01,4.945260047912597656e+00,3.408000000000000000e+03,0.000000000000000000e+00
5.184303000000000000e+06,2.378800048828125000e+02,5.238402175903320312e+01,4.884910106658935547e+00,1.541000000000000000e+03,0.000000000000000000e+00
5.202774000000000000e+06,1.308099975585937500e+02,5.237104034423828125e+01,4.894730091094970703e+00,1.240000000000000000e+02,0.000000000000000000e+00
5.260611000000000000e+06,8.384199829101562500e+02,5.235694885253906250e+01,4.919119834899902344e+00,2.291000000000000000e+03,0.000000000000000000e+00
5.296423000000000000e+06,4.320999908447265625e+01,5.236111831665039062e+01,4.825210094451904297e+00,4.947000000000000000e+03,0.000000000000000000e+00
5.312713000000000000e+06,9.675000000000000000e+01,5.240480422973632812e+01,4.903020858764648438e+00,3.691000000000000000e+03,0.000000000000000000e+00
5.349374000000000000e+06,9.675000000000000000e+01,5.237429809570312500e+01,4.875420093536376953e+00,1.416000000000000000e+03,0.000000000000000000e+00
5.390933000000000000e+06,3.030899963378906250e+02,5.237088012695312500e+01,4.903510093688964844e+00,5.290000000000000000e+02,0.000000000000000000e+00
5.401988000000000000e+06,1.512500000000000000e+02,5.235470962524414062e+01,4.914680004119873047e+00,2.298000000000000000e+03,0.000000000000000000e+00
5.403528000000000000e+06,1.308099975585937500e+02,5.242184829711914062e+01,4.902929782867431641e+00,5.575000000000000000e+03,0.000000000000000000e+00
5.427607000000000000e+06,2.914100036621093750e+02,5.234637832641601562e+01,4.890870094299316406e+00,2.858000000000000000e+03,0.000000000000000000e+00
5.428747000000000000e+06,2.719500122070312500e+02,5.234666061401367188e+01,4.888790130615234375e+00,2.848000000000000000e+03,0.000000000000000000e+00
5.432591000000000000e+06,1.016100006103515625e+02,5.237889099121093750e+01,4.930950164794921875e+00,2.503000000000000000e+03,0.000000000000000000e+00
5.444330000000000000e+06,1.746100006103515625e+02,5.234579849243164062e+01,4.890900135040283203e+00,2.922000000000000000e+03,0.000000000000000000e+00
5.450176000000000000e+06,1.240000000000000000e+02,5.234086990356445312e+01,4.900340080261230469e+00,3.463000000000000000e+03,0.000000000000000000e+00
5.453878000000000000e+06,2.184100036621093750e+02,5.234450912475585938e+01,4.864109992980957031e+00,3.733000000000000000e+03,0.000000000000000000e+00
5.474153000000000000e+06,1.337299957275390625e+02,5.237105941772460938e+01,4.848480224609375000e+00,3.221000000000000000e+03,0.000000000000000000e+00
5.494065000000000000e+06,2.476100006103515625e+02,5.236975860595703125e+01,4.880650043487548828e+00,1.062000000000000000e+03,0.000000000000000000e+00
5.501544000000000000e+06,1.366499938964843750e+02,5.235340881347656250e+01,4.925039768218994141e+00,2.853000000000000000e+03,0.000000000000000000e+00
5.503580000000000000e+06,1.697500000000000000e+02,5.229122161865234375e+01,4.973659992218017578e+00,1.041100000000000000e+04,0.000000000000000000e+00
5.519881000000000000e+06,1.317899932861328125e+02,5.238055038452148438e+01,4.875949859619140625e+00,1.661000000000000000e+03,0.000000000000000000e+00
5.596462000000000000e+06,1.746100006103515625e+02,5.235289001464843750e+01,4.993619918823242188e+00,6.964000000000000000e+03,0.000000000000000000e+00
5.609836000000000000e+06,1.746100006103515625e+02,5.238085174560546875e+01,4.873720169067382812e+00,1.805000000000000000e+03,0.000000000000000000e+00
5.617321000000000000e+06,1.746100006103515625e+02,5.237377166748046875e+01,4.888269901275634766e+00,5.580000000000000000e+02,0.000000000000000000e+00
5.622623000000000000e+06,1.502799987792968750e+02,5.235123062133789062e+01,5.000319957733154297e+00,7.454000000000000000e+03,0.000000000000000000e+00
5.625228000000000000e+06,1.405500030517578125e+02,5.237083816528320312e+01,4.913889884948730469e+00,1.227000000000000000e+03,0.000000000000000000e+00
5.629549000000000000e+06,1.502799987792968750e+02,5.234159088134765625e+01,4.908609867095947266e+00,3.479000000000000000e+03,0.000000000000000000e+00
5.635872000000000000e+06,1.502799987792968750e+02,5.238468170166015625e+01,4.912909984588623047e+00,1.831000000000000000e+03,0.000000000000000000e+00
5.647050000000000000e+06,1.269199981689453125e+02,5.234703063964843750e+01,4.877270221710205078e+00,3.041000000000000000e+03,0.000000000000000000e+00
5.655600000000000000e+06,1.892100067138671875e+02,5.236949920654296875e+01,4.862289905548095703e+00,2.297000000000000000e+03,0.000000000000000000e+00
5.663570000000000000e+06,2.018699951171875000e+02,5.237628173828125000e+01,4.877659797668457031e+00,1.331000000000000000e+03,0.000000000000000000e+00
5.663785000000000000e+06,4.666099853515625000e+02,5.236923980712890625e+01,4.860249996185302734e+00,2.438000000000000000e+03,0.000000000000000000e+00
5.666746000000000000e+06,4.899700012207031250e+02,5.234965133666992188e+01,5.008090019226074219e+00,8.010000000000000000e+03,0.000000000000000000e+00
5.671597000000000000e+06,2.953099975585937500e+02,5.236793136596679688e+01,4.907259941101074219e+00,8.890000000000000000e+02,0.000000000000000000e+00
5.674097000000000000e+06,4.422799987792968750e+02,5.237414169311523438e+01,4.882090091705322266e+00,9.700000000000000000e+02,0.000000000000000000e+00
5.687572000000000000e+06,1.162099990844726562e+02,5.237313842773437500e+01,4.859940052032470703e+00,2.445000000000000000e+03,0.000000000000000000e+00
5.706436000000000000e+06,2.719500122070312500e+02,5.235324096679687500e+01,4.937510013580322266e+00,3.505000000000000000e+03,0.000000000000000000e+00
5.707655000000000000e+06,8.215000152587890625e+01,5.240404891967773438e+01,4.941649913787841797e+00,4.735000000000000000e+03,0.000000000000000000e+00
5.719013000000000000e+06,1.531999969482421875e+02,5.236972045898437500e+01,4.893509864807128906e+00,2.920000000000000000e+02,0.000000000000000000e+00
5.722319000000000000e+06,1.600099945068359375e+02,5.238404846191406250e+01,4.907380104064941406e+00,1.560000000000000000e+03,0.000000000000000000e+00
5.722615000000000000e+06,1.210800018310546875e+02,5.235852050781250000e+01,4.909190177917480469e+00,1.740000000000000000e+03,0.000000000000000000e+00
5.732731000000000000e+06,2.865499877929687500e+02,5.238230895996093750e+01,4.872330188751220703e+00,1.975000000000000000e+03,0.000000000000000000e+00
5.739999000000000000e+06,1.308099975585937500e+02,5.234960937500000000e+01,4.850969791412353516e+00,3.931000000000000000e+03,0.000000000000000000e+00
5.741450000000000000e+06,1.386000061035156250e+02,5.237807083129882812e+01,4.883920192718505859e+00,1.064000000000000000e+03,0.000000000000000000e+00
5.741919000000000000e+06,2.962799987792968750e+02,5.235633850097656250e+01,4.990940093994140625e+00,6.681000000000000000e+03,0.000000000000000000e+00
5.744181000000000000e+06,1.843500061035156250e+02,5.235662841796875000e+01,4.987390041351318359e+00,6.440000000000000000e+03,0.000000000000000000e+00
5.748017000000000000e+06,1.210800018310546875e+02,5.234254837036132812e+01,4.901140213012695312e+00,3.283000000000000000e+03,0.000000000000000000e+00
5.752944000000000000e+06,1.843500061035156250e+02,5.236980056762695312e+01,4.913959980010986328e+00,1.248000000000000000e+03,0.000000000000000000e+00
5.781996000000000000e+06,1.308099975585937500e+02,5.238069152832031250e+01,4.884469985961914062e+00,1.248000000000000000e+03,0.000000000000000000e+00
5.809024000000000000e+06,8.798999786376953125e+01,5.235393142700195312e+01,4.994359970092773438e+00,6.978000000000000000e+03,0.000000000000000000e+00
5.819801000000000000e+06,1.862899932861328125e+02,5.235543823242187500e+01,4.904459953308105469e+00,1.920000000000000000e+03,0.000000000000000000e+00
5.822367000000000000e+06,1.210800018310546875e+02,5.236014938354492188e+01,4.929190158843994141e+00,2.611000000000000000e+03,0.000000000000000000e+00
5.830457000000000000e+06,1.989499969482421875e+02,5.237385940551757812e+01,4.882249832153320312e+00,9.520000000000000000e+02,0.000000000000000000e+00
5.832006000000000000e+06,3.030899963378906250e+02,5.235470962524414062e+01,4.869830131530761719e+00,2.605000000000000000e+03,0.000000000000000000e+00
5.836359000000000000e+06,1.337299957275390625e+02,5.237163925170898438e+01,4.921339988708496094e+00,1.727000000000000000e+03,0.000000000000000000e+00
5.836389000000000000e+06,2.719500122070312500e+02,5.236317062377929688e+01,4.985779762268066406e+00,6.179000000000000000e+03,0.000000000000000000e+00
5.836403000000000000e+06,1.366499938964843750e+02,5.236714935302734375e+01,4.870440006256103516e+00,1.807000000000000000e+03,0.000000000000000000e+00
5.848732000000000000e+06,8.604000091552734375e+01,5.235710906982421875e+01,4.899189949035644531e+00,1.660000000000000000e+03,0.000000000000000000e+00
5.865168000000000000e+06,2.408000030517578125e+02,5.237488937377929688e+01,4.905459880828857422e+00,7.290000000000000000e+02,0.000000000000000000e+00
5.865654000000000000e+06,1.016100006103515625e+02,5.238327026367187500e+01,4.914460182189941406e+00,1.785000000000000000e+03,0.000000000000000000e+00
5.877192000000000000e+06,1.697500000000000000e+02,5.239049148559570312e+01,4.882900238037109375e+00,2.248000000000000000e+03,0.000000000000000000e+00
5.881435000000000000e+06,5.950900268554687500e+02,5.237496185302734375e+01,4.878349781036376953e+00,1.239000000000000000e+03,0.000000000000000000e+00
5.882457000000000000e+06,1.162099990844726562e+02,5.236320114135742188e+01,4.925670146942138672e+00,2.241000000000000000e+03,0.000000000000000000e+00
5.884996000000000000e+06,1.103700027465820312e+02,5.235287094116210938e+01,4.885330200195312500e+00,2.234000000000000000e+03,0.000000000000000000e+00
5.887152000000000000e+06,8.701000213623046875e+01,5.234558868408203125e+01,4.795030117034912109e+00,7.448000000000000000e+03,0.000000000000000000e+00
5.897261000000000000e+06,8.408999633789062500e+01,5.242203903198242188e+01,4.955800056457519531e+00,6.899000000000000000e+03,0.000000000000000000e+00
5.899241000000000000e+06,2.184100036621093750e+02,5.235655975341796875e+01,4.918360233306884766e+00,2.288000000000000000e+03,0.000000000000000000e+00
5.902525000000000000e+06,1.746100006103515625e+02,5.235876083374023438e+01,4.859660148620605469e+00,2.862000000000000000e+03,0.000000000000000000e+00
5.910222000000000000e+06,3.011499938964843750e+02,5.235432052612304688e+01,4.905059814453125000e+00,2.051000000000000000e+03,0.000000000000000000e+00
5.922703000000000000e+06,7.338999938964843750e+01,5.235882186889648438e+01,4.934100151062011719e+00,2.974000000000000000e+03,0.000000000000000000e+00
5.950023000000000000e+06,2.758399963378906250e+02,5.236318969726562500e+01,4.876629829406738281e+00,1.628000000000000000e+03,0.000000000000000000e+00
5.950879000000000000e+06,2.884899902343750000e+02,5.236827087402343750e+01,4.850249767303466797e+00,3.125000000000000000e+03,0.000000000000000000e+00
5.962744000000000000e+06,8.701000213623046875e+01,5.235988998413085938e+01,4.895840167999267578e+00,1.335000000000000000e+03,0.000000000000000000e+00
5.981716000000000000e+06,1.055100021362304688e+02,5.236793899536132812e+01,4.872509956359863281e+00,1.648000000000000000e+03,0.000000000000000000e+00
5.982570000000000000e+06,2.592900085449218750e+02,5.236788177490234375e+01,4.910039901733398438e+00,1.059000000000000000e+03,0.000000000000000000e+00
5.991024000000000000e+06,9.772000122070312500e+01,5.234577178955078125e+01,4.876579761505126953e+00,3.188000000000000000e+03,0.000000000000000000e+00
5.999569000000000000e+06,1.395700073242187500e+02,5.235123062133789062e+01,4.860089778900146484e+00,3.346000000000000000e+03,0.000000000000000000e+00
6.003944000000000000e+06,1.191299972534179688e+02,5.236334991455078125e+01,4.863409996032714844e+00,2.402000000000000000e+03,0.000000000000000000e+00
6.010587000000000000e+06,1.317899932861328125e+02,5.237612915039062500e+01,4.883220195770263672e+00,9.810000000000000000e+02,0.000000000000000000e+00
6.011262000000000000e+06,2.476100006103515625e+02,5.235457992553710938e+01,4.886419773101806641e+00,2.030000000000000000e+03,0.000000000000000000e+00
6.012665000000000000e+06,1.152399978637695312e+02,5.234820938110351562e+01,4.904059886932373047e+00,2.692000000000000000e+03,0.000000000000000000e+00
6.021332000000000000e+06,2.184100036621093750e+02,5.237937927246093750e+01,4.815559864044189453e+00,5.517000000000000000e+03,0.000000000000000000e+00
6.043774000000000000e+06,6.072999954223632812e+01,5.235538864135742188e+01,4.920710086822509766e+00,2.492000000000000000e+03,0.000000000000000000e+00
6.057672000000000000e+06,1.259499969482421875e+02,5.237839889526367188e+01,4.852149963378906250e+00,3.057000000000000000e+03,0.000000000000000000e+00
6.068622000000000000e+06,1.103700027465820312e+02,5.238219833374023438e+01,4.871389865875244141e+00,2.020000000000000000e+03,0.000000000000000000e+00
6.075433000000000000e+06,3.449500122070312500e+02,5.237173080444335938e+01,4.871089935302734375e+00,1.684000000000000000e+03,0.000000000000000000e+00
6.077424000000000000e+06,3.546799926757812500e+02,5.235306930541992188e+01,4.881309986114501953e+00,2.316000000000000000e+03,0.000000000000000000e+00
6.085243000000000000e+06,2.962799987792968750e+02,5.236845016479492188e+01,4.872910022735595703e+00,1.607000000000000000e+03,0.000000000000000000e+00
6.088524000000000000e+06,2.534499969482421875e+02,5.236526870727539062e+01,4.942749977111816406e+00,3.265000000000000000e+03,0.000000000000000000e+00
6.089697000000000000e+06,2.038099975585937500e+02,5.238991165161132812e+01,4.877079963684082031e+00,2.376000000000000000e+03,0.000000000000000000e+00
6.091841000000000000e+06,1.220500030517578125e+02,5.236008071899414062e+01,4.910910129547119141e+00,1.663000000000000000e+03,0.000000000000000000e+00
6.114406000000000000e+06,2.476100006103515625e+02,5.234950256347656250e+01,4.936023712158203125e+00,3.691000000000000000e+03,0.000000000000000000e+00
6.120031000000000000e+06,3.157500000000000000e+02,5.238103866577148438e+01,4.887989997863769531e+00,1.149000000000000000e+03,0.000000000000000000e+00
6.133157000000000000e+06,6.559999847412109375e+01,5.238565826416015625e+01,4.883780002593994141e+00,1.737000000000000000e+03,0.000000000000000000e+00
6.142913000000000000e+06,1.210800018310546875e+02,5.234268951416015625e+01,4.871920108795166016e+00,3.633000000000000000e+03,0.000000000000000000e+00
6.142928000000000000e+06,1.181600036621093750e+02,5.234268951416015625e+01,4.871910095214843750e+00,3.634000000000000000e+03,0.000000000000000000e+00
6.196535000000000000e+06,1.308099975585937500e+02,5.236043930053710938e+01,4.849530220031738281e+00,3.396000000000000000e+03,0.000000000000000000e+00
6.196745000000000000e+06,1.006399993896484375e+02,5.236423110961914062e+01,4.868340015411376953e+00,2.056000000000000000e+03,0.000000000000000000e+00
6.211859000000000000e+06,1.746100006103515625e+02,5.235047912597656250e+01,4.895470142364501953e+00,2.382000000000000000e+03,0.000000000000000000e+00
6.236389000000000000e+06,2.719500122070312500e+02,5.237709045410156250e+01,4.875189781188964844e+00,1.520000000000000000e+03,0.000000000000000000e+00
6.243633000000000000e+06,2.184100036621093750e+02,5.239313888549804688e+01,4.923270225524902344e+00,3.005000000000000000e+03,0.000000000000000000e+00
6.255736000000000000e+06,1.493099975585937500e+02,5.237046813964843750e+01,4.874639987945556641e+00,1.452000000000000000e+03,0.000000000000000000e+00
6.258741000000000000e+06,1.142699966430664062e+02,5.237405014038085938e+01,4.871799945831298828e+00,1.653000000000000000e+03,0.000000000000000000e+00
6.259402000000000000e+06,2.476100006103515625e+02,5.238753128051757812e+01,4.884319782257080078e+00,1.908000000000000000e+03,0.000000000000000000e+00
6.260326000000000000e+06,3.449500122070312500e+02,5.237279891967773438e+01,4.876080036163330078e+00,1.349000000000000000e+03,0.000000000000000000e+00
6.264293000000000000e+06,1.493099975585937500e+02,5.236048889160156250e+01,4.860789775848388672e+00,2.700000000000000000e+03,0.000000000000000000e+00
6.283404000000000000e+06,1.483300018310546875e+02,5.237694931030273438e+01,4.836770057678222656e+00,4.053000000000000000e+03,0.000000000000000000e+00
6.285243000000000000e+06,2.758399963378906250e+02,5.236396026611328125e+01,4.906479835510253906e+00,1.138000000000000000e+03,0.000000000000000000e+00
6.294513000000000000e+06,1.843500061035156250e+02,5.236127853393554688e+01,4.857649803161621094e+00,2.853000000000000000e+03,0.000000000000000000e+00
6.297430000000000000e+06,1.162099990844726562e+02,5.238624954223632812e+01,4.891039848327636719e+00,1.629000000000000000e+03,0.000000000000000000e+00
6.297991000000000000e+06,1.201100006103515625e+02,5.236542129516601562e+01,4.873089790344238281e+00,1.708000000000000000e+03,0.000000000000000000e+00
6.323190000000000000e+06,1.327599945068359375e+02,5.236286926269531250e+01,4.974909782409667969e+00,5.458000000000000000e+03,0.000000000000000000e+00
6.340144000000000000e+06,1.502799987792968750e+02,5.238708877563476562e+01,4.944859981536865234e+00,3.728000000000000000e+03,0.000000000000000000e+00
6.356312000000000000e+06,1.502799987792968750e+02,5.236819839477539062e+01,4.866030216217041016e+00,2.069000000000000000e+03,0.000000000000000000e+00
6.356866000000000000e+06,1.210800018310546875e+02,5.237144851684570312e+01,4.849420070648193359e+00,3.156000000000000000e+03,0.000000000000000000e+00
6.358749000000000000e+06,1.979700012207031250e+02,5.237237930297851562e+01,4.882599830627441406e+00,9.040000000000000000e+02,0.000000000000000000e+00
6.359921000000000000e+06,1.016100006103515625e+02,5.235987091064453125e+01,4.906229972839355469e+00,1.510000000000000000e+03,0.000000000000000000e+00
6.361722000000000000e+06,7.727999877929687500e+01,5.234075164794921875e+01,4.947549819946289062e+00,4.929000000000000000e+03,0.000000000000000000e+00
6.371658000000000000e+06,2.378800048828125000e+02,5.238034820556640625e+01,4.853529930114746094e+00,3.026000000000000000e+03,0.000000000000000000e+00
6.372597000000000000e+06,3.313200073242187500e+02,5.237371826171875000e+01,4.879089832305908203e+00,1.159000000000000000e+03,0.000000000000000000e+00
6.373767000000000000e+06,8.506999969482421875e+01,5.235253906250000000e+01,4.894579887390136719e+00,2.155000000000000000e+03,0.000000000000000000e+00
6.375033000000000000e+06,1.084300003051757812e+02,5.238563156127929688e+01,4.917850017547607422e+00,2.133000000000000000e+03,0.000000000000000000e+00
6.392669000000000000e+06,1.794799957275390625e+02,5.241833114624023438e+01,4.905189990997314453e+00,5.201000000000000000e+03,0.000000000000000000e+00
6.418164000000000000e+06,8.701000213623046875e+01,5.237728118896484375e+01,4.945640087127685547e+00,3.429000000000000000e+03,0.000000000000000000e+00
6.429875000000000000e+06,2.232799987792968750e+02,5.240869903564453125e+01,4.904980182647705078e+00,4.138000000000000000e+03,0.000000000000000000e+00
6.430582000000000000e+06,6.320800170898437500e+02,5.237088012695312500e+01,4.868140220642089844e+00,1.888000000000000000e+03,0.000000000000000000e+00
6.439888000000000000e+06,1.113499984741210938e+02,5.238822937011718750e+01,4.959209918975830078e+00,4.665000000000000000e+03,0.000000000000000000e+00
6.441316000000000000e+06,9.869000244140625000e+01,5.235599899291992188e+01,4.888609886169433594e+00,1.836000000000000000e+03,0.000000000000000000e+00
6.442389000000000000e+06,2.962799987792968750e+02,5.234825134277343750e+01,4.909239768981933594e+00,2.781000000000000000e+03,0.000000000000000000e+00
6.447564000000000000e+06,1.269199981689453125e+02,5.235025024414062500e+01,4.893249988555908203e+00,2.414000000000000000e+03,0.000000000000000000e+00
6.455099000000000000e+06,3.936099853515625000e+02,5.233837127685546875e+01,4.846399784088134766e+00,5.020000000000000000e+03,0.000000000000000000e+00
6.463787000000000000e+06,8.701000213623046875e+01,5.241469955444335938e+01,5.026430130004882812e+00,1.005500000000000000e+04,0.000000000000000000e+00
6.471162000000000000e+06,1.600099945068359375e+02,5.236047363281250000e+01,4.892034053802490234e+00,1.297000000000000000e+03,0.000000000000000000e+00
6.474026000000000000e+06,1.317899932861328125e+02,5.237585830688476562e+01,4.878960132598876953e+00,1.231000000000000000e+03,0.000000000000000000e+00
6.485103000000000000e+06,2.008899993896484375e+02,5.236185836791992188e+01,4.891849994659423828e+00,1.150000000000000000e+03,0.000000000000000000e+00
6.487791000000000000e+06,1.016100006103515625e+02,5.236938858032226562e+01,4.859119892120361328e+00,2.513000000000000000e+03,0.000000000000000000e+00
6.512301000000000000e+06,1.259499969482421875e+02,5.238190078735351562e+01,4.880209922790527344e+00,1.540000000000000000e+03,0.000000000000000000e+00
6.512505000000000000e+06,1.979700012207031250e+02,5.235918045043945312e+01,4.923870086669921875e+00,2.368000000000000000e+03,0.000000000000000000e+00
6.512602000000000000e+06,1.483300018310546875e+02,5.236611175537109375e+01,4.859580039978027344e+00,2.548000000000000000e+03,0.000000000000000000e+00
6.524982000000000000e+06,3.157500000000000000e+02,5.236922836303710938e+01,4.868380069732666016e+00,1.892000000000000000e+03,0.000000000000000000e+00
6.531893000000000000e+06,9.675000000000000000e+01,5.236877059936523438e+01,4.931139945983886719e+00,2.418000000000000000e+03,0.000000000000000000e+00
6.532120000000000000e+06,1.064800033569335938e+02,5.237540054321289062e+01,4.863120079040527344e+00,2.259000000000000000e+03,0.000000000000000000e+00
6.533303000000000000e+06,2.086799926757812500e+02,5.236915969848632812e+01,4.911570072174072266e+00,1.107000000000000000e+03,0.000000000000000000e+00
6.535641000000000000e+06,7.727999877929687500e+01,5.238650894165039062e+01,4.916520118713378906e+00,2.144000000000000000e+03,0.000000000000000000e+00
6.539947000000000000e+06,1.648800048828125000e+02,5.235742187500000000e+01,4.927430152893066406e+00,2.679000000000000000e+03,0.000000000000000000e+00
6.559031000000000000e+06,6.755000305175781250e+01,5.238423156738281250e+01,4.882520198822021484e+00,1.645000000000000000e+03,0.000000000000000000e+00
6.564052000000000000e+06,1.746100006103515625e+02,5.235382080078125000e+01,4.940320014953613281e+00,3.625000000000000000e+03,0.000000000000000000e+00
6.564456000000000000e+06,1.979700012207031250e+02,5.236388015747070312e+01,4.920780181884765625e+00,1.910000000000000000e+03,0.000000000000000000e+00
6.564747000000000000e+06,5.100000000000000000e+01,5.238222122192382812e+01,4.883830070495605469e+00,1.410000000000000000e+03,0.000000000000000000e+00
6.571994000000000000e+06,1.746100006103515625e+02,5.238113021850585938e+01,4.891709804534912109e+00,1.065000000000000000e+03,0.000000000000000000e+00
6.587565000000000000e+06,9.675000000000000000e+01,5.241810989379882812e+01,4.901780128479003906e+00,5.154000000000000000e+03,0.000000000000000000e+00
6.594177000000000000e+06,1.989499969482421875e+02,5.237594985961914062e+01,4.879069805145263672e+00,1.228000000000000000e+03,0.000000000000000000e+00
6.605182000000000000e+06,2.359299926757812500e+02,5.236323928833007812e+01,4.898839950561523438e+00,9.830000000000000000e+02,0.000000000000000000e+00
6.608540000000000000e+06,2.184100036621093750e+02,5.235779190063476562e+01,4.920969963073730469e+00,2.315000000000000000e+03,0.000000000000000000e+00
6.611814000000000000e+06,8.408999633789062500e+01,5.242203903198242188e+01,4.955800056457519531e+00,6.899000000000000000e+03,0.000000000000000000e+00
6.619931000000000000e+06,2.768099975585937500e+02,5.236886978149414062e+01,4.866300106048583984e+00,2.038000000000000000e+03,0.000000000000000000e+00
6.620804000000000000e+06,1.746100006103515625e+02,5.235744094848632812e+01,4.937389850616455078e+00,3.244000000000000000e+03,0.000000000000000000e+00
6.624170000000000000e+06,1.220500030517578125e+02,5.236841964721679688e+01,4.924379825592041016e+00,1.972000000000000000e+03,0.000000000000000000e+00
6.629852000000000000e+06,1.210800018310546875e+02,5.236590957641601562e+01,4.907120227813720703e+00,1.012000000000000000e+03,0.000000000000000000e+00
6.633038000000000000e+06,2.787600097656250000e+02,5.237464141845703125e+01,4.878200054168701172e+00,1.240000000000000000e+03,0.000000000000000000e+00
6.654255000000000000e+06,6.268000030517578125e+01,5.238576889038085938e+01,4.870069980621337891e+00,2.335000000000000000e+03,0.000000000000000000e+00
6.656481000000000000e+06,1.308099975585937500e+02,5.238138961791992188e+01,4.868659973144531250e+00,2.129000000000000000e+03,0.000000000000000000e+00
6.657872000000000000e+06,1.113499984741210938e+02,5.235173034667968750e+01,4.913280010223388672e+00,2.534000000000000000e+03,0.000000000000000000e+00
6.665729000000000000e+06,4.904999923706054688e+01,5.230022811889648438e+01,4.999869823455810547e+00,1.065000000000000000e+04,0.000000000000000000e+00
6.668354000000000000e+06,1.064800033569335938e+02,5.238389968872070312e+01,4.892020225524902344e+00,1.360000000000000000e+03,0.000000000000000000e+00
6.675077000000000000e+06,3.916700134277343750e+02,5.235612869262695312e+01,4.888629913330078125e+00,1.822000000000000000e+03,0.000000000000000000e+00
6.718474000000000000e+06,1.639100036621093750e+02,5.238410949707031250e+01,4.884600162506103516e+00,1.559000000000000000e+03,0.000000000000000000e+00
6.724346000000000000e+06,2.086799926757812500e+02,5.234735870361328125e+01,4.856460094451904297e+00,3.823000000000000000e+03,0.000000000000000000e+00
6.727439000000000000e+06,1.132900009155273438e+02,5.236059951782226562e+01,4.855909824371337891e+00,2.992000000000000000e+03,0.000000000000000000e+00
6.732776000000000000e+06,2.962799987792968750e+02,5.234973144531250000e+01,4.876520156860351562e+00,2.794000000000000000e+03,0.000000000000000000e+00
6.734900000000000000e+06,9.187999725341796875e+01,5.236222076416015625e+01,4.900809764862060547e+00,1.127000000000000000e+03,0.000000000000000000e+00
6.735459000000000000e+06,1.843500061035156250e+02,5.236893844604492188e+01,4.886569976806640625e+00,7.140000000000000000e+02,0.000000000000000000e+00
6.745944000000000000e+06,1.269199981689453125e+02,5.238211059570312500e+01,4.872910022735595703e+00,1.930000000000000000e+03,0.000000000000000000e+00
6.754992000000000000e+06,3.449500122070312500e+02,5.233158111572265625e+01,4.886129856109619141e+00,4.532000000000000000e+03,0.000000000000000000e+00
6.759073000000000000e+06,2.232799987792968750e+02,5.235905075073242188e+01,4.857100009918212891e+00,2.997000000000000000e+03,0.000000000000000000e+00
6.764251000000000000e+06,2.661099853515625000e+02,5.238344955444335938e+01,4.872509956359863281e+00,2.042000000000000000e+03,0.000000000000000000e+00
6.778319000000000000e+06,2.466399993896484375e+02,5.236494827270507812e+01,4.878670215606689453e+00,1.402000000000000000e+03,0.000000000000000000e+00
6.780631000000000000e+06,1.658500061035156250e+02,5.237092971801757812e+01,4.856299877166748047e+00,2.691000000000000000e+03,0.000000000000000000e+00
6.781848000000000000e+06,1.697500000000000000e+02,5.238071060180664062e+01,4.857379913330078125e+00,2.792000000000000000e+03,0.000000000000000000e+00
6.786864000000000000e+06,1.639100036621093750e+02,5.236809921264648438e+01,4.899340152740478516e+00,4.830000000000000000e+02,0.000000000000000000e+00
6.801759000000000000e+06,1.210800018310546875e+02,5.236846160888671875e+01,4.873889923095703125e+00,1.542000000000000000e+03,0.000000000000000000e+00
6.803889000000000000e+06,2.057599945068359375e+02,5.235052871704101562e+01,4.859610080718994141e+00,3.423000000000000000e+03,0.000000000000000000e+00
6.806602000000000000e+06,2.553999938964843750e+02,5.239976119995117188e+01,4.903309822082519531e+00,3.139000000000000000e+03,0.000000000000000000e+00
6.816107000000000000e+06,1.298399963378906250e+02,5.237297821044921875e+01,4.854179859161376953e+00,2.835000000000000000e+03,0.000000000000000000e+00
6.816936000000000000e+06,2.758399963378906250e+02,5.235102844238281250e+01,4.892179965972900391e+00,2.334000000000000000e+03,0.000000000000000000e+00
6.819536000000000000e+06,1.639100036621093750e+02,5.237046051025390625e+01,4.911359786987304688e+00,1.062000000000000000e+03,0.000000000000000000e+00
6.819794000000000000e+06,1.794799957275390625e+02,5.235556030273437500e+01,4.911980152130126953e+00,2.120000000000000000e+03,0.000000000000000000e+00
6.820290000000000000e+06,1.697500000000000000e+02,5.236457061767578125e+01,4.911419868469238281e+00,1.332000000000000000e+03,0.000000000000000000e+00
6.825880000000000000e+06,1.298399963378906250e+02,5.238948822021484375e+01,4.886579990386962891e+00,2.056000000000000000e+03,0.000000000000000000e+00
6.826043000000000000e+06,2.086799926757812500e+02,5.239482879638671875e+01,4.914770126342773438e+00,2.853000000000000000e+03,0.000000000000000000e+00
6.827912000000000000e+06,6.019099731445312500e+02,5.236846160888671875e+01,4.866320133209228516e+00,2.044000000000000000e+03,0.000000000000000000e+00
6.830226000000000000e+06,9.091000366210937500e+01,5.235194015502929688e+01,4.913350105285644531e+00,2.516000000000000000e+03,0.000000000000000000e+00
6.830331000000000000e+06,1.405500030517578125e+02,5.236095046997070312e+01,4.859449863433837891e+00,2.758000000000000000e+03,0.000000000000000000e+00
6.831196000000000000e+06,8.604000091552734375e+01,5.237002182006835938e+01,4.849619865417480469e+00,3.149000000000000000e+03,0.000000000000000000e+00
6.831658000000000000e+06,2.057599945068359375e+02,5.238970947265625000e+01,4.884850025177001953e+00,2.118000000000000000e+03,0.000000000000000000e+00
6.838383000000000000e+06,1.502799987792968750e+02,5.236785888671875000e+01,4.878359794616699219e+00,1.273000000000000000e+03,0.000000000000000000e+00
6.845563000000000000e+06,1.113499984741210938e+02,5.236545181274414062e+01,4.925320148468017578e+00,2.122000000000000000e+03,0.000000000000000000e+00
6.850043000000000000e+06,1.201100006103515625e+02,5.237939834594726562e+01,4.966129779815673828e+00,4.840000000000000000e+03,0.000000000000000000e+00
6.858436000000000000e+06,1.210800018310546875e+02,5.237166976928710938e+01,4.854710102081298828e+00,2.796000000000000000e+03,0.000000000000000000e+00
6.863052000000000000e+06,2.476100006103515625e+02,5.235736083984375000e+01,4.904679775238037109e+00,1.723000000000000000e+03,0.000000000000000000e+00
6.867245000000000000e+06,2.378800048828125000e+02,5.237089157104492188e+01,4.872580051422119141e+00,1.587000000000000000e+03,0.000000000000000000e+00
6.890932000000000000e+06,1.006399993896484375e+02,5.235586929321289062e+01,4.895410060882568359e+00,1.783000000000000000e+03,0.000000000000000000e+00
6.895794000000000000e+06,2.758399963378906250e+02,5.235128021240234375e+01,4.889910221099853516e+00,2.328000000000000000e+03,0.000000000000000000e+00
6.907368000000000000e+06,2.476100006103515625e+02,5.237384033203125000e+01,4.881849765777587891e+00,9.780000000000000000e+02,0.000000000000000000e+00
6.920719000000000000e+06,1.113499984741210938e+02,5.237115097045898438e+01,4.866960048675537109e+00,1.966000000000000000e+03,0.000000000000000000e+00
6.934089000000000000e+06,1.259499969482421875e+02,5.235031890869140625e+01,4.887479782104492188e+00,2.467000000000000000e+03,0.000000000000000000e+00
6.942100000000000000e+06,1.327599945068359375e+02,5.235630035400390625e+01,4.889110088348388672e+00,1.795000000000000000e+03,0.000000000000000000e+00
6.963313000000000000e+06,7.727999877929687500e+01,5.240404510498046875e+01,4.901576042175292969e+00,3.595000000000000000e+03,0.000000000000000000e+00
6.966341000000000000e+06,4.909500122070312500e+02,5.237060928344726562e+01,4.880879878997802734e+00,1.030000000000000000e+03,0.000000000000000000e+00
6.982667000000000000e+06,1.502799987792968750e+02,5.239860153198242188e+01,4.921609878540039062e+00,3.444000000000000000e+03,0.000000000000000000e+00
6.982920000000000000e+06,1.123199996948242188e+02,5.236174011230468750e+01,4.887090206146240234e+00,1.278000000000000000e+03,0.000000000000000000e+00
6.989796000000000000e+06,1.940800018310546875e+02,5.236114883422851562e+01,4.895999908447265625e+00,1.195000000000000000e+03,0.000000000000000000e+00
6.997921000000000000e+06,1.512500000000000000e+02,5.236420059204101562e+01,4.864950180053710938e+00,2.269000000000000000e+03,0.000000000000000000e+00
7.007415000000000000e+06,1.794799957275390625e+02,5.235158157348632812e+01,4.911610126495361328e+00,2.498000000000000000e+03,0.000000000000000000e+00
7.015007000000000000e+06,2.719500122070312500e+02,5.238227844238281250e+01,4.852169990539550781e+00,3.185000000000000000e+03,0.000000000000000000e+00
7.017061000000000000e+06,1.113499984741210938e+02,5.236426162719726562e+01,4.942399978637695312e+00,3.269000000000000000e+03,0.000000000000000000e+00
7.036515000000000000e+06,1.678000030517578125e+02,5.240481185913085938e+01,4.900400161743164062e+00,3.673000000000000000e+03,0.000000000000000000e+00
7.042979000000000000e+06,1.113499984741210938e+02,5.237213134765625000e+01,4.849500179290771484e+00,3.150000000000000000e+03,0.000000000000000000e+00
7.049460000000000000e+06,8.019999694824218750e+01,5.241371154785156250e+01,4.881289958953857422e+00,4.754000000000000000e+03,0.000000000000000000e+00
7.058094000000000000e+06,3.283999938964843750e+02,5.235297012329101562e+01,4.852059841156005859e+00,3.646000000000000000e+03,0.000000000000000000e+00
7.109857000000000000e+06,1.590399932861328125e+02,5.236206817626953125e+01,4.977129936218261719e+00,5.622000000000000000e+03,0.000000000000000000e+00
7.111455000000000000e+06,7.727999877929687500e+01,5.242512130737304688e+01,4.888420104980468750e+00,5.940000000000000000e+03,0.000000000000000000e+00
7.159415000000000000e+06,1.230299987792968750e+02,5.237007141113281250e+01,4.848770141601562500e+00,3.206000000000000000e+03,0.000000000000000000e+00
7.160841000000000000e+06,7.630999755859375000e+01,5.240744018554687500e+01,4.995790004730224609e+00,7.847000000000000000e+03,0.000000000000000000e+00
7.166128000000000000e+06,1.113499984741210938e+02,5.236846923828125000e+01,4.924560070037841797e+00,1.983000000000000000e+03,0.000000000000000000e+00
7.166473000000000000e+06,2.476100006103515625e+02,5.238727951049804688e+01,4.885260105133056641e+00,1.856000000000000000e+03,0.000000000000000000e+00
7.190115000000000000e+06,1.181600036621093750e+02,5.235480880737304688e+01,4.900780200958251953e+00,1.929000000000000000e+03,0.000000000000000000e+00
7.201865000000000000e+06,1.103700027465820312e+02,5.236281967163085938e+01,4.860050201416015625e+00,2.635000000000000000e+03,0.000000000000000000e+00
7.213232000000000000e+06,8.116999816894531250e+01,5.236381912231445312e+01,4.943449974060058594e+00,3.351000000000000000e+03,0.000000000000000000e+00
7.224738000000000000e+06,1.337299957275390625e+02,5.236481857299804688e+01,4.874740123748779297e+00,1.638000000000000000e+03,0.000000000000000000e+00
7.230512000000000000e+06,1.259499969482421875e+02,5.237712097167968750e+01,4.915679931640625000e+00,1.463000000000000000e+03,0.000000000000000000e+00
7.232162000000000000e+06,2.826499938964843750e+02,5.236697006225585938e+01,4.899148941040039062e+00,5.910000000000000000e+02,0.000000000000000000e+00
7.239681000000000000e+06,1.016100006103515625e+02,5.236880874633789062e+01,4.915729999542236328e+00,1.389000000000000000e+03,0.000000000000000000e+00
7.259667000000000000e+06,1.502799987792968750e+02,5.239007186889648438e+01,4.913410186767578125e+00,2.344000000000000000e+03,0.000000000000000000e+00
7.260210000000000000e+06,2.047899932861328125e+02,5.238206100463867188e+01,4.850359916687011719e+00,3.291000000000000000e+03,0.000000000000000000e+00
7.276869000000000000e+06,1.132900009155273438e+02,5.235668182373046875e+01,4.899990081787109375e+00,1.715000000000000000e+03,0.000000000000000000e+00
7.284214000000000000e+06,3.400799865722656250e+02,5.235456085205078125e+01,4.889830112457275391e+00,1.971000000000000000e+03,0.000000000000000000e+00
7.292517000000000000e+06,8.506999969482421875e+01,5.235287857055664062e+01,4.888309955596923828e+00,2.177000000000000000e+03,0.000000000000000000e+00
7.318827000000000000e+06,1.162099990844726562e+02,5.238196182250976562e+01,4.871210098266601562e+00,2.015000000000000000e+03,0.000000000000000000e+00
7.324648000000000000e+06,2.291199951171875000e+02,5.237055969238281250e+01,4.868549823760986328e+00,1.863000000000000000e+03,0.000000000000000000e+00
7.332860000000000000e+06,4.808000183105468750e+01,5.235457992553710938e+01,4.995220184326171875e+00,7.014000000000000000e+03,0.000000000000000000e+00
7.335372000000000000e+06,1.853200073242187500e+02,5.236494827270507812e+01,4.858580112457275391e+00,2.649000000000000000e+03,0.000000000000000000e+00
7.338230000000000000e+06,2.271699981689453125e+02,5.236832046508789062e+01,4.930389881134033203e+00,2.375000000000000000e+03,0.000000000000000000e+00
7.352133000000000000e+06,1.561199951171875000e+02,5.236072921752929688e+01,4.855249881744384766e+00,3.027000000000000000e+03,0.000000000000000000e+00
7.357862000000000000e+06,1.259499969482421875e+02,5.236397933959960938e+01,4.933640003204345703e+00,2.709000000000000000e+03,0.000000000000000000e+00
7.378848000000000000e+06,8.215000152587890625e+01,5.237057876586914062e+01,4.867280006408691406e+00,1.949000000000000000e+03,0.000000000000000000e+00
7.379564000000000000e+06,3.030899963378906250e+02,5.235913085937500000e+01,4.851339817047119141e+00,3.342000000000000000e+03,0.000000000000000000e+00
7.382264000000000000e+06,4.808000183105468750e+01,5.235379028320312500e+01,4.995600223541259766e+00,7.063000000000000000e+03,0.000000000000000000e+00
7.382576000000000000e+06,1.600099945068359375e+02,5.238510894775390625e+01,4.878439903259277344e+00,1.887000000000000000e+03,0.000000000000000000e+00
7.394725000000000000e+06,1.317899932861328125e+02,5.237928009033203125e+01,4.857349872589111328e+00,2.743000000000000000e+03,0.000000000000000000e+00
7.409137000000000000e+06,1.502799987792968750e+02,5.237543106079101562e+01,4.847680091857910156e+00,3.297000000000000000e+03,0.000000000000000000e+00
7.416224000000000000e+06,1.259499969482421875e+02,5.233911132812500000e+01,4.918570041656494141e+00,3.958000000000000000e+03,0.000000000000000000e+00
7.448268000000000000e+06,1.220500030517578125e+02,5.236412048339843750e+01,4.985239982604980469e+00,6.127000000000000000e+03,0.000000000000000000e+00
7.448305000000000000e+06,2.982300109863281250e+02,5.236415100097656250e+01,4.985879898071289062e+00,6.170000000000000000e+03,0.000000000000000000e+00
7.449504000000000000e+06,6.851999664306640625e+01,5.238314819335937500e+01,4.840769767761230469e+00,3.946000000000000000e+03,0.000000000000000000e+00
7.450864000000000000e+06,1.298399963378906250e+02,5.238734817504882812e+01,4.916049957275390625e+00,2.196000000000000000e+03,0.000000000000000000e+00
7.458963000000000000e+06,1.356799926757812500e+02,5.238718032836914062e+01,4.888830184936523438e+00,1.766000000000000000e+03,0.000000000000000000e+00
7.472412000000000000e+06,8.701000213623046875e+01,5.237128067016601562e+01,4.861929893493652344e+00,2.307000000000000000e+03,0.000000000000000000e+00
7.474662000000000000e+06,8.506999969482421875e+01,5.236330032348632812e+01,4.911349773406982422e+00,1.419000000000000000e+03,0.000000000000000000e+00
7.511434000000000000e+06,1.405500030517578125e+02,5.237186813354492188e+01,4.941359996795654297e+00,3.086000000000000000e+03,0.000000000000000000e+00
7.523012000000000000e+06,9.966999816894531250e+01,5.237239074707031250e+01,4.871719837188720703e+00,1.642000000000000000e+03,0.000000000000000000e+00
7.523103000000000000e+06,1.989499969482421875e+02,5.235250854492187500e+01,4.797679901123046875e+00,7.009000000000000000e+03,0.000000000000000000e+00
7.539137000000000000e+06,1.055100021362304688e+02,5.236199188232421875e+01,4.855249881744384766e+00,2.972000000000000000e+03,0.000000000000000000e+00
7.555385000000000000e+06,5.197000122070312500e+01,5.235955047607421875e+01,4.827129840850830078e+00,4.867000000000000000e+03,0.000000000000000000e+00
7.555544000000000000e+06,2.680499877929687500e+02,5.235433959960937500e+01,4.918580055236816406e+00,2.487000000000000000e+03,0.000000000000000000e+00
7.566493000000000000e+06,1.979700012207031250e+02,5.235697174072265625e+01,4.905159950256347656e+00,1.775000000000000000e+03,0.000000000000000000e+00
7.571471000000000000e+06,9.869000244140625000e+01,5.235660934448242188e+01,4.856699943542480469e+00,3.158000000000000000e+03,0.000000000000000000e+00
7.576502000000000000e+06,1.794799957275390625e+02,5.235340881347656250e+01,4.848420143127441406e+00,3.824000000000000000e+03,0.000000000000000000e+00
7.577306000000000000e+06,1.210800018310546875e+02,5.238233947753906250e+01,4.868609905242919922e+00,2.186000000000000000e+03,0.000000000000000000e+00
7.595349000000000000e+06,1.989499969482421875e+02,5.236384582519531250e+01,4.934910774230957031e+00,2.796000000000000000e+03,0.000000000000000000e+00
7.597331000000000000e+06,9.576999664306640625e+01,5.236397933959960938e+01,4.858469963073730469e+00,2.690000000000000000e+03,0.000000000000000000e+00
7.616030000000000000e+06,1.269199981689453125e+02,5.237445068359375000e+01,4.861670017242431641e+00,2.341000000000000000e+03,0.000000000000000000e+00
7.675556000000000000e+06,1.454100036621093750e+02,5.234373092651367188e+01,4.860650062561035156e+00,3.942000000000000000e+03,0.000000000000000000e+00
7.696601000000000000e+06,2.476100006103515625e+02,5.235644149780273438e+01,4.915629863739013672e+00,2.179000000000000000e+03,0.000000000000000000e+00
7.704803000000000000e+06,3.001700134277343750e+02,5.236251831054687500e+01,4.904240131378173828e+00,1.187000000000000000e+03,0.000000000000000000e+00
7.704893000000000000e+06,1.016100006103515625e+02,5.236550903320312500e+01,4.854720115661621094e+00,2.885000000000000000e+03,0.000000000000000000e+00
7.721564000000000000e+06,8.215000152587890625e+01,5.236611175537109375e+01,4.877830028533935547e+00,1.385000000000000000e+03,0.000000000000000000e+00
7.729814000000000000e+06,1.697500000000000000e+02,5.235475158691406250e+01,4.892290115356445312e+00,1.922000000000000000e+03,0.000000000000000000e+00
7.743717000000000000e+06,5.882800292968750000e+02,5.234164047241210938e+01,4.893789768218994141e+00,3.368000000000000000e+03,0.000000000000000000e+00
7.757866000000000000e+06,7.144000244140625000e+01,5.235208129882812500e+01,4.908070087432861328e+00,2.353000000000000000e+03,0.000000000000000000e+00
7.786634000000000000e+06,2.184100036621093750e+02,5.238024139404296875e+01,4.869729995727539062e+00,2.004000000000000000e+03,0.000000000000000000e+00
7.786801000000000000e+06,1.308099975585937500e+02,5.237778091430664062e+01,4.860730171203613281e+00,2.475000000000000000e+03,0.000000000000000000e+00
7.787732000000000000e+06,1.210800018310546875e+02,5.236978149414062500e+01,4.860290050506591797e+00,2.429000000000000000e+03,0.000000000000000000e+00
7.812608000000000000e+06,1.454100036621093750e+02,5.235191345214843750e+01,4.904633998870849609e+00,2.300000000000000000e+03,0.000000000000000000e+00
7.814872000000000000e+06,8.604000091552734375e+01,5.234553909301757812e+01,4.928030014038085938e+00,3.654000000000000000e+03,0.000000000000000000e+00
7.822985000000000000e+06,7.727999877929687500e+01,5.240441131591796875e+01,4.943329811096191406e+00,4.840000000000000000e+03,0.000000000000000000e+00
7.829730000000000000e+06,2.962799987792968750e+02,5.235501098632812500e+01,4.892469882965087891e+00,1.892000000000000000e+03,0.000000000000000000e+00
7.864783000000000000e+06,1.064800033569335938e+02,5.238259887695312500e+01,4.869579792022705078e+00,2.147000000000000000e+03,0.000000000000000000e+00
7.891764000000000000e+06,1.794799957275390625e+02,5.236833953857421875e+01,4.877349853515625000e+00,1.320000000000000000e+03,0.000000000000000000e+00
7.895182000000000000e+06,8.798999786376953125e+01,5.237675857543945312e+01,4.839550018310546875e+00,3.863000000000000000e+03,0.000000000000000000e+00
7.911798000000000000e+06,2.077100067138671875e+02,5.235237884521484375e+01,4.893410205841064453e+00,2.177000000000000000e+03,0.000000000000000000e+00
7.924622000000000000e+06,1.415200042724609375e+02,5.236249160766601562e+01,4.907249927520751953e+00,1.299000000000000000e+03,0.000000000000000000e+00
7.924857000000000000e+06,4.831600036621093750e+02,5.236935043334960938e+01,4.867479801177978516e+00,1.950000000000000000e+03,0.000000000000000000e+00
7.925449000000000000e+06,1.785099945068359375e+02,5.235435867309570312e+01,4.883160114288330078e+00,2.134000000000000000e+03,0.000000000000000000e+00
7.929179000000000000e+06,1.639100036621093750e+02,5.235997009277343750e+01,4.914969921112060547e+00,1.854000000000000000e+03,0.000000000000000000e+00
7.932992000000000000e+06,1.356799926757812500e+02,5.234722900390625000e+01,4.860149860382080078e+00,3.663000000000000000e+03,0.000000000000000000e+00
7.945458000000000000e+06,2.768099975585937500e+02,5.235757827758789062e+01,4.896560192108154297e+00,1.593000000000000000e+03,0.000000000000000000e+00
7.969191000000000000e+06,2.086799926757812500e+02,5.236096954345703125e+01,4.894450187683105469e+00,1.219000000000000000e+03,0.000000000000000000e+00
7.981030000000000000e+06,1.746100006103515625e+02,5.237659835815429688e+01,4.861639976501464844e+00,2.384000000000000000e+03,0.000000000000000000e+00
8.006682000000000000e+06,5.396099853515625000e+02,5.236058044433593750e+01,4.869789123535156250e+00,2.174000000000000000e+03,0.000000000000000000e+00
8.021127000000000000e+06,1.259499969482421875e+02,5.238188934326171875e+01,4.872650146484375000e+00,1.930000000000000000e+03,0.000000000000000000e+00
8.038640000000000000e+06,1.911600036621093750e+02,5.237739181518554688e+01,4.880479812622070312e+00,1.212000000000000000e+03,0.000000000000000000e+00
8.073314000000000000e+06,2.476100006103515625e+02,5.239472198486328125e+01,4.914163589477539062e+00,2.824000000000000000e+03,0.000000000000000000e+00
8.079259000000000000e+06,1.600099945068359375e+02,5.238616943359375000e+01,4.885389804840087891e+00,1.740000000000000000e+03,0.000000000000000000e+00
8.084800000000000000e+06,2.476100006103515625e+02,5.236314010620117188e+01,4.892640113830566406e+00,9.990000000000000000e+02,0.000000000000000000e+00
8.093694000000000000e+06,2.670799865722656250e+02,5.238737869262695312e+01,4.880489826202392578e+00,2.014000000000000000e+03,0.000000000000000000e+00
8.095648000000000000e+06,1.989499969482421875e+02,5.237128067016601562e+01,4.848619937896728516e+00,3.211000000000000000e+03,0.000000000000000000e+00
8.099820000000000000e+06,1.220500030517578125e+02,5.237480163574218750e+01,4.839920043945312500e+00,3.814000000000000000e+03,0.000000000000000000e+00
8.100829000000000000e+06,1.746100006103515625e+02,5.236421966552734375e+01,4.912330150604248047e+00,1.405000000000000000e+03,0.000000000000000000e+00
8.111159000000000000e+06,9.091000366210937500e+01,5.238232040405273438e+01,4.870279788970947266e+00,2.090000000000000000e+03,0.000000000000000000e+00
8.122504000000000000e+06,1.493099975585937500e+02,5.238013076782226562e+01,4.880199909210205078e+00,1.405000000000000000e+03,0.000000000000000000e+00
8.146052000000000000e+06,1.502799987792968750e+02,5.238444137573242188e+01,4.881979942321777344e+00,1.685000000000000000e+03,0.000000000000000000e+00
8.163956000000000000e+06,5.295000076293945312e+01,5.238563156127929688e+01,4.948810100555419922e+00,3.903000000000000000e+03,0.000000000000000000e+00
8.176659000000000000e+06,9.675000000000000000e+01,5.235868835449218750e+01,4.941659927368164062e+00,3.437000000000000000e+03,0.000000000000000000e+00
8.187901000000000000e+06,1.502799987792968750e+02,5.236323165893554688e+01,4.892230033874511719e+00,9.950000000000000000e+02,0.000000000000000000e+00
8.188948000000000000e+06,1.989499969482421875e+02,5.237631988525390625e+01,4.893959999084472656e+00,5.090000000000000000e+02,0.000000000000000000e+00
8.189988000000000000e+06,1.746100006103515625e+02,5.235654067993164062e+01,4.890150070190429688e+00,1.752000000000000000e+03,0.000000000000000000e+00
8.191077000000000000e+06,4.393599853515625000e+02,5.236046981811523438e+01,4.901239871978759766e+00,1.322000000000000000e+03,0.000000000000000000e+00
8.196105000000000000e+06,3.206099853515625000e+02,5.236375045776367188e+01,4.866059780120849609e+00,2.219000000000000000e+03,0.000000000000000000e+00
8.201117000000000000e+06,2.184100036621093750e+02,5.234281158447265625e+01,4.860459804534912109e+00,4.032000000000000000e+03,0.000000000000000000e+00
8.246207000000000000e+06,8.312000274658203125e+01,5.235670089721679688e+01,4.898950099945068359e+00,1.703000000000000000e+03,0.000000000000000000e+00
8.269677000000000000e+06,4.189200134277343750e+02,5.239521026611328125e+01,4.910659790039062500e+00,2.779000000000000000e+03,0.000000000000000000e+00
8.278300000000000000e+06,1.648800048828125000e+02,5.234933090209960938e+01,4.909810066223144531e+00,2.681000000000000000e+03,0.000000000000000000e+00
8.281663000000000000e+06,6.268000030517578125e+01,5.237409973144531250e+01,4.936089992523193359e+00,2.739000000000000000e+03,0.000000000000000000e+00
8.299748000000000000e+06,9.675000000000000000e+01,5.236003875732421875e+01,4.854310035705566406e+00,3.117000000000000000e+03,0.000000000000000000e+00
8.348686000000000000e+06,1.191299972534179688e+02,5.236212921142578125e+01,4.893720149993896484e+00,1.096000000000000000e+03,0.000000000000000000e+00
8.359684000000000000e+06,1.016100006103515625e+02,5.236444091796875000e+01,4.933569908142089844e+00,2.689000000000000000e+03,0.000000000000000000e+00
8.361053000000000000e+06,1.785099945068359375e+02,5.237107086181640625e+01,4.871900081634521484e+00,1.632000000000000000e+03,0.000000000000000000e+00
8.362022000000000000e+06,2.232799987792968750e+02,5.236780166625976562e+01,4.866899967193603516e+00,2.021000000000000000e+03,0.000000000000000000e+00
8.363205000000000000e+06,1.823999938964843750e+02,5.237855911254882812e+01,4.862249851226806641e+00,2.401000000000000000e+03,0.000000000000000000e+00
8.377415000000000000e+06,2.466399993896484375e+02,5.238431930541992188e+01,4.877419948577880859e+00,1.866000000000000000e+03,0.000000000000000000e+00
8.384069000000000000e+06,7.727999877929687500e+01,5.237274169921875000e+01,4.880849838256835938e+00,1.026000000000000000e+03,0.000000000000000000e+00
8.398522000000000000e+06,2.953099975585937500e+02,5.237532043457031250e+01,4.941939830780029297e+00,3.149000000000000000e+03,0.000000000000000000e+00
8.467413000000000000e+06,2.184100036621093750e+02,5.234761047363281250e+01,4.899370193481445312e+00,2.711000000000000000e+03,0.000000000000000000e+00
8.475898000000000000e+06,1.113499984741210938e+02,5.236528015136718750e+01,4.863570213317871094e+00,2.315000000000000000e+03,0.000000000000000000e+00
8.484166000000000000e+06,1.609900054931640625e+02,5.234719848632812500e+01,4.858359813690185547e+00,3.747000000000000000e+03,0.000000000000000000e+00
8.490817000000000000e+06,1.347100067138671875e+02,5.237786865234375000e+01,4.891320228576660156e+00,7.330000000000000000e+02,0.000000000000000000e+00
8.502593000000000000e+06,1.210800018310546875e+02,5.234408187866210938e+01,4.910610198974609375e+00,3.250000000000000000e+03,0.000000000000000000e+00
8.513183000000000000e+06,1.678000030517578125e+02,5.237443161010742188e+01,4.859489917755126953e+00,2.488000000000000000e+03,0.000000000000000000e+00
8.513567000000000000e+06,1.016100006103515625e+02,5.235221099853515625e+01,4.906849861145019531e+00,2.312000000000000000e+03,0.000000000000000000e+00
8.528299000000000000e+06,2.962799987792968750e+02,5.235623931884765625e+01,4.852399826049804688e+00,3.429000000000000000e+03,0.000000000000000000e+00
8.532903000000000000e+06,4.306000061035156250e+02,5.237218093872070312e+01,4.906040191650390625e+00,6.890000000000000000e+02,0.000000000000000000e+00
8.535626000000000000e+06,1.794799957275390625e+02,5.239654922485351562e+01,4.907830238342285156e+00,2.858000000000000000e+03,0.000000000000000000e+00
8.551630000000000000e+06,2.914100036621093750e+02,5.236455917358398438e+01,4.874939918518066406e+00,1.640000000000000000e+03,0.000000000000000000e+00
8.573112000000000000e+06,1.016100006103515625e+02,5.235214996337890625e+01,4.912220001220703125e+00,2.460000000000000000e+03,0.000000000000000000e+00
8.578108000000000000e+06,3.439700012207031250e+02,5.235918045043945312e+01,4.921659946441650391e+00,2.249000000000000000e+03,0.000000000000000000e+00
8.584779000000000000e+06,1.210800018310546875e+02,5.238042068481445312e+01,4.883460044860839844e+00,1.269000000000000000e+03,0.000000000000000000e+00
8.591687000000000000e+06,8.701000213623046875e+01,5.237567901611328125e+01,4.894249916076660156e+00,4.350000000000000000e+02,0.000000000000000000e+00
8.606715000000000000e+06,6.755000305175781250e+01,5.235956954956054688e+01,4.936140060424804688e+00,3.057000000000000000e+03,0.000000000000000000e+00
8.644656000000000000e+06,2.038099975585937500e+02,5.236183929443359375e+01,4.905849933624267578e+00,1.307000000000000000e+03,0.000000000000000000e+00
8.660262000000000000e+06,8.604000091552734375e+01,5.234181976318359375e+01,4.904910087585449219e+00,3.400000000000000000e+03,0.000000000000000000e+00
8.660698000000000000e+06,1.074499969482421875e+02,5.235578155517578125e+01,4.897910118103027344e+00,1.797000000000000000e+03,0.000000000000000000e+00
8.681273000000000000e+06,1.989499969482421875e+02,5.238656997680664062e+01,4.845890045166015625e+00,3.766000000000000000e+03,0.000000000000000000e+00
8.694687000000000000e+06,1.522299957275390625e+02,5.238385009765625000e+01,4.877590179443359375e+00,1.820000000000000000e+03,0.000000000000000000e+00
8.707883000000000000e+06,2.057599945068359375e+02,5.236339950561523438e+01,4.978320121765136719e+00,5.675000000000000000e+03,0.000000000000000000e+00
8.714969000000000000e+06,2.476100006103515625e+02,5.236864852905273438e+01,4.871739864349365234e+00,1.680000000000000000e+03,0.000000000000000000e+00
8.725786000000000000e+06,1.785099945068359375e+02,5.235443115234375000e+01,4.916729927062988281e+00,2.403000000000000000e+03,0.000000000000000000e+00
8.743652000000000000e+06,1.074499969482421875e+02,5.237643051147460938e+01,4.856729984283447266e+00,2.706000000000000000e+03,0.000000000000000000e+00
8.744580000000000000e+06,1.123199996948242188e+02,5.235158157348632812e+01,4.919750213623046875e+00,2.780000000000000000e+03,0.000000000000000000e+00
8.749341000000000000e+06,1.094000015258789062e+02,5.237253952026367188e+01,4.903820037841796875e+00,5.420000000000000000e+02,0.000000000000000000e+00
8.754550000000000000e+06,1.940800018310546875e+02,5.235025024414062500e+01,4.910649776458740234e+00,2.607000000000000000e+03,0.000000000000000000e+00
8.759098000000000000e+06,2.485899963378906250e+02,5.237559127807617188e+01,4.906819820404052734e+00,8.470000000000000000e+02,0.000000000000000000e+00
8.770120000000000000e+06,1.405500030517578125e+02,5.237614059448242188e+01,4.849659919738769531e+00,3.174000000000000000e+03,0.000000000000000000e+00
8.776772000000000000e+06,2.612399902343750000e+02,5.237445068359375000e+01,4.905409812927246094e+00,7.050000000000000000e+02,0.000000000000000000e+00
8.792635000000000000e+06,1.016100006103515625e+02,5.236645126342773438e+01,4.871920108795166016e+00,1.737000000000000000e+03,0.000000000000000000e+00
8.792777000000000000e+06,1.600099945068359375e+02,5.238726043701171875e+01,4.937739849090576172e+00,3.314000000000000000e+03,0.000000000000000000e+00
8.798384000000000000e+06,1.502799987792968750e+02,5.235110092163085938e+01,4.940849781036376953e+00,3.829000000000000000e+03,0.000000000000000000e+00
8.808299000000000000e+06,1.006399993896484375e+02,5.237248992919921875e+01,4.875649929046630859e+00,1.376000000000000000e+03,0.000000000000000000e+00
8.826432000000000000e+06,1.123199996948242188e+02,5.235332870483398438e+01,4.924029827117919922e+00,2.813000000000000000e+03,0.000000000000000000e+00
8.835898000000000000e+06,8.993000030517578125e+01,5.236431121826171875e+01,4.899320125579833984e+00,8.750000000000000000e+02,0.000000000000000000e+00
8.837071000000000000e+06,1.405500030517578125e+02,5.236455154418945312e+01,4.877120018005371094e+00,1.514000000000000000e+03,0.000000000000000000e+00
8.872533000000000000e+06,1.697500000000000000e+02,5.236417007446289062e+01,4.855989933013916016e+00,2.843000000000000000e+03,0.000000000000000000e+00
8.877094000000000000e+06,1.395700073242187500e+02,5.234859848022460938e+01,4.942719936370849609e+00,4.101000000000000000e+03,0.000000000000000000e+00
8.879722000000000000e+06,1.697500000000000000e+02,5.237786102294921875e+01,4.886300086975097656e+00,9.300000000000000000e+02,0.000000000000000000e+00
8.880908000000000000e+06,1.989499969482421875e+02,5.236779022216796875e+01,4.871769905090332031e+00,1.701000000000000000e+03,0.000000000000000000e+00
8.896452000000000000e+06,4.520100097656250000e+02,5.235470962524414062e+01,4.881509780883789062e+00,2.147000000000000000e+03,0.000000000000000000e+00
8.913666000000000000e+06,2.271699981689453125e+02,5.239133834838867188e+01,4.877069950103759766e+00,2.511000000000000000e+03,0.000000000000000000e+00
8.920212000000000000e+06,6.807399902343750000e+02,5.234138870239257812e+01,4.920110225677490234e+00,3.770000000000000000e+03,0.000000000000000000e+00
8.930278000000000000e+06,1.405500030517578125e+02,5.235065078735351562e+01,4.887800216674804688e+00,2.426000000000000000e+03,0.000000000000000000e+00
8.977362000000000000e+06,2.466399993896484375e+02,5.235277938842773438e+01,4.919189929962158203e+00,2.650000000000000000e+03,0.000000000000000000e+00
9.003963000000000000e+06,1.210800018310546875e+02,5.236425018310546875e+01,4.903590202331542969e+00,9.980000000000000000e+02,0.000000000000000000e+00
9.017567000000000000e+06,1.502799987792968750e+02,5.239680480957031250e+01,4.915318012237548828e+00,3.067000000000000000e+03,0.000000000000000000e+00
9.021865000000000000e+06,4.422799987792968750e+02,5.235953903198242188e+01,4.861279964447021484e+00,2.723000000000000000e+03,0.000000000000000000e+00
9.040505000000000000e+06,2.816799926757812500e+02,5.235726928710937500e+01,4.874650001525878906e+00,2.174000000000000000e+03,0.000000000000000000e+00
9.045244000000000000e+06,1.123199996948242188e+02,5.237863922119140625e+01,4.875050067901611328e+00,1.602000000000000000e+03,0.000000000000000000e+00
9.070642000000000000e+06,3.400799865722656250e+02,5.235221862792968750e+01,4.861820220947265625e+00,3.185000000000000000e+03,0.000000000000000000e+00
9.075972000000000000e+06,1.308099975585937500e+02,5.238095092773437500e+01,4.869070053100585938e+00,2.081000000000000000e+03,0.000000000000000000e+00
9.078341000000000000e+06,1.940800018310546875e+02,5.235116577148437500e+01,4.895432949066162109e+00,2.306000000000000000e+03,0.000000000000000000e+00
9.103703000000000000e+06,8.701000213623046875e+01,5.236417007446289062e+01,4.939630031585693359e+00,3.091000000000000000e+03,0.000000000000000000e+00
9.104541000000000000e+06,8.215000152587890625e+01,5.236576843261718750e+01,4.861299991607666016e+00,2.446000000000000000e+03,0.000000000000000000e+00
9.108470000000000000e+06,1.259499969482421875e+02,5.236008071899414062e+01,4.944620132446289062e+00,3.559000000000000000e+03,0.000000000000000000e+00
9.135417000000000000e+06,1.152399978637695312e+02,5.234846878051757812e+01,4.876339912414550781e+00,2.924000000000000000e+03,0.000000000000000000e+00
9.181640000000000000e+06,9.966999816894531250e+01,5.237239074707031250e+01,4.871719837188720703e+00,1.642000000000000000e+03,0.000000000000000000e+00
9.186603000000000000e+06,1.785099945068359375e+02,5.236640930175781250e+01,4.852509975433349609e+00,3.008000000000000000e+03,0.000000000000000000e+00
9.197358000000000000e+06,1.210800018310546875e+02,5.236539840698242188e+01,4.849060058593750000e+00,3.261000000000000000e+03,0.000000000000000000e+00
9.247120000000000000e+06,1.541699981689453125e+02,5.235165023803710938e+01,4.913579940795898438e+00,2.552000000000000000e+03,0.000000000000000000e+00
9.254675000000000000e+06,5.488999938964843750e+01,5.235391998291015625e+01,4.919750213623046875e+00,2.573000000000000000e+03,0.000000000000000000e+00
9.271262000000000000e+06,1.892100067138671875e+02,5.234947967529296875e+01,4.890649795532226562e+00,2.518000000000000000e+03,0.000000000000000000e+00
9.272999000000000000e+06,9.091000366210937500e+01,5.237226104736328125e+01,4.853660106658935547e+00,2.868000000000000000e+03,0.000000000000000000e+00
9.273467000000000000e+06,9.383000183105468750e+01,5.237036132812500000e+01,4.854139804840087891e+00,2.840000000000000000e+03,0.000000000000000000e+00
9.289874000000000000e+06,1.726699981689453125e+02,5.236772918701171875e+01,4.843579769134521484e+00,3.582000000000000000e+03,0.000000000000000000e+00
9.292601000000000000e+06,1.191299972534179688e+02,5.237084960937500000e+01,4.848959922790527344e+00,3.189000000000000000e+03,0.000000000000000000e+00
9.308904000000000000e+06,1.619600067138671875e+02,5.236365890502929688e+01,4.860060214996337891e+00,2.600000000000000000e+03,0.000000000000000000e+00
9.310110000000000000e+06,2.768099975585937500e+02,5.237820816040039062e+01,4.892640113830566406e+00,7.360000000000000000e+02,0.000000000000000000e+00
9.322953000000000000e+06,1.016100006103515625e+02,5.234375000000000000e+01,4.858069896697998047e+00,4.049000000000000000e+03,0.000000000000000000e+00
9.323377000000000000e+06,1.892100067138671875e+02,5.235068130493164062e+01,4.889400005340576172e+00,2.400000000000000000e+03,0.000000000000000000e+00
9.327973000000000000e+06,1.308099975585937500e+02,5.234622955322265625e+01,4.899439811706542969e+00,2.864000000000000000e+03,0.000000000000000000e+00
9.340964000000000000e+06,5.975999832153320312e+01,5.238571166992187500e+01,4.883299827575683594e+00,1.758000000000000000e+03,0.000000000000000000e+00
9.343414000000000000e+06,1.269199981689453125e+02,5.237654876708984375e+01,4.892489910125732422e+00,5.670000000000000000e+02,0.000000000000000000e+00
9.343949000000000000e+06,6.755000305175781250e+01,5.235131072998046875e+01,4.913879871368408203e+00,2.594000000000000000e+03,0.000000000000000000e+00
9.355281000000000000e+06,1.220500030517578125e+02,5.236032867431640625e+01,4.863979816436767578e+00,2.520000000000000000e+03,0.000000000000000000e+00
9.356764000000000000e+06,1.259499969482421875e+02,5.236964035034179688e+01,4.848430156707763672e+00,3.232000000000000000e+03,0.000000000000000000e+00
9.360964000000000000e+06,1.035599975585937500e+02,5.235926818847656250e+01,4.924270153045654297e+00,2.384000000000000000e+03,0.000000000000000000e+00
9.402905000000000000e+06,1.142699966430664062e+02,5.236251831054687500e+01,4.932859897613525391e+00,2.718000000000000000e+03,0.000000000000000000e+00
9.410136000000000000e+06,9.772000122070312500e+01,5.237210083007812500e+01,4.950469970703125000e+00,3.705000000000000000e+03,0.000000000000000000e+00
9.420691000000000000e+06,1.162099990844726562e+02,5.235609817504882812e+01,4.870500087738037109e+00,2.462000000000000000e+03,0.000000000000000000e+00
9.444516000000000000e+06,4.597999877929687500e+02,5.236756896972656250e+01,4.868330001831054688e+00,1.933000000000000000e+03,0.000000000000000000e+00
9.461010000000000000e+06,1.979700012207031250e+02,5.235020065307617188e+01,4.885829925537109375e+00,2.508000000000000000e+03,0.000000000000000000e+00
9.461142000000000000e+06,1.940800018310546875e+02,5.234159088134765625e+01,4.926060199737548828e+00,3.944000000000000000e+03,0.000000000000000000e+00
9.490497000000000000e+06,9.675000000000000000e+01,5.237825012207031250e+01,4.846849918365478516e+00,3.404000000000000000e+03,0.000000000000000000e+00
9.506709000000000000e+06,7.342800292968750000e+02,5.237158966064453125e+01,4.880229949951171875e+00,1.064000000000000000e+03,0.000000000000000000e+00
9.509889000000000000e+06,1.405500030517578125e+02,5.237881851196289062e+01,4.893869876861572266e+00,7.820000000000000000e+02,0.000000000000000000e+00
9.530785000000000000e+06,5.396099853515625000e+02,5.236188125610351562e+01,4.900619983673095703e+00,1.159000000000000000e+03,0.000000000000000000e+00
9.536529000000000000e+06,2.047899932861328125e+02,5.234100341796875000e+01,4.903121948242187500e+00,3.470000000000000000e+03,0.000000000000000000e+00
9.538986000000000000e+06,1.308099975585937500e+02,5.236624908447265625e+01,4.874229907989501953e+00,1.600000000000000000e+03,0.000000000000000000e+00
9.567895000000000000e+06,1.113499984741210938e+02,5.237987136840820312e+01,4.860030174255371094e+00,2.591000000000000000e+03,0.000000000000000000e+00
9.569018000000000000e+06,1.016100006103515625e+02,5.234865188598632812e+01,5.010560035705566406e+00,8.204000000000000000e+03,0.000000000000000000e+00
9.584580000000000000e+06,1.395700073242187500e+02,5.236505889892578125e+01,4.902090072631835938e+00,8.690000000000000000e+02,0.000000000000000000e+00
9.588946000000000000e+06,1.405500030517578125e+02,5.235306930541992188e+01,4.831739902496337891e+00,4.834000000000000000e+03,0.000000000000000000e+00
9.613135000000000000e+06,6.755000305175781250e+01,5.241333007812500000e+01,4.883379936218261719e+00,4.685000000000000000e+03,0.000000000000000000e+00
9.629614000000000000e+06,3.176900024414062500e+02,5.235817337036132812e+01,4.913978099822998047e+00,1.959000000000000000e+03,0.000000000000000000e+00
9.629640000000000000e+06,8.312000274658203125e+01,5.234273910522460938e+01,4.791230201721191406e+00,7.813000000000000000e+03,0.000000000000000000e+00
9.632913000000000000e+06,1.191299972534179688e+02,5.236919021606445312e+01,4.897449970245361328e+00,3.190000000000000000e+02,0.000000000000000000e+00
9.641233000000000000e+06,1.016100006103515625e+02,5.234130859375000000e+01,4.845419883728027344e+00,4.829000000000000000e+03,0.000000000000000000e+00
9.650371000000000000e+06,1.278899993896484375e+02,5.235778045654296875e+01,4.909319877624511719e+00,1.815000000000000000e+03,0.000000000000000000e+00
9.659173000000000000e+06,1.259499969482421875e+02,5.238442993164062500e+01,4.874149799346923828e+00,2.030000000000000000e+03,0.000000000000000000e+00
9.672837000000000000e+06,6.992399902343750000e+02,5.238188934326171875e+01,4.904180049896240234e+00,1.245000000000000000e+03,0.000000000000000000e+00
9.673745000000000000e+06,6.755000305175781250e+01,5.239661026000976562e+01,4.916480064392089844e+00,3.082000000000000000e+03,0.000000000000000000e+00
9.702511000000000000e+06,2.875199890136718750e+02,5.232791137695312500e+01,4.858520030975341797e+00,5.511000000000000000e+03,0.000000000000000000e+00
9.728530000000000000e+06,9.091000366210937500e+01,5.237947845458984375e+01,4.887909889221191406e+00,1.002000000000000000e+03,0.000000000000000000e+00
9.763557000000000000e+06,1.454100036621093750e+02,5.237936019897460938e+01,4.877029895782470703e+00,1.526000000000000000e+03,0.000000000000000000e+00
9.772215000000000000e+06,1.502799987792968750e+02,5.237763977050781250e+01,4.944099903106689453e+00,3.334000000000000000e+03,0.000000000000000000e+00
9.799012000000000000e+06,1.502799987792968750e+02,5.236890029907226562e+01,4.859630107879638672e+00,2.485000000000000000e+03,0.000000000000000000e+00
9.808608000000000000e+06,2.125700073242187500e+02,5.235580062866210938e+01,4.897270202636718750e+00,1.792000000000000000e+03,0.000000000000000000e+00
9.815325000000000000e+06,2.330099945068359375e+02,5.236922836303710938e+01,4.866320133209228516e+00,2.030000000000000000e+03,0.000000000000000000e+00
9.816257000000000000e+06,1.016100006103515625e+02,5.233877944946289062e+01,4.847290039062500000e+00,4.946000000000000000e+03,0.000000000000000000e+00
9.827642000000000000e+06,7.825000000000000000e+01,5.234466934204101562e+01,4.790009975433349609e+00,7.802000000000000000e+03,0.000000000000000000e+00
9.840061000000000000e+06,1.074499969482421875e+02,5.237971115112304688e+01,4.892739772796630859e+00,8.950000000000000000e+02,0.000000000000000000e+00
9.840298000000000000e+06,7.825000000000000000e+01,5.234363937377929688e+01,4.790800094604492188e+00,7.798000000000000000e+03,0.000000000000000000e+00
9.840533000000000000e+06,2.446900024414062500e+02,5.236051177978515625e+01,4.890890121459960938e+00,1.311000000000000000e+03,0.000000000000000000e+00
9.856921000000000000e+06,1.502799987792968750e+02,5.234593963623046875e+01,4.860809803009033203e+00,3.743000000000000000e+03,0.000000000000000000e+00
9.895854000000000000e+06,1.892100067138671875e+02,5.236651992797851562e+01,4.885729789733886719e+00,9.130000000000000000e+02,0.000000000000000000e+00
9.903960000000000000e+06,1.658500061035156250e+02,5.237796020507812500e+01,4.891729831695556641e+00,7.310000000000000000e+02,0.000000000000000000e+00
9.912550000000000000e+06,2.300899963378906250e+02,5.236397171020507812e+01,4.860270023345947266e+00,2.575000000000000000e+03,0.000000000000000000e+00
9.921636000000000000e+06,2.184100036621093750e+02,5.237084960937500000e+01,4.882120132446289062e+00,9.430000000000000000e+02,0.000000000000000000e+00
9.981202000000000000e+06,3.352099914550781250e+02,5.235617065429687500e+01,4.893020153045654297e+00,1.760000000000000000e+03,0.000000000000000000e+00
9.981383000000000000e+06,2.038099975585937500e+02,5.236288070678710938e+01,4.858429908752441406e+00,2.735000000000000000e+03,0.000000000000000000e+00
9.983460000000000000e+06,1.405500030517578125e+02,5.235766983032226562e+01,4.914090156555175781e+00,2.007000000000000000e+03,0.000000000000000000e+00
9.990099000000000000e+06,1.940800018310546875e+02,5.239831161499023438e+01,4.893809795379638672e+00,2.940000000000000000e+03,0.000000000000000000e+00
9.996040000000000000e+06,1.989499969482421875e+02,5.238845062255859375e+01,4.878809928894042969e+00,2.176000000000000000e+03,0.000000000000000000e+00
1.002564100000000000e+07,1.259499969482421875e+02,5.234334182739257812e+01,4.846030235290527344e+00,4.642000000000000000e+03,0.000000000000000000e+00
1.002728400000000000e+07,2.476100006103515625e+02,5.234236145019531250e+01,4.878099918365478516e+00,3.500000000000000000e+03,0.000000000000000000e+00
1.003686400000000000e+07,2.028399963378906250e+02,5.235503005981445312e+01,4.997920036315917969e+00,7.177000000000000000e+03,0.000000000000000000e+00
1.004398000000000000e+07,1.259499969482421875e+02,5.234292984008789062e+01,4.846489906311035156e+00,4.651000000000000000e+03,0.000000000000000000e+00
1.004425600000000000e+07,1.259499969482421875e+02,5.234254837036132812e+01,4.845970153808593750e+00,4.706000000000000000e+03,0.000000000000000000e+00
1.004615000000000000e+07,1.989499969482421875e+02,5.237725067138671875e+01,4.880980014801025391e+00,1.175000000000000000e+03,0.000000000000000000e+00
1.005568400000000000e+07,1.454100036621093750e+02,5.236479949951171875e+01,4.932650089263916016e+00,2.617000000000000000e+03,0.000000000000000000e+00
1.008081800000000000e+07,2.232799987792968750e+02,5.235420989990234375e+01,4.943399906158447266e+00,3.778000000000000000e+03,0.000000000000000000e+00
1.009498000000000000e+07,2.661099853515625000e+02,5.237073898315429688e+01,4.900269985198974609e+00,3.240000000000000000e+02,0.000000000000000000e+00
1.009697100000000000e+07,1.551499938964843750e+02,5.236222839355468750e+01,4.905429840087890625e+00,1.255000000000000000e+03,0.000000000000000000e+00
1.009819800000000000e+07,1.025899963378906250e+02,5.237409973144531250e+01,4.877860069274902344e+00,1.249000000000000000e+03,0.000000000000000000e+00
1.010148300000000000e+07,1.308099975585937500e+02,5.236471939086914062e+01,4.925739765167236328e+00,2.178000000000000000e+03,0.000000000000000000e+00
1.011160600000000000e+07,2.271699981689453125e+02,5.234410858154296875e+01,4.862530231475830078e+00,3.832000000000000000e+03,0.000000000000000000e+00
1.011948700000000000e+07,1.901900024414062500e+02,5.235435867309570312e+01,4.892039775848388672e+00,1.968000000000000000e+03,0.000000000000000000e+00
1.012140700000000000e+07,2.476100006103515625e+02,5.235852050781250000e+01,4.934519767761230469e+00,3.015000000000000000e+03,0.000000000000000000e+00
1.012285000000000000e+07,1.940800018310546875e+02,5.236840057373046875e+01,4.944149971008300781e+00,3.299000000000000000e+03,0.000000000000000000e+00
1.013664000000000000e+07,3.692799987792968750e+02,5.236964035034179688e+01,4.868559837341308594e+00,1.873000000000000000e+03,0.000000000000000000e+00
1.014599200000000000e+07,1.259499969482421875e+02,5.234291839599609375e+01,4.844089984893798828e+00,4.771000000000000000e+03,0.000000000000000000e+00
1.019024700000000000e+07,1.979700012207031250e+02,5.237667083740234375e+01,4.861509799957275391e+00,2.394000000000000000e+03,0.000000000000000000e+00
1.019658900000000000e+07,2.446900024414062500e+02,5.236711120605468750e+01,4.893099784851074219e+00,5.650000000000000000e+02,0.000000000000000000e+00
1.019822600000000000e+07,1.600099945068359375e+02,5.237417984008789062e+01,4.898230075836181641e+00,2.990000000000000000e+02,0.000000000000000000e+00
1.020419700000000000e+07,1.493099975585937500e+02,5.237578964233398438e+01,4.844429969787597656e+00,3.521000000000000000e+03,0.000000000000000000e+00
1.025909400000000000e+07,1.055100021362304688e+02,5.237908172607421875e+01,4.889820098876953125e+00,8.990000000000000000e+02,0.000000000000000000e+00
1.027689900000000000e+07,1.823999938964843750e+02,5.235897827148437500e+01,4.895110130310058594e+00,1.438000000000000000e+03,0.000000000000000000e+00
1.028726700000000000e+07,1.201100006103515625e+02,5.237612915039062500e+01,4.894790172576904297e+00,4.760000000000000000e+02,0.000000000000000000e+00
1.029021500000000000e+07,1.493099975585937500e+02,5.236193084716796875e+01,4.866980075836181641e+00,2.255000000000000000e+03,0.000000000000000000e+00
1.030486100000000000e+07,1.113499984741210938e+02,5.237046051025390625e+01,4.919449806213378906e+00,1.607000000000000000e+03,0.000000000000000000e+00
1.032095000000000000e+07,3.936099853515625000e+02,5.235683059692382812e+01,4.909969806671142578e+00,1.929000000000000000e+03,0.000000000000000000e+00
1.033424000000000000e+07,1.016100006103515625e+02,5.235200881958007812e+01,4.853919982910156250e+00,3.608000000000000000e+03,0.000000000000000000e+00
1.036027600000000000e+07,8.116999816894531250e+01,5.237625122070312500e+01,4.837820053100585938e+00,3.972000000000000000e+03,0.000000000000000000e+00
1.036693700000000000e+07,4.072399902343750000e+02,5.236603164672851562e+01,4.891890048980712891e+00,7.070000000000000000e+02,0.000000000000000000e+00
1.037928100000000000e+07,2.456699981689453125e+02,5.242235946655273438e+01,4.895110130310058594e+00,5.611000000000000000e+03,0.000000000000000000e+00
1.042102900000000000e+07,1.716900024414062500e+02,5.236077117919921875e+01,4.889090061187744141e+00,1.321000000000000000e+03,0.000000000000000000e+00
1.043223200000000000e+07,8.701000213623046875e+01,5.238653182983398438e+01,4.915339946746826172e+00,2.095000000000000000e+03,0.000000000000000000e+00
1.044122200000000000e+07,1.609900054931640625e+02,5.236705017089843750e+01,4.878809928894042969e+00,1.279000000000000000e+03,0.000000000000000000e+00
1.046899100000000000e+07,4.471499938964843750e+02,5.235155105590820312e+01,4.992899894714355469e+00,6.964000000000000000e+03,0.000000000000000000e+00
1.048320100000000000e+07,1.502799987792968750e+02,5.236660003662109375e+01,4.934239864349365234e+00,2.669000000000000000e+03,0.000000000000000000e+00
1.048338400000000000e+07,3.449500122070312500e+02,5.236426162719726562e+01,4.859079837799072266e+00,2.640000000000000000e+03,0.000000000000000000e+00
1.049276100000000000e+07,8.215000152587890625e+01,5.234989929199218750e+01,4.857379913330078125e+00,3.581000000000000000e+03,0.000000000000000000e+00
1.050091100000000000e+07,9.675000000000000000e+01,5.238724899291992188e+01,4.920410156250000000e+00,2.384000000000000000e+03,0.000000000000000000e+00
1.051090600000000000e+07,1.006399993896484375e+02,5.235974121093750000e+01,4.859720230102539062e+00,2.804000000000000000e+03,0.000000000000000000e+00
1.051249200000000000e+07,1.288699951171875000e+02,5.237831115722656250e+01,4.887330055236816406e+00,9.200000000000000000e+02,0.000000000000000000e+00
1.052290300000000000e+07,1.405500030517578125e+02,5.237411880493164062e+01,4.888360023498535156e+00,5.680000000000000000e+02,0.000000000000000000e+00
1.053467900000000000e+07,8.215000152587890625e+01,5.235335159301757812e+01,4.919340133666992188e+00,2.605000000000000000e+03,0.000000000000000000e+00
1.053820800000000000e+07,1.405500030517578125e+02,5.238011932373046875e+01,4.886889934539794922e+00,1.100000000000000000e+03,0.000000000000000000e+00
1.054959900000000000e+07,2.378800048828125000e+02,5.237427139282226562e+01,4.904850006103515625e+00,6.620000000000000000e+02,0.000000000000000000e+00
1.056978500000000000e+07,5.781000137329101562e+01,5.238283157348632812e+01,4.836209774017333984e+00,4.230000000000000000e+03,0.000000000000000000e+00
1.058220300000000000e+07,2.953099975585937500e+02,5.235752105712890625e+01,4.935450077056884766e+00,3.125000000000000000e+03,0.000000000000000000e+00
1.058282900000000000e+07,2.086799926757812500e+02,5.241389846801757812e+01,4.908187866210937500e+00,4.744000000000000000e+03,0.000000000000000000e+00
1.058473100000000000e+07,1.259499969482421875e+02,5.235531997680664062e+01,4.891560077667236328e+00,1.867000000000000000e+03,0.000000000000000000e+00
1.058629100000000000e+07,1.950500030517578125e+02,5.234907150268554688e+01,4.773459911346435547e+00,8.693000000000000000e+03,0.000000000000000000e+00
1.059337100000000000e+07,1.512500000000000000e+02,5.237675094604492188e+01,4.884530067443847656e+00,9.420000000000000000e+02,0.000000000000000000e+00
1.062521300000000000e+07,1.405500030517578125e+02,5.237231826782226562e+01,4.862889766693115234e+00,2.241000000000000000e+03,0.000000000000000000e+00
1.070079600000000000e+07,1.794799957275390625e+02,5.235743331909179688e+01,4.857955932617187500e+00,3.037000000000000000e+03,0.000000000000000000e+00
1.071748300000000000e+07,9.675000000000000000e+01,5.236975097656250000e+01,4.925270080566406250e+00,2.008000000000000000e+03,0.000000000000000000e+00
1.079922100000000000e+07,1.405500030517578125e+02,5.238167953491210938e+01,4.884130001068115234e+00,1.349000000000000000e+03,0.000000000000000000e+00
1.080024700000000000e+07,1.678000030517578125e+02,5.235195922851562500e+01,4.912909984588623047e+00,2.500000000000000000e+03,0.000000000000000000e+00
1.080912800000000000e+07,1.775299987792968750e+02,5.239527893066406250e+01,4.918930053710937500e+00,3.033000000000000000e+03,0.000000000000000000e+00
1.081761900000000000e+07,1.697500000000000000e+02,5.235277175903320312e+01,4.901140213012695312e+00,2.156000000000000000e+03,0.000000000000000000e+00
1.082350500000000000e+07,1.502799987792968750e+02,5.240745162963867188e+01,4.903960227966308594e+00,3.991000000000000000e+03,0.000000000000000000e+00
1.091734300000000000e+07,9.966999816894531250e+01,5.234346008300781250e+01,4.895070075988769531e+00,3.163000000000000000e+03,0.000000000000000000e+00
1.092038400000000000e+07,1.979700012207031250e+02,5.236471176147460938e+01,4.888309955596923828e+00,9.510000000000000000e+02,0.000000000000000000e+00
1.093687800000000000e+07,1.785099945068359375e+02,5.235715103149414062e+01,4.852409839630126953e+00,3.378000000000000000e+03,0.000000000000000000e+00
1.094485500000000000e+07,1.746100006103515625e+02,5.237247085571289062e+01,4.905610084533691406e+00,6.620000000000000000e+02,0.000000000000000000e+00
1.095239600000000000e+07,1.434700012207031250e+02,5.237154006958007812e+01,4.859389781951904297e+00,2.479000000000000000e+03,0.000000000000000000e+00
1.100037300000000000e+07,2.544299926757812500e+02,5.235628128051757812e+01,4.998439788818359375e+00,7.176000000000000000e+03,0.000000000000000000e+00
1.103564300000000000e+07,5.781000137329101562e+01,5.236687850952148438e+01,4.958350181579589844e+00,4.276000000000000000e+03,0.000000000000000000e+00
1.105492200000000000e+07,2.953099975585937500e+02,5.237102127075195312e+01,4.878849983215332031e+00,1.162000000000000000e+03,0.000000000000000000e+00
1.108471800000000000e+07,1.016100006103515625e+02,5.235319900512695312e+01,4.878880023956298828e+00,2.379000000000000000e+03,0.000000000000000000e+00
1.109088000000000000e+07,9.869000244140625000e+01,5.237179183959960938e+01,4.849720001220703125e+00,3.135000000000000000e+03,0.000000000000000000e+00
1.109761400000000000e+07,4.452000122070312500e+02,5.236946868896484375e+01,4.884910106658935547e+00,7.940000000000000000e+02,0.000000000000000000e+00
1.109840800000000000e+07,3.445000076293945312e+01,5.234545898437500000e+01,4.796490192413330078e+00,7.363000000000000000e+03,0.000000000000000000e+00
1.110864200000000000e+07,2.378800048828125000e+02,5.235763931274414062e+01,4.876920223236083984e+00,2.043000000000000000e+03,0.000000000000000000e+00
1.111384300000000000e+07,1.006399993896484375e+02,5.238272094726562500e+01,4.873099803924560547e+00,1.960000000000000000e+03,0.000000000000000000e+00
1.116134800000000000e+07,1.434700012207031250e+02,5.236399078369140625e+01,4.882319927215576172e+00,1.274000000000000000e+03,0.000000000000000000e+00
1.116186100000000000e+07,1.454100036621093750e+02,5.236418151855468750e+01,4.882609844207763672e+00,1.245000000000000000e+03,0.000000000000000000e+00
1.116592100000000000e+07,1.327599945068359375e+02,5.236492919921875000e+01,4.885409832000732422e+00,1.053000000000000000e+03,0.000000000000000000e+00
1.117584000000000000e+07,1.356799926757812500e+02,5.234167098999023438e+01,4.894790172576904297e+00,3.362000000000000000e+03,0.000000000000000000e+00
1.117844800000000000e+07,1.794799957275390625e+02,5.235743331909179688e+01,4.857955932617187500e+00,3.037000000000000000e+03,0.000000000000000000e+00
1.120446300000000000e+07,1.551499938964843750e+02,5.236724853515625000e+01,4.852190017700195312e+00,3.012000000000000000e+03,0.000000000000000000e+00
1.120498200000000000e+07,1.502799987792968750e+02,5.236613082885742188e+01,4.866109848022460938e+00,2.122000000000000000e+03,0.000000000000000000e+00
1.121547700000000000e+07,1.502799987792968750e+02,5.238003158569335938e+01,4.847889900207519531e+00,3.382000000000000000e+03,0.000000000000000000e+00
1.121713100000000000e+07,2.962799987792968750e+02,5.235596847534179688e+01,4.888869762420654297e+00,1.835000000000000000e+03,0.000000000000000000e+00
1.123929800000000000e+07,1.366499938964843750e+02,5.236384963989257812e+01,4.885640144348144531e+00,1.134000000000000000e+03,0.000000000000000000e+00
1.124786200000000000e+07,3.157500000000000000e+02,5.236685180664062500e+01,4.910970211029052734e+00,1.167000000000000000e+03,0.000000000000000000e+00
1.125259600000000000e+07,1.016100006103515625e+02,5.237739944458007812e+01,4.848579883575439453e+00,3.270000000000000000e+03,0.000000000000000000e+00
1.126494100000000000e+07,1.162099990844726562e+02,5.237717819213867188e+01,4.855929851531982422e+00,2.776000000000000000e+03,0.000000000000000000e+00
1.126587000000000000e+07,1.132900009155273438e+02,5.238566970825195312e+01,4.890190124511718750e+00,1.580000000000000000e+03,0.000000000000000000e+00
1.126714800000000000e+07,1.308099975585937500e+02,5.237464141845703125e+01,4.872849941253662109e+00,1.594000000000000000e+03,0.000000000000000000e+00
1.130643200000000000e+07,2.719500122070312500e+02,5.235567092895507812e+01,4.894770145416259766e+00,1.806000000000000000e+03,0.000000000000000000e+00
1.131747300000000000e+07,3.556499938964843750e+02,5.234449005126953125e+01,4.895150184631347656e+00,3.048000000000000000e+03,0.000000000000000000e+00
1.134766900000000000e+07,6.462999725341796875e+01,5.234392166137695312e+01,4.892069816589355469e+00,3.122000000000000000e+03,0.000000000000000000e+00
1.135402800000000000e+07,1.454100036621093750e+02,5.236471939086914062e+01,4.907030105590820312e+00,1.099000000000000000e+03,0.000000000000000000e+00
1.135834300000000000e+07,1.405500030517578125e+02,5.234199142456054688e+01,4.925139904022216797e+00,3.873000000000000000e+03,0.000000000000000000e+00
1.138253000000000000e+07,1.940800018310546875e+02,5.235400009155273438e+01,4.991030216217041016e+00,6.759000000000000000e+03,0.000000000000000000e+00
1.138608000000000000e+07,8.116999816894531250e+01,5.239022064208984375e+01,4.878779888153076172e+00,2.345000000000000000e+03,0.000000000000000000e+00
1.140463600000000000e+07,1.113499984741210938e+02,5.238399124145507812e+01,4.893290042877197266e+00,1.356000000000000000e+03,0.000000000000000000e+00
1.142652300000000000e+07,1.989499969482421875e+02,5.238180923461914062e+01,4.876830101013183594e+00,1.700000000000000000e+03,0.000000000000000000e+00
1.143021400000000000e+07,2.466399993896484375e+02,5.235644912719726562e+01,4.890789985656738281e+00,1.753000000000000000e+03,0.000000000000000000e+00
1.145409200000000000e+07,1.308099975585937500e+02,5.236331939697265625e+01,4.902359962463378906e+00,1.050000000000000000e+03,0.000000000000000000e+00
1.146077000000000000e+07,7.533000183105468750e+01,5.240911102294921875e+01,4.893179893493652344e+00,4.142000000000000000e+03,0.000000000000000000e+00
1.151792200000000000e+07,1.989499969482421875e+02,5.235345077514648438e+01,4.911270141601562500e+00,2.302000000000000000e+03,0.000000000000000000e+00
1.152459400000000000e+07,1.210800018310546875e+02,5.236249923706054688e+01,4.924920082092285156e+00,2.230000000000000000e+03,0.000000000000000000e+00
1.155943100000000000e+07,1.269199981689453125e+02,5.236547088623046875e+01,4.902319908142089844e+00,8.370000000000000000e+02,0.000000000000000000e+00
1.156225700000000000e+07,1.989499969482421875e+02,5.237617111206054688e+01,4.878459930419921875e+00,1.276000000000000000e+03,0.000000000000000000e+00
1.156313500000000000e+07,2.232799987792968750e+02,5.234841156005859375e+01,5.002980232238769531e+00,7.726000000000000000e+03,0.000000000000000000e+00
1.158143800000000000e+07,1.230299987792968750e+02,5.234334945678710938e+01,4.894810199737548828e+00,3.175000000000000000e+03,0.000000000000000000e+00
1.159731900000000000e+07,1.493099975585937500e+02,5.236384963989257812e+01,4.876959800720214844e+00,1.567000000000000000e+03,0.000000000000000000e+00
1.160079600000000000e+07,1.989499969482421875e+02,5.236664962768554688e+01,4.864820003509521484e+00,2.189000000000000000e+03,0.000000000000000000e+00
1.162075600000000000e+07,8.116999816894531250e+01,5.237947082519531250e+01,4.823750019073486328e+00,4.970000000000000000e+03,0.000000000000000000e+00
1.164500600000000000e+07,1.746100006103515625e+02,5.236037826538085938e+01,4.879039764404296875e+00,1.718000000000000000e+03,0.000000000000000000e+00
1.164929300000000000e+07,1.794799957275390625e+02,5.235092163085937500e+01,5.002250194549560547e+00,7.589000000000000000e+03,0.000000000000000000e+00
1.165002400000000000e+07,1.347100067138671875e+02,5.236320877075195312e+01,4.918039798736572266e+00,1.787000000000000000e+03,0.000000000000000000e+00
1.166582100000000000e+07,1.317899932861328125e+02,5.236587142944335938e+01,4.868239879608154297e+00,1.994000000000000000e+03,0.000000000000000000e+00
1.168935100000000000e+07,1.707200012207031250e+02,5.235808181762695312e+01,4.888919830322265625e+00,1.608000000000000000e+03,0.000000000000000000e+00
1.169431500000000000e+07,3.449500122070312500e+02,5.235366821289062500e+01,4.871409893035888672e+00,2.622000000000000000e+03,0.000000000000000000e+00
1.169766100000000000e+07,1.337299957275390625e+02,5.236632156372070312e+01,4.867489814758300781e+00,2.026000000000000000e+03,0.000000000000000000e+00
1.170878400000000000e+07,2.154900054931640625e+02,5.235437011718750000e+01,4.888289928436279297e+00,2.016000000000000000e+03,0.000000000000000000e+00
1.171105200000000000e+07,3.449500122070312500e+02,5.236152648925781250e+01,4.875519752502441406e+00,1.801000000000000000e+03,0.000000000000000000e+00
1.174737300000000000e+07,1.901900024414062500e+02,5.237118148803710938e+01,4.876969814300537109e+00,1.288000000000000000e+03,0.000000000000000000e+00
1.174804400000000000e+07,1.502799987792968750e+02,5.237602996826171875e+01,4.851190090179443359e+00,3.070000000000000000e+03,0.000000000000000000e+00
1.176496500000000000e+07,8.215000152587890625e+01,5.238198852539062500e+01,4.872270107269287109e+00,1.957000000000000000e+03,0.000000000000000000e+00
1.179006100000000000e+07,3.245100097656250000e+02,5.236293029785156250e+01,4.856289863586425781e+00,2.868000000000000000e+03,0.000000000000000000e+00
1.182299500000000000e+07,9.675000000000000000e+01,5.236428833007812500e+01,4.850560188293457031e+00,3.192000000000000000e+03,0.000000000000000000e+00
1.184385000000000000e+07,2.719500122070312500e+02,5.236655044555664062e+01,4.890389919281005859e+00,7.030000000000000000e+02,0.000000000000000000e+00
1.184602300000000000e+07,2.719500122070312500e+02,5.236655044555664062e+01,4.890389919281005859e+00,7.030000000000000000e+02,0.000000000000000000e+00
1.185731600000000000e+07,1.191299972534179688e+02,5.238507843017578125e+01,4.909249782562255859e+00,1.723000000000000000e+03,0.000000000000000000e+00
1.185866000000000000e+07,1.395700073242187500e+02,5.235457992553710938e+01,4.903900146484375000e+00,2.001000000000000000e+03,0.000000000000000000e+00
1.186754700000000000e+07,1.502799987792968750e+02,5.235263824462890625e+01,4.847599983215332031e+00,3.917000000000000000e+03,0.000000000000000000e+00
1.189771500000000000e+07,1.502799987792968750e+02,5.236027145385742188e+01,4.857250213623046875e+00,2.925000000000000000e+03,0.000000000000000000e+00
1.190346400000000000e+07,1.551499938964843750e+02,5.238209915161132812e+01,4.886260032653808594e+00,1.309000000000000000e+03,0.000000000000000000e+00
1.193300600000000000e+07,9.675000000000000000e+01,5.237915039062500000e+01,4.858890056610107422e+00,2.639000000000000000e+03,0.000000000000000000e+00
1.194244000000000000e+07,2.232799987792968750e+02,5.234558105468750000e+01,4.860479831695556641e+00,3.788000000000000000e+03,0.000000000000000000e+00
1.194670500000000000e+07,2.125700073242187500e+02,5.236434173583984375e+01,4.936069965362548828e+00,2.854000000000000000e+03,0.000000000000000000e+00
1.196296000000000000e+07,1.590399932861328125e+02,5.234869384765625000e+01,4.856782913208007812e+00,3.703000000000000000e+03,0.000000000000000000e+00
1.200650500000000000e+07,1.278899993896484375e+02,5.235388183593750000e+01,4.898769855499267578e+00,2.013000000000000000e+03,0.000000000000000000e+00
1.203999200000000000e+07,3.449500122070312500e+02,5.234992980957031250e+01,4.878819942474365234e+00,2.704000000000000000e+03,0.000000000000000000e+00
1.205111400000000000e+07,4.130799865722656250e+02,5.237592315673828125e+01,4.880416870117187500e+00,1.142000000000000000e+03,0.000000000000000000e+00
1.205856100000000000e+07,8.798999786376953125e+01,5.235517883300781250e+01,4.881000041961669922e+00,2.117000000000000000e+03,0.000000000000000000e+00
1.205910100000000000e+07,9.383000183105468750e+01,5.234476089477539062e+01,4.892010211944580078e+00,3.029000000000000000e+03,0.000000000000000000e+00
1.206559100000000000e+07,1.493099975585937500e+02,5.238018035888671875e+01,4.879849910736083984e+00,1.427000000000000000e+03,0.000000000000000000e+00
1.207975100000000000e+07,1.882400054931640625e+02,5.238224029541015625e+01,4.868619918823242188e+00,2.180000000000000000e+03,0.000000000000000000e+00
1.208253600000000000e+07,8.701000213623046875e+01,5.234041976928710938e+01,4.921060085296630859e+00,3.895000000000000000e+03,0.000000000000000000e+00
1.208860700000000000e+07,2.242500000000000000e+02,5.235866165161132812e+01,4.933969974517822266e+00,2.975000000000000000e+03,0.000000000000000000e+00
1.210446200000000000e+07,9.187999725341796875e+01,5.236214065551757812e+01,4.936019897460937500e+00,2.932000000000000000e+03,0.000000000000000000e+00
1.210651100000000000e+07,7.144000244140625000e+01,5.233946990966796875e+01,4.918499946594238281e+00,3.919000000000000000e+03,0.000000000000000000e+00
1.211780000000000000e+07,7.727999877929687500e+01,5.234700012207031250e+01,4.859549999237060547e+00,3.709000000000000000e+03,0.000000000000000000e+00
1.211939300000000000e+07,1.590399932861328125e+02,5.238963699340820312e+01,4.950881481170654297e+00,4.221000000000000000e+03,0.000000000000000000e+00
1.213096400000000000e+07,1.210800018310546875e+02,5.237237930297851562e+01,4.852660179138183594e+00,2.936000000000000000e+03,0.000000000000000000e+00
1.213952500000000000e+07,4.422799987792968750e+02,5.235166168212890625e+01,4.857669830322265625e+00,3.435000000000000000e+03,0.000000000000000000e+00
1.214152500000000000e+07,8.701000213623046875e+01,5.242369842529296875e+01,4.892280101776123047e+00,5.765000000000000000e+03,0.000000000000000000e+00
1.214565600000000000e+07,7.727999877929687500e+01,5.237376022338867188e+01,4.927020072937011719e+00,2.123000000000000000e+03,0.000000000000000000e+00
1.216452100000000000e+07,1.746100006103515625e+02,5.235004043579101562e+01,4.859560012817382812e+00,3.464000000000000000e+03,0.000000000000000000e+00
1.219633500000000000e+07,1.210800018310546875e+02,5.238135910034179688e+01,4.855848789215087891e+00,2.915000000000000000e+03,0.000000000000000000e+00
1.220568600000000000e+07,9.480000305175781250e+01,5.236199188232421875e+01,4.926690101623535156e+00,2.363000000000000000e+03,0.000000000000000000e+00
1.221324400000000000e+07,2.086799926757812500e+02,5.236814117431640625e+01,4.868319988250732422e+00,1.918000000000000000e+03,0.000000000000000000e+00
1.221599000000000000e+07,1.454100036621093750e+02,5.235165023803710938e+01,4.849040031433105469e+00,3.898000000000000000e+03,0.000000000000000000e+00
1.221621300000000000e+07,1.016100006103515625e+02,5.238000869750976562e+01,4.887939929962158203e+00,1.051000000000000000e+03,0.000000000000000000e+00
1.222184200000000000e+07,1.386000061035156250e+02,5.234297943115234375e+01,4.900929927825927734e+00,3.234000000000000000e+03,0.000000000000000000e+00
1.222732400000000000e+07,1.356799926757812500e+02,5.234402847290039062e+01,4.892320156097412109e+00,3.109000000000000000e+03,0.000000000000000000e+00
1.225130100000000000e+07,1.113499984741210938e+02,5.237599182128906250e+01,4.864130020141601562e+00,2.204000000000000000e+03,0.000000000000000000e+00
1.225131100000000000e+07,1.210800018310546875e+02,5.240583038330078125e+01,4.932750225067138672e+00,4.527000000000000000e+03,0.000000000000000000e+00
1.229751500000000000e+07,1.288699951171875000e+02,5.236513137817382812e+01,4.855609893798828125e+00,2.837000000000000000e+03,0.000000000000000000e+00
1.231454900000000000e+07,2.086799926757812500e+02,5.238016128540039062e+01,4.885769844055175781e+00,1.148000000000000000e+03,0.000000000000000000e+00
1.231976400000000000e+07,2.339900054931640625e+02,5.235546875000000000e+01,4.917290210723876953e+00,2.334000000000000000e+03,0.000000000000000000e+00
1.234793800000000000e+07,1.259499969482421875e+02,5.235330963134765625e+01,4.920090198516845703e+00,2.640000000000000000e+03,0.000000000000000000e+00
1.237155700000000000e+07,9.284999847412109375e+01,5.239987182617187500e+01,4.906030178070068359e+00,3.186000000000000000e+03,0.000000000000000000e+00
1.237353200000000000e+07,2.077100067138671875e+02,5.236474990844726562e+01,4.907310009002685547e+00,1.110000000000000000e+03,0.000000000000000000e+00
1.238436800000000000e+07,1.308099975585937500e+02,5.238835144042968750e+01,4.887599945068359375e+00,1.914000000000000000e+03,0.000000000000000000e+00
1.239259200000000000e+07,1.347100067138671875e+02,5.237425994873046875e+01,4.899260044097900391e+00,3.480000000000000000e+02,0.000000000000000000e+00
1.244422200000000000e+07,2.320399932861328125e+02,5.237425994873046875e+01,4.899260044097900391e+00,3.480000000000000000e+02,0.000000000000000000e+00
1.244671000000000000e+07,2.047899932861328125e+02,5.237425994873046875e+01,4.899260044097900391e+00,3.480000000000000000e+02,0.000000000000000000e+00
1.245129300000000000e+07,9.966999816894531250e+01,5.237425994873046875e+01,4.899260044097900391e+00,3.480000000000000000e+02,0.000000000000000000e+00
1.246460700000000000e+07,1.755899963378906250e+02,5.236317825317382812e+01,4.865310192108154297e+00,2.292000000000000000e+03,0.000000000000000000e+00
1.247930000000000000e+07,2.768099975585937500e+02,5.238407135009765625e+01,4.840929985046386719e+00,3.969000000000000000e+03,0.000000000000000000e+00
1.248244500000000000e+07,1.064800033569335938e+02,5.237017059326171875e+01,4.861249923706054688e+00,2.360000000000000000e+03,0.000000000000000000e+00
1.248259000000000000e+07,1.113499984741210938e+02,5.236362075805664062e+01,4.874529838562011719e+00,1.718000000000000000e+03,0.000000000000000000e+00
1.249969200000000000e+07,7.241000366210937500e+01,5.235662841796875000e+01,4.916540145874023438e+00,2.202000000000000000e+03,0.000000000000000000e+00
1.250703900000000000e+07,1.259499969482421875e+02,5.238106918334960938e+01,4.886290073394775391e+00,1.211000000000000000e+03,0.000000000000000000e+00
1.251055300000000000e+07,1.502799987792968750e+02,5.235818862915039062e+01,4.894529819488525391e+00,1.527000000000000000e+03,0.000000000000000000e+00
1.251468200000000000e+07,1.940800018310546875e+02,5.236503982543945312e+01,4.906370162963867188e+00,1.043000000000000000e+03,0.000000000000000000e+00
1.254832800000000000e+07,2.232799987792968750e+02,5.234426116943359375e+01,4.898409843444824219e+00,3.078000000000000000e+03,0.000000000000000000e+00
1.255054900000000000e+07,1.648800048828125000e+02,5.236624908447265625e+01,4.878930091857910156e+00,1.312000000000000000e+03,0.000000000000000000e+00
1.255095700000000000e+07,2.962799987792968750e+02,5.235417938232421875e+01,4.897980213165283203e+00,1.975000000000000000e+03,0.000000000000000000e+00
1.255351300000000000e+07,1.979700012207031250e+02,5.236544036865234375e+01,4.926549911499023438e+00,2.201000000000000000e+03,0.000000000000000000e+00
1.255841300000000000e+07,1.259499969482421875e+02,5.235338973999023438e+01,4.849040031433105469e+00,3.789000000000000000e+03,0.000000000000000000e+00
1.257917700000000000e+07,1.395700073242187500e+02,5.237425994873046875e+01,4.899260044097900391e+00,3.480000000000000000e+02,0.000000000000000000e+00
1.258207100000000000e+07,2.116000061035156250e+02,5.237425994873046875e+01,4.899260044097900391e+00,3.480000000000000000e+02,0.000000000000000000e+00
1.259616500000000000e+07,1.395700073242187500e+02,5.235536956787109375e+01,4.936200141906738281e+00,3.296000000000000000e+03,0.000000000000000000e+00
1.259632200000000000e+07,7.342800292968750000e+02,5.236357116699218750e+01,4.879789829254150391e+00,1.433000000000000000e+03,0.000000000000000000e+00
1.259775600000000000e+07,4.422799987792968750e+02,5.236664962768554688e+01,4.880489826202392578e+00,1.198000000000000000e+03,0.000000000000000000e+00
1.259855300000000000e+07,1.405500030517578125e+02,5.236388015747070312e+01,4.909939765930175781e+00,1.305000000000000000e+03,0.000000000000000000e+00
1.259863000000000000e+07,4.520100097656250000e+02,5.236727142333984375e+01,4.880239963531494141e+00,1.181000000000000000e+03,0.000000000000000000e+00
1.259892400000000000e+07,4.520100097656250000e+02,5.236700057983398438e+01,4.879199981689453125e+00,1.258000000000000000e+03,0.000000000000000000e+00
1.259907200000000000e+07,4.617500000000000000e+02,5.236563873291015625e+01,4.878550052642822266e+00,1.368000000000000000e+03,0.000000000000000000e+00
1.261751200000000000e+07,1.746100006103515625e+02,5.234283065795898438e+01,4.922659873962402344e+00,3.708000000000000000e+03,0.000000000000000000e+00
1.261914500000000000e+07,9.966999816894531250e+01,5.238415908813476562e+01,4.871429920196533203e+00,2.149000000000000000e+03,0.000000000000000000e+00
1.263771100000000000e+07,1.123199996948242188e+02,5.241825866699218750e+01,4.900730133056640625e+00,5.165000000000000000e+03,0.000000000000000000e+00
1.266128100000000000e+07,2.086799926757812500e+02,5.236988830566406250e+01,4.849520206451416016e+00,3.157000000000000000e+03,0.000000000000000000e+00
1.267436300000000000e+07,7.144000244140625000e+01,5.240060043334960938e+01,4.919769763946533203e+00,3.579000000000000000e+03,0.000000000000000000e+00
1.272592100000000000e+07,1.940800018310546875e+02,5.239205169677734375e+01,4.943830013275146484e+00,3.950000000000000000e+03,0.000000000000000000e+00
1.273359900000000000e+07,8.116999816894531250e+01,5.234991073608398438e+01,4.940259933471679688e+00,3.880000000000000000e+03,0.000000000000000000e+00
1.274360600000000000e+07,1.940800018310546875e+02,5.236465072631835938e+01,4.911039829254150391e+00,1.306000000000000000e+03,0.000000000000000000e+00
1.274418300000000000e+07,1.016100006103515625e+02,5.237002182006835938e+01,4.852260112762451172e+00,2.970000000000000000e+03,0.000000000000000000e+00
1.276152600000000000e+07,1.103700027465820312e+02,5.235441970825195312e+01,4.931479930877685547e+00,3.101000000000000000e+03,0.000000000000000000e+00
1.277166600000000000e+07,1.308099975585937500e+02,5.237052917480468750e+01,4.861949920654296875e+00,2.310000000000000000e+03,0.000000000000000000e+00
1.277298400000000000e+07,2.476100006103515625e+02,5.234218978881835938e+01,4.916959762573242188e+00,3.600000000000000000e+03,0.000000000000000000e+00
1.278606700000000000e+07,1.405500030517578125e+02,5.238124084472656250e+01,4.888420104980468750e+00,1.156000000000000000e+03,0.000000000000000000e+00
1.278819400000000000e+07,1.794799957275390625e+02,5.235480880737304688e+01,4.887440204620361328e+00,1.985000000000000000e+03,0.000000000000000000e+00
1.280151400000000000e+07,1.308099975585937500e+02,5.236116027832031250e+01,4.875420093536376953e+00,1.833000000000000000e+03,0.000000000000000000e+00
1.280392000000000000e+07,3.206099853515625000e+02,5.236159896850585938e+01,4.861189842224121094e+00,2.620000000000000000e+03,0.000000000000000000e+00
1.280827700000000000e+07,3.936099853515625000e+02,5.237094116210937500e+01,4.864250183105468750e+00,2.151000000000000000e+03,0.000000000000000000e+00
1.280932400000000000e+07,1.746100006103515625e+02,5.236077117919921875e+01,4.853590011596679688e+00,3.128000000000000000e+03,0.000000000000000000e+00
1.283933300000000000e+07,1.142699966430664062e+02,5.241339111328125000e+01,4.893720149993896484e+00,4.616000000000000000e+03,0.000000000000000000e+00
1.284046000000000000e+07,9.383000183105468750e+01,5.235351181030273438e+01,4.885290145874023438e+00,2.168000000000000000e+03,0.000000000000000000e+00
1.286529300000000000e+07,1.415200042724609375e+02,5.237425994873046875e+01,4.899260044097900391e+00,3.480000000000000000e+02,0.000000000000000000e+00
1.286549500000000000e+07,1.337299957275390625e+02,5.237425994873046875e+01,4.899260044097900391e+00,3.480000000000000000e+02,0.000000000000000000e+00
1.288586600000000000e+07,5.295000076293945312e+01,5.238116073608398438e+01,4.836070060729980469e+00,4.190000000000000000e+03,0.000000000000000000e+00
1.289867300000000000e+07,9.675000000000000000e+01,5.237425994873046875e+01,4.899260044097900391e+00,3.480000000000000000e+02,0.000000000000000000e+00
1.289879500000000000e+07,1.502799987792968750e+02,5.235623168945312500e+01,4.903669834136962891e+00,1.820000000000000000e+03,0.000000000000000000e+00
1.290856100000000000e+07,9.772000122070312500e+01,5.237425994873046875e+01,4.899260044097900391e+00,3.480000000000000000e+02,0.000000000000000000e+00
1.292772600000000000e+07,1.395700073242187500e+02,5.236347961425781250e+01,4.855909824371337891e+00,2.872000000000000000e+03,0.000000000000000000e+00
1.294083500000000000e+07,8.116999816894531250e+01,5.236520004272460938e+01,4.937439918518066406e+00,2.917000000000000000e+03,0.000000000000000000e+00
1.294089300000000000e+07,1.210800018310546875e+02,5.235869979858398438e+01,4.860099792480468750e+00,2.839000000000000000e+03,0.000000000000000000e+00
1.294904400000000000e+07,1.259499969482421875e+02,5.237823867797851562e+01,4.881810188293457031e+00,1.188000000000000000e+03,0.000000000000000000e+00
1.294909400000000000e+07,1.687700042724609375e+02,5.235784149169921875e+01,4.909190177917480469e+00,1.805000000000000000e+03,0.000000000000000000e+00
1.295919700000000000e+07,7.727999877929687500e+01,5.238277053833007812e+01,4.874460220336914062e+00,1.892000000000000000e+03,0.000000000000000000e+00
1.297067400000000000e+07,1.113499984741210938e+02,5.236305999755859375e+01,4.908299922943115234e+00,1.294000000000000000e+03,0.000000000000000000e+00
1.297716500000000000e+07,3.099100036621093750e+02,5.237916183471679688e+01,4.838980197906494141e+00,3.947000000000000000e+03,0.000000000000000000e+00
1.300186100000000000e+07,1.989499969482421875e+02,5.237731933593750000e+01,4.861350059509277344e+00,2.422000000000000000e+03,0.000000000000000000e+00
1.301736300000000000e+07,1.502799987792968750e+02,5.237823867797851562e+01,4.870870113372802734e+00,1.840000000000000000e+03,0.000000000000000000e+00
1.301754200000000000e+07,1.950500030517578125e+02,5.237026977539062500e+01,4.855319976806640625e+00,2.761000000000000000e+03,0.000000000000000000e+00
1.303438500000000000e+07,8.215000152587890625e+01,5.237815093994140625e+01,4.947050094604492188e+00,3.541000000000000000e+03,0.000000000000000000e+00
1.303584200000000000e+07,7.241000366210937500e+01,5.240662002563476562e+01,4.922460079193115234e+00,4.261000000000000000e+03,0.000000000000000000e+00
1.304099600000000000e+07,5.781000137329101562e+01,5.238740921020507812e+01,4.882080078125000000e+00,1.963000000000000000e+03,0.000000000000000000e+00
1.304118800000000000e+07,5.295000076293945312e+01,5.236980056762695312e+01,4.910429954528808594e+00,1.014000000000000000e+03,0.000000000000000000e+00
1.304956600000000000e+07,1.405500030517578125e+02,5.240689849853515625e+01,4.935170173645019531e+00,4.717000000000000000e+03,0.000000000000000000e+00
1.305135500000000000e+07,1.561199951171875000e+02,5.237102890014648438e+01,4.895830154418945312e+00,9.700000000000000000e+01,0.000000000000000000e+00
1.307240500000000000e+07,6.559999847412109375e+01,5.237788009643554688e+01,4.802899837493896484e+00,6.348000000000000000e+03,0.000000000000000000e+00
1.307488900000000000e+07,2.378800048828125000e+02,5.234389114379882812e+01,4.866869926452636719e+00,3.686000000000000000e+03,0.000000000000000000e+00
1.308019500000000000e+07,1.395700073242187500e+02,5.236931991577148438e+01,4.882543087005615234e+00,9.510000000000000000e+02,0.000000000000000000e+00
1.308617500000000000e+07,1.931100006103515625e+02,5.237425994873046875e+01,4.899260044097900391e+00,3.480000000000000000e+02,0.000000000000000000e+00
1.309297800000000000e+07,1.376300048828125000e+02,5.237425994873046875e+01,4.899260044097900391e+00,3.480000000000000000e+02,0.000000000000000000e+00
1.309497000000000000e+07,1.502799987792968750e+02,5.234107971191406250e+01,4.895659923553466797e+00,3.427000000000000000e+03,0.000000000000000000e+00
1.310386100000000000e+07,7.923000335693359375e+01,5.236244964599609375e+01,4.903999805450439453e+00,1.186000000000000000e+03,0.000000000000000000e+00
1.310796900000000000e+07,2.232799987792968750e+02,5.237252044677734375e+01,4.858339786529541016e+00,2.551000000000000000e+03,0.000000000000000000e+00
1.311921700000000000e+07,2.271699981689453125e+02,5.236272048950195312e+01,4.908979892730712891e+00,1.353000000000000000e+03,0.000000000000000000e+00
1.312794400000000000e+07,1.502799987792968750e+02,5.239487075805664062e+01,4.931109905242919922e+00,3.498000000000000000e+03,0.000000000000000000e+00
1.313440400000000000e+07,1.892100067138671875e+02,5.235678100585937500e+01,4.923960208892822266e+00,2.541000000000000000e+03,0.000000000000000000e+00
1.313471400000000000e+07,9.675000000000000000e+01,5.235015106201171875e+01,4.913499832153320312e+00,2.697000000000000000e+03,0.000000000000000000e+00
1.313540900000000000e+07,9.187999725341796875e+01,5.235078811645507812e+01,4.852049827575683594e+00,3.792000000000000000e+03,0.000000000000000000e+00
1.314457500000000000e+07,1.395700073242187500e+02,5.237303924560546875e+01,4.893549919128417969e+00,2.040000000000000000e+02,0.000000000000000000e+00
1.315202800000000000e+07,1.940800018310546875e+02,5.239179992675781250e+01,4.873129844665527344e+00,2.699000000000000000e+03,0.000000000000000000e+00
1.316929400000000000e+07,1.746100006103515625e+02,5.235322952270507812e+01,4.938980102539062500e+00,3.587000000000000000e+03,0.000000000000000000e+00
1.317792800000000000e+07,2.962799987792968750e+02,5.238381958007812500e+01,4.868040084838867188e+00,2.309000000000000000e+03,0.000000000000000000e+00
1.317919600000000000e+07,1.152399978637695312e+02,5.236727142333984375e+01,4.866680145263671875e+00,2.049000000000000000e+03,0.000000000000000000e+00
1.318742700000000000e+07,1.940800018310546875e+02,5.235387039184570312e+01,4.929959774017333984e+00,3.061000000000000000e+03,0.000000000000000000e+00
1.318834000000000000e+07,8.116999816894531250e+01,5.236827850341796875e+01,4.924779891967773438e+00,2.002000000000000000e+03,0.000000000000000000e+00
1.319698100000000000e+07,1.103700027465820312e+02,5.235422134399414062e+01,4.849659919738769531e+00,3.704000000000000000e+03,0.000000000000000000e+00
1.319824800000000000e+07,1.502799987792968750e+02,5.237237930297851562e+01,4.873760223388671875e+00,1.504000000000000000e+03,0.000000000000000000e+00
1.321934100000000000e+07,2.281499938964843750e+02,5.234299087524414062e+01,4.951019763946533203e+00,4.934000000000000000e+03,0.000000000000000000e+00
1.322994900000000000e+07,6.170999908447265625e+01,5.238100051879882812e+01,4.835380077362060547e+00,4.231000000000000000e+03,0.000000000000000000e+00
1.324582700000000000e+07,2.476100006103515625e+02,5.235631179809570312e+01,4.939489841461181641e+00,3.430000000000000000e+03,0.000000000000000000e+00
1.324721200000000000e+07,2.884899902343750000e+02,5.237287902832031250e+01,4.906479835510253906e+00,7.260000000000000000e+02,0.000000000000000000e+00
1.325659900000000000e+07,2.086799926757812500e+02,5.236861038208007812e+01,4.886069774627685547e+00,7.610000000000000000e+02,0.000000000000000000e+00
1.326266600000000000e+07,5.781000137329101562e+01,5.232001113891601562e+01,4.963230133056640625e+00,7.363000000000000000e+03,0.000000000000000000e+00
1.327263300000000000e+07,2.553999938964843750e+02,5.236531829833984375e+01,4.910910129547119141e+00,1.255000000000000000e+03,0.000000000000000000e+00
1.327730400000000000e+07,1.356799926757812500e+02,5.234992980957031250e+01,5.004930019378662109e+00,7.796000000000000000e+03,0.000000000000000000e+00
1.328982200000000000e+07,9.675000000000000000e+01,5.229034042358398438e+01,4.980110168457031250e+00,1.072300000000000000e+04,0.000000000000000000e+00
1.329493600000000000e+07,2.271699981689453125e+02,5.237324905395507812e+01,4.851069927215576172e+00,3.047000000000000000e+03,0.000000000000000000e+00
1.330285300000000000e+07,2.476100006103515625e+02,5.237017059326171875e+01,4.943960189819335938e+00,3.268000000000000000e+03,0.000000000000000000e+00
1.330428100000000000e+07,8.215000152587890625e+01,5.239849853515625000e+01,4.913420200347900391e+00,3.188000000000000000e+03,0.000000000000000000e+00
1.330800600000000000e+07,8.116999816894531250e+01,5.235837173461914062e+01,4.859690189361572266e+00,2.882000000000000000e+03,0.000000000000000000e+00
1.331449300000000000e+07,9.675000000000000000e+01,5.236397171020507812e+01,4.907680034637451172e+00,1.190000000000000000e+03,0.000000000000000000e+00
1.332762600000000000e+07,1.502799987792968750e+02,5.238296890258789062e+01,4.874589920043945312e+00,1.899000000000000000e+03,0.000000000000000000e+00
1.333015300000000000e+07,1.210800018310546875e+02,5.240716171264648438e+01,4.900640010833740234e+00,3.934000000000000000e+03,0.000000000000000000e+00
1.333651500000000000e+07,2.476100006103515625e+02,5.235319900512695312e+01,4.936779975891113281e+00,3.468000000000000000e+03,0.000000000000000000e+00
1.335000400000000000e+07,1.113499984741210938e+02,5.236360931396484375e+01,4.937960147857666016e+00,3.001000000000000000e+03,0.000000000000000000e+00
1.335356600000000000e+07,3.595499877929687500e+02,5.238531112670898438e+01,4.953519821166992188e+00,4.186000000000000000e+03,0.000000000000000000e+00
1.338988200000000000e+07,2.476100006103515625e+02,5.237889862060546875e+01,4.874919891357421875e+00,1.623000000000000000e+03,0.000000000000000000e+00
1.341931200000000000e+07,1.210800018310546875e+02,5.238370895385742188e+01,4.874300003051757812e+00,1.968000000000000000e+03,0.000000000000000000e+00
1.342145900000000000e+07,3.877699890136718750e+02,5.237178039550781250e+01,4.880169868469238281e+00,1.068000000000000000e+03,0.000000000000000000e+00
1.342500600000000000e+07,1.600099945068359375e+02,5.237762832641601562e+01,4.868949890136718750e+00,1.937000000000000000e+03,0.000000000000000000e+00
1.342861400000000000e+07,1.006399993896484375e+02,5.237789916992187500e+01,4.861989974975585938e+00,2.397000000000000000e+03,0.000000000000000000e+00
1.342917400000000000e+07,6.072999954223632812e+01,5.237178039550781250e+01,4.853010177612304688e+00,2.912000000000000000e+03,0.000000000000000000e+00
1.343139800000000000e+07,9.675000000000000000e+01,5.236278152465820312e+01,4.852799892425537109e+00,3.097000000000000000e+03,0.000000000000000000e+00
1.343970800000000000e+07,3.449500122070312500e+02,5.235335922241210938e+01,4.994559764862060547e+00,7.009000000000000000e+03,0.000000000000000000e+00
1.344138500000000000e+07,2.125700073242187500e+02,5.238261032104492188e+01,4.875308990478515625e+00,1.836000000000000000e+03,0.000000000000000000e+00
1.344947100000000000e+07,3.060100097656250000e+02,5.235643005371093750e+01,4.888060092926025391e+00,1.801000000000000000e+03,0.000000000000000000e+00
1.346011000000000000e+07,9.966999816894531250e+01,5.239022827148437500e+01,4.924819946289062500e+00,2.830000000000000000e+03,0.000000000000000000e+00
1.346254600000000000e+07,3.936099853515625000e+02,5.235469055175781250e+01,4.940529823303222656e+00,3.584000000000000000e+03,0.000000000000000000e+00
1.346326100000000000e+07,1.746100006103515625e+02,5.234788894653320312e+01,4.891759872436523438e+00,2.685000000000000000e+03,0.000000000000000000e+00
1.347148500000000000e+07,1.502799987792968750e+02,5.235633850097656250e+01,4.904419898986816406e+00,1.824000000000000000e+03,0.000000000000000000e+00
1.347669100000000000e+07,1.989499969482421875e+02,5.235163879394531250e+01,4.911300182342529297e+00,2.484000000000000000e+03,0.000000000000000000e+00
1.348315500000000000e+07,1.746100006103515625e+02,5.238621139526367188e+01,4.916779994964599609e+00,2.131000000000000000e+03,0.000000000000000000e+00
1.348610800000000000e+07,1.561199951171875000e+02,5.237467956542968750e+01,4.946740150451660156e+00,3.465000000000000000e+03,0.000000000000000000e+00
1.348936600000000000e+07,1.113499984741210938e+02,5.234252166748046875e+01,4.897850036621093750e+00,3.269000000000000000e+03,0.000000000000000000e+00
1.349192400000000000e+07,2.914100036621093750e+02,5.237643051147460938e+01,4.882329940795898438e+00,1.050000000000000000e+03,0.000000000000000000e+00
1.350911900000000000e+07,2.476100006103515625e+02,5.236299896240234375e+01,4.865779876708984375e+00,2.272000000000000000e+03,0.000000000000000000e+00
1.352721900000000000e+07,2.855700073242187500e+02,5.237031936645507812e+01,4.891039848327636719e+00,3.740000000000000000e+02,0.000000000000000000e+00
1.353725400000000000e+07,1.989499969482421875e+02,5.236053848266601562e+01,4.864280223846435547e+00,2.491000000000000000e+03,0.000000000000000000e+00
1.353772100000000000e+07,2.719500122070312500e+02,5.237018966674804688e+01,4.930739879608154297e+00,2.373000000000000000e+03,0.000000000000000000e+00
1.355485500000000000e+07,9.091000366210937500e+01,5.236383819580078125e+01,4.883279800415039062e+00,1.240000000000000000e+03,0.000000000000000000e+00
1.356157500000000000e+07,4.224000167846679688e+01,5.240631866455078125e+01,4.930399894714355469e+00,4.487000000000000000e+03,0.000000000000000000e+00
1.357161700000000000e+07,2.505299987792968750e+02,5.235543823242187500e+01,4.907760143280029297e+00,2.000000000000000000e+03,0.000000000000000000e+00
1.358485800000000000e+07,1.609900054931640625e+02,5.237425994873046875e+01,4.899260044097900391e+00,3.480000000000000000e+02,0.000000000000000000e+00
1.359790700000000000e+07,1.006399993896484375e+02,5.235279846191406250e+01,4.888470172882080078e+00,2.183000000000000000e+03,0.000000000000000000e+00
1.359880800000000000e+07,5.746500244140625000e+02,5.237154006958007812e+01,4.876649856567382812e+00,1.307000000000000000e+03,0.000000000000000000e+00
1.359947900000000000e+07,7.727999877929687500e+01,5.236241149902343750e+01,4.937849998474121094e+00,3.037000000000000000e+03,0.000000000000000000e+00
1.360132300000000000e+07,1.113499984741210938e+02,5.234119033813476562e+01,4.896220207214355469e+00,3.415000000000000000e+03,0.000000000000000000e+00
1.361029600000000000e+07,1.454100036621093750e+02,5.235095977783203125e+01,4.889659881591796875e+00,2.367000000000000000e+03,0.000000000000000000e+00
1.361165700000000000e+07,1.843500061035156250e+02,5.236843109130859375e+01,4.879809856414794922e+00,1.158000000000000000e+03,0.000000000000000000e+00
1.361210800000000000e+07,8.701000213623046875e+01,5.234437179565429688e+01,4.906370162963867188e+00,3.142000000000000000e+03,0.000000000000000000e+00
1.362999800000000000e+07,1.989499969482421875e+02,5.232955932617187500e+01,4.858250141143798828e+00,5.358000000000000000e+03,0.000000000000000000e+00
1.363271000000000000e+07,1.502799987792968750e+02,5.236203002929687500e+01,4.983870029449462891e+00,6.073000000000000000e+03,0.000000000000000000e+00
1.364747400000000000e+07,1.989499969482421875e+02,5.236228942871093750e+01,4.900169849395751953e+00,1.107000000000000000e+03,0.000000000000000000e+00
1.365438700000000000e+07,1.979700012207031250e+02,5.238380050659179688e+01,4.836470127105712891e+00,4.246000000000000000e+03,0.000000000000000000e+00
1.365516100000000000e+07,1.337299957275390625e+02,5.236174011230468750e+01,4.936610221862792969e+00,2.986000000000000000e+03,0.000000000000000000e+00
1.367845300000000000e+07,1.210800018310546875e+02,5.235557174682617188e+01,4.901599884033203125e+00,1.856000000000000000e+03,0.000000000000000000e+00
1.368734200000000000e+07,8.701000213623046875e+01,5.236746978759765625e+01,4.856430053710937500e+00,2.725000000000000000e+03,0.000000000000000000e+00
1.369119800000000000e+07,1.454100036621093750e+02,5.234457015991210938e+01,4.902450084686279297e+00,3.071000000000000000e+03,0.000000000000000000e+00
1.370856700000000000e+07,2.106300048828125000e+02,5.237981033325195312e+01,4.874179840087890625e+00,1.717000000000000000e+03,0.000000000000000000e+00
1.370943500000000000e+07,1.308099975585937500e+02,5.234556961059570312e+01,4.862400054931640625e+00,3.708000000000000000e+03,0.000000000000000000e+00
1.371086500000000000e+07,3.936099853515625000e+02,5.233871841430664062e+01,4.794539928436279297e+00,7.810000000000000000e+03,0.000000000000000000e+00
1.372171300000000000e+07,9.091000366210937500e+01,5.237633132934570312e+01,4.850550174713134766e+00,3.118000000000000000e+03,0.000000000000000000e+00
1.372901000000000000e+07,1.785099945068359375e+02,5.235697937011718750e+01,4.934150218963623047e+00,3.082000000000000000e+03,0.000000000000000000e+00
1.376026100000000000e+07,4.422799987792968750e+02,5.236632919311523438e+01,4.885519981384277344e+00,9.380000000000000000e+02,0.000000000000000000e+00
1.379139600000000000e+07,9.675000000000000000e+01,5.234469985961914062e+01,4.870480060577392578e+00,3.482000000000000000e+03,0.000000000000000000e+00
1.380729200000000000e+07,1.327599945068359375e+02,5.237075042724609375e+01,4.930190086364746094e+00,2.331000000000000000e+03,0.000000000000000000e+00
1.380753000000000000e+07,2.125700073242187500e+02,5.235916137695312500e+01,4.916649818420410156e+00,1.998000000000000000e+03,0.000000000000000000e+00
1.381225000000000000e+07,3.556499938964843750e+02,5.237947845458984375e+01,4.875319957733154297e+00,1.632000000000000000e+03,0.000000000000000000e+00
1.381227300000000000e+07,2.232799987792968750e+02,5.235599136352539062e+01,4.852350234985351562e+00,3.446000000000000000e+03,0.000000000000000000e+00
1.381781400000000000e+07,1.561199951171875000e+02,5.238298034667968750e+01,4.877580165863037109e+00,1.751000000000000000e+03,0.000000000000000000e+00
1.381999100000000000e+07,1.989499969482421875e+02,5.235892868041992188e+01,4.895609855651855469e+00,1.442000000000000000e+03,0.000000000000000000e+00
1.382016900000000000e+07,9.091000366210937500e+01,5.237265014648437500e+01,4.850659847259521484e+00,3.072000000000000000e+03,0.000000000000000000e+00
1.382198000000000000e+07,1.424900054931640625e+02,5.236130905151367188e+01,4.790030002593994141e+00,7.284000000000000000e+03,0.000000000000000000e+00
1.382511700000000000e+07,1.308099975585937500e+02,5.235892868041992188e+01,4.923719882965087891e+00,2.377000000000000000e+03,0.000000000000000000e+00
1.383670900000000000e+07,6.851999664306640625e+01,5.240451049804687500e+01,4.915060043334960938e+00,3.852000000000000000e+03,0.000000000000000000e+00
1.383755900000000000e+07,9.966999816894531250e+01,5.235079956054687500e+01,4.841690063476562500e+00,4.365000000000000000e+03,0.000000000000000000e+00
1.384152500000000000e+07,1.794799957275390625e+02,5.235731887817382812e+01,4.919700145721435547e+00,2.289000000000000000e+03,0.000000000000000000e+00
1.385146800000000000e+07,2.427500000000000000e+02,5.239300918579101562e+01,4.872940063476562500e+00,2.818000000000000000e+03,0.000000000000000000e+00
1.385264300000000000e+07,1.259499969482421875e+02,5.238106155395507812e+01,4.886690139770507812e+00,1.195000000000000000e+03,0.000000000000000000e+00
1.385333700000000000e+07,1.113499984741210938e+02,5.236621856689453125e+01,4.866119861602783203e+00,2.118000000000000000e+03,0.000000000000000000e+00
1.385412600000000000e+07,2.894700012207031250e+02,5.238370132446289062e+01,4.872970104217529297e+00,2.036000000000000000e+03,0.000000000000000000e+00
1.385446700000000000e+07,5.727100219726562500e+02,5.234906005859375000e+01,4.870940208435058594e+00,3.053000000000000000e+03,0.000000000000000000e+00
1.387304000000000000e+07,1.405500030517578125e+02,5.236906814575195312e+01,4.942880153656005859e+00,3.205000000000000000e+03,0.000000000000000000e+00
1.388256900000000000e+07,7.727999877929687500e+01,5.236111068725585938e+01,4.934929847717285156e+00,2.909000000000000000e+03,0.000000000000000000e+00
1.388694900000000000e+07,1.931100006103515625e+02,5.235451889038085938e+01,4.928299903869628906e+00,2.928000000000000000e+03,0.000000000000000000e+00
1.388929200000000000e+07,1.882400054931640625e+02,5.238727188110351562e+01,4.957890033721923828e+00,4.542000000000000000e+03,0.000000000000000000e+00
1.389171900000000000e+07,1.648800048828125000e+02,5.236428070068359375e+01,4.912310123443603516e+00,1.400000000000000000e+03,0.000000000000000000e+00
1.389718900000000000e+07,1.317899932861328125e+02,5.238230895996093750e+01,4.871419906616210938e+00,2.025000000000000000e+03,0.000000000000000000e+00
1.389772200000000000e+07,9.675000000000000000e+01,5.238520050048828125e+01,4.851329803466796875e+00,3.368000000000000000e+03,0.000000000000000000e+00
1.390627300000000000e+07,1.016100006103515625e+02,5.236780166625976562e+01,4.942049980163574219e+00,3.166000000000000000e+03,0.000000000000000000e+00
1.392558500000000000e+07,1.298399963378906250e+02,5.236877059936523438e+01,4.854040145874023438e+00,2.863000000000000000e+03,0.000000000000000000e+00
1.393274900000000000e+07,1.405500030517578125e+02,5.237113189697265625e+01,4.860859870910644531e+00,2.380000000000000000e+03,0.000000000000000000e+00
1.393308200000000000e+07,1.600099945068359375e+02,5.237905883789062500e+01,4.861869812011718750e+00,2.443000000000000000e+03,0.000000000000000000e+00
1.393457000000000000e+07,3.731700134277343750e+02,5.237128067016601562e+01,4.861869812011718750e+00,2.311000000000000000e+03,0.000000000000000000e+00
1.395095800000000000e+07,1.259499969482421875e+02,5.235227966308593750e+01,4.926690101623535156e+00,3.022000000000000000e+03,0.000000000000000000e+00
1.395234900000000000e+07,2.232799987792968750e+02,5.237850189208984375e+01,4.858930110931396484e+00,2.615000000000000000e+03,0.000000000000000000e+00
1.395247900000000000e+07,2.154900054931640625e+02,5.235765075683593750e+01,4.902840137481689453e+00,1.653000000000000000e+03,0.000000000000000000e+00
1.395338500000000000e+07,5.781000137329101562e+01,5.229164886474609375e+01,4.993159770965576172e+00,1.110400000000000000e+04,0.000000000000000000e+00
1.396583500000000000e+07,1.892100067138671875e+02,5.235760116577148438e+01,4.905960083007812500e+00,1.730000000000000000e+03,0.000000000000000000e+00
1.396682200000000000e+07,8.408999633789062500e+01,5.235327911376953125e+01,4.833779811859130859e+00,4.699000000000000000e+03,0.000000000000000000e+00
1.396835800000000000e+07,6.856099853515625000e+02,5.237862014770507812e+01,4.886499881744384766e+00,9.830000000000000000e+02,0.000000000000000000e+00
1.397302300000000000e+07,1.940800018310546875e+02,5.236938095092773438e+01,4.862659931182861328e+00,2.274000000000000000e+03,0.000000000000000000e+00
1.399459100000000000e+07,1.590399932861328125e+02,5.235979843139648438e+01,4.936419963836669922e+00,3.063000000000000000e+03,0.000000000000000000e+00
1.401154900000000000e+07,1.970000000000000000e+02,5.238146972656250000e+01,4.854889869689941406e+00,2.980000000000000000e+03,0.000000000000000000e+00
1.401749700000000000e+07,1.765599975585937500e+02,5.237997817993164062e+01,4.890860080718994141e+00,9.610000000000000000e+02,0.000000000000000000e+00
1.401789200000000000e+07,1.746100006103515625e+02,5.237966156005859375e+01,4.889739990234375000e+00,9.590000000000000000e+02,0.000000000000000000e+00
1.402189100000000000e+07,1.405500030517578125e+02,5.235129165649414062e+01,4.851180076599121094e+00,3.804000000000000000e+03,0.000000000000000000e+00
1.402213500000000000e+07,3.984800109863281250e+02,5.239551162719726562e+01,4.909060001373291016e+00,2.773000000000000000e+03,0.000000000000000000e+00
1.402266100000000000e+07,1.016100006103515625e+02,5.234516143798828125e+01,4.864319801330566406e+00,3.666000000000000000e+03,0.000000000000000000e+00
1.403493600000000000e+07,7.727999877929687500e+01,5.239461135864257812e+01,4.917709827423095703e+00,2.927000000000000000e+03,0.000000000000000000e+00
1.403943100000000000e+07,1.308099975585937500e+02,5.236832046508789062e+01,4.909349918365478516e+00,9.960000000000000000e+02,0.000000000000000000e+00
1.405009200000000000e+07,6.462999725341796875e+01,5.234679031372070312e+01,4.802949905395507812e+00,6.902000000000000000e+03,0.000000000000000000e+00
1.405269200000000000e+07,1.113499984741210938e+02,5.238269042968750000e+01,4.870150089263916016e+00,2.120000000000000000e+03,0.000000000000000000e+00
1.405345700000000000e+07,1.094000015258789062e+02,5.237202835083007812e+01,4.864759922027587891e+00,2.114000000000000000e+03,0.000000000000000000e+00
1.405432600000000000e+07,1.356799926757812500e+02,5.236951065063476562e+01,4.911870002746582031e+00,1.116000000000000000e+03,0.000000000000000000e+00
1.407003800000000000e+07,1.600099945068359375e+02,5.237152862548828125e+01,4.880219936370849609e+00,1.065000000000000000e+03,0.000000000000000000e+00
1.407933800000000000e+07,2.077100067138671875e+02,5.238011169433593750e+01,4.856070041656494141e+00,2.854000000000000000e+03,0.000000000000000000e+00
1.408522000000000000e+07,8.701000213623046875e+01,5.235546112060546875e+01,4.903940200805664062e+00,1.908000000000000000e+03,0.000000000000000000e+00
1.409282600000000000e+07,1.989499969482421875e+02,5.238006973266601562e+01,4.871640205383300781e+00,1.881000000000000000e+03,0.000000000000000000e+00
1.410516400000000000e+07,4.354700012207031250e+02,5.237308120727539062e+01,4.899640083312988281e+00,2.860000000000000000e+02,0.000000000000000000e+00
1.412298300000000000e+07,7.727999877929687500e+01,5.236930084228515625e+01,4.926519870758056641e+00,2.099000000000000000e+03,0.000000000000000000e+00
1.412391600000000000e+07,1.502799987792968750e+02,5.237210083007812500e+01,4.943890094757080078e+00,3.258000000000000000e+03,0.000000000000000000e+00
1.414687300000000000e+07,1.259499969482421875e+02,5.237337112426757812e+01,4.945000171661376953e+00,3.337000000000000000e+03,0.000000000000000000e+00
1.415954500000000000e+07,1.989499969482421875e+02,5.236743927001953125e+01,4.867829799652099609e+00,1.969000000000000000e+03,0.000000000000000000e+00
1.417162400000000000e+07,1.210800018310546875e+02,5.237850952148437500e+01,4.849929809570312500e+00,3.206000000000000000e+03,0.000000000000000000e+00
1.417223200000000000e+07,1.405500030517578125e+02,5.236116027832031250e+01,4.865079879760742188e+00,2.409000000000000000e+03,0.000000000000000000e+00
1.417333100000000000e+07,9.187999725341796875e+01,5.234516906738281250e+01,4.902420043945312500e+00,3.005000000000000000e+03,0.000000000000000000e+00
1.418281700000000000e+07,1.308099975585937500e+02,5.236246109008789062e+01,4.908420085906982422e+00,1.351000000000000000e+03,0.000000000000000000e+00
1.419806000000000000e+07,1.395700073242187500e+02,5.236154174804687500e+01,4.914519786834716797e+00,1.710000000000000000e+03,0.000000000000000000e+00
1.420689200000000000e+07,5.172299804687500000e+02,5.237857055664062500e+01,4.881169795989990234e+00,1.245000000000000000e+03,0.000000000000000000e+00
1.421825600000000000e+07,1.230299987792968750e+02,5.235982131958007812e+01,4.860420227050781250e+00,2.758000000000000000e+03,0.000000000000000000e+00
1.421872600000000000e+07,3.834999847412109375e+01,5.236309051513671875e+01,4.843929767608642578e+00,3.662000000000000000e+03,0.000000000000000000e+00
1.424409700000000000e+07,3.546799926757812500e+02,5.236553955078125000e+01,4.906849861145019531e+00,1.026000000000000000e+03,0.000000000000000000e+00
1.424622400000000000e+07,1.502799987792968750e+02,5.237865829467773438e+01,4.853680133819580078e+00,2.963000000000000000e+03,0.000000000000000000e+00
1.425864800000000000e+07,1.901900024414062500e+02,5.235860061645507812e+01,4.860610008239746094e+00,2.816000000000000000e+03,0.000000000000000000e+00
1.427125100000000000e+07,1.210800018310546875e+02,5.241699981689453125e+01,4.894589900970458984e+00,5.016000000000000000e+03,0.000000000000000000e+00
1.427450400000000000e+07,4.904999923706054688e+01,5.236862945556640625e+01,4.880509853363037109e+00,1.106000000000000000e+03,0.000000000000000000e+00
1.427775000000000000e+07,2.476100006103515625e+02,5.236795043945312500e+01,4.898610115051269531e+00,4.760000000000000000e+02,0.000000000000000000e+00
1.429240700000000000e+07,1.541699981689453125e+02,5.235649871826171875e+01,4.898479938507080078e+00,1.721000000000000000e+03,0.000000000000000000e+00
1.431065200000000000e+07,1.259499969482421875e+02,5.237533187866210938e+01,4.846978187561035156e+00,3.343000000000000000e+03,0.000000000000000000e+00
1.432575700000000000e+07,1.259499969482421875e+02,5.236026000976562500e+01,4.895206928253173828e+00,1.295000000000000000e+03,0.000000000000000000e+00
1.433303800000000000e+07,1.746100006103515625e+02,5.237002944946289062e+01,4.879970073699951172e+00,1.101000000000000000e+03,0.000000000000000000e+00
1.434320400000000000e+07,3.157500000000000000e+02,5.238954162597656250e+01,4.890900135040283203e+00,1.991000000000000000e+03,0.000000000000000000e+00
1.434655600000000000e+07,1.493099975585937500e+02,5.237046813964843750e+01,4.849979877471923828e+00,3.122000000000000000e+03,0.000000000000000000e+00
1.434815800000000000e+07,1.133339965820312500e+03,5.238768005371093750e+01,4.884550094604492188e+00,1.916000000000000000e+03,0.000000000000000000e+00
1.435504300000000000e+07,1.356799926757812500e+02,5.235670089721679688e+01,4.857130050659179688e+00,3.128000000000000000e+03,0.000000000000000000e+00
1.435760500000000000e+07,6.948999786376953125e+01,5.238093948364257812e+01,4.912489891052246094e+00,1.510000000000000000e+03,0.000000000000000000e+00
1.436315100000000000e+07,1.901900024414062500e+02,5.234695816040039062e+01,5.010089874267578125e+00,8.235000000000000000e+03,0.000000000000000000e+00
1.436451800000000000e+07,1.697500000000000000e+02,5.236484909057617188e+01,4.875460147857666016e+00,1.594000000000000000e+03,0.000000000000000000e+00
1.438746800000000000e+07,2.047899932861328125e+02,5.237767028808593750e+01,4.872749805450439453e+00,1.698000000000000000e+03,0.000000000000000000e+00
1.439445000000000000e+07,1.502799987792968750e+02,5.235446166992187500e+01,4.895095825195312500e+00,1.940000000000000000e+03,0.000000000000000000e+00
1.441246700000000000e+07,1.746100006103515625e+02,5.235219955444335938e+01,4.884009838104248047e+00,2.334000000000000000e+03,0.000000000000000000e+00
1.441261000000000000e+07,8.701000213623046875e+01,5.236381149291992188e+01,4.914400100708007812e+00,1.545000000000000000e+03,0.000000000000000000e+00
1.443984100000000000e+07,1.454100036621093750e+02,5.235636138916015625e+01,4.914340019226074219e+00,2.134000000000000000e+03,0.000000000000000000e+00
1.444199400000000000e+07,1.171900024414062500e+02,5.235588836669921875e+01,4.909570217132568359e+00,2.008000000000000000e+03,0.000000000000000000e+00
1.446185900000000000e+07,8.215000152587890625e+01,5.238433837890625000e+01,4.870989799499511719e+00,2.185000000000000000e+03,0.000000000000000000e+00
1.446236600000000000e+07,2.193899993896484375e+02,5.237300872802734375e+01,4.881979942321777344e+00,9.530000000000000000e+02,0.000000000000000000e+00
1.446590500000000000e+07,3.819299926757812500e+02,5.235525131225585938e+01,4.889339923858642578e+00,1.904000000000000000e+03,0.000000000000000000e+00
1.447918700000000000e+07,1.152399978637695312e+02,5.236288833618164062e+01,4.868169784545898438e+00,2.133000000000000000e+03,0.000000000000000000e+00
1.452609600000000000e+07,6.656999969482421875e+01,5.235197067260742188e+01,5.001989841461181641e+00,7.537000000000000000e+03,0.000000000000000000e+00
1.454832400000000000e+07,3.702500000000000000e+02,5.239059829711914062e+01,4.887340068817138672e+00,2.159000000000000000e+03,0.000000000000000000e+00
1.456187100000000000e+07,1.551499938964843750e+02,5.235319900512695312e+01,4.925049781799316406e+00,2.871000000000000000e+03,0.000000000000000000e+00
1.457285800000000000e+07,1.843500061035156250e+02,5.236537170410156250e+01,4.935830116271972656e+00,2.806000000000000000e+03,0.000000000000000000e+00
1.458328300000000000e+07,3.147699890136718750e+02,5.234391021728515625e+01,4.901390075683593750e+00,3.134000000000000000e+03,0.000000000000000000e+00
1.459183900000000000e+07,1.308099975585937500e+02,5.238307952880859375e+01,4.872179985046386719e+00,2.034000000000000000e+03,0.000000000000000000e+00
1.461085100000000000e+07,1.210800018310546875e+02,5.233216857910156250e+01,4.882359981536865234e+00,4.512000000000000000e+03,0.000000000000000000e+00
1.466545100000000000e+07,1.746100006103515625e+02,5.237599182128906250e+01,4.946380138397216797e+00,3.457000000000000000e+03,0.000000000000000000e+00
1.470662700000000000e+07,2.174400024414062500e+02,5.235800170898437500e+01,4.899789810180664062e+00,1.568000000000000000e+03,0.000000000000000000e+00
1.471179900000000000e+07,8.701000213623046875e+01,5.238668823242187500e+01,4.919250011444091797e+00,2.284000000000000000e+03,0.000000000000000000e+00
1.472881300000000000e+07,3.099100036621093750e+02,5.234931945800781250e+01,4.868909835815429688e+00,3.108000000000000000e+03,0.000000000000000000e+00
1.474522400000000000e+07,1.016100006103515625e+02,5.233956909179687500e+01,4.917880058288574219e+00,3.892000000000000000e+03,0.000000000000000000e+00
1.476045700000000000e+07,1.356799926757812500e+02,5.236600875854492188e+01,4.933609962463378906e+00,2.643000000000000000e+03,0.000000000000000000e+00
1.476558800000000000e+07,1.561199951171875000e+02,5.234704971313476562e+01,4.790249824523925781e+00,7.688000000000000000e+03,0.000000000000000000e+00
1.478625700000000000e+07,2.573500061035156250e+02,5.237004089355468750e+01,4.864689826965332031e+00,2.129000000000000000e+03,0.000000000000000000e+00
1.479412100000000000e+07,1.600099945068359375e+02,5.238344955444335938e+01,4.878509998321533203e+00,1.744000000000000000e+03,0.000000000000000000e+00
1.480454800000000000e+07,1.191299972534179688e+02,5.234980010986328125e+01,4.831049919128417969e+00,5.043000000000000000e+03,0.000000000000000000e+00
1.481539400000000000e+07,2.476100006103515625e+02,5.238045883178710938e+01,4.870910167694091797e+00,1.945000000000000000e+03,0.000000000000000000e+00
1.481663500000000000e+07,3.838800048828125000e+02,5.237981033325195312e+01,4.874179840087890625e+00,1.717000000000000000e+03,0.000000000000000000e+00
1.481736800000000000e+07,1.940800018310546875e+02,5.237919998168945312e+01,4.874330043792724609e+00,1.674000000000000000e+03,0.000000000000000000e+00
1.481959900000000000e+07,7.825000000000000000e+01,5.238813018798828125e+01,4.878610134124755859e+00,2.153000000000000000e+03,0.000000000000000000e+00
1.482174400000000000e+07,1.113499984741210938e+02,5.237990951538085938e+01,4.867569923400878906e+00,2.119000000000000000e+03,0.000000000000000000e+00
1.482946100000000000e+07,1.113499984741210938e+02,5.237179946899414062e+01,4.867430210113525391e+00,1.933000000000000000e+03,0.000000000000000000e+00
1.483935000000000000e+07,3.692799987792968750e+02,5.236914062500000000e+01,4.875259876251220703e+00,1.434000000000000000e+03,0.000000000000000000e+00
1.484555500000000000e+07,3.936099853515625000e+02,5.236505126953125000e+01,4.876060009002685547e+00,1.547000000000000000e+03,0.000000000000000000e+00
1.485151200000000000e+07,7.727999877929687500e+01,5.238253021240234375e+01,4.853040218353271484e+00,3.140000000000000000e+03,0.000000000000000000e+00
1.485317500000000000e+07,4.224000167846679688e+01,5.240987014770507812e+01,4.922749996185302734e+00,4.599000000000000000e+03,0.000000000000000000e+00
1.486928900000000000e+07,1.454100036621093750e+02,5.235987091064453125e+01,4.849979877471923828e+00,3.393000000000000000e+03,0.000000000000000000e+00
1.487644800000000000e+07,1.619600067138671875e+02,5.233053970336914062e+01,4.890160083770751953e+00,4.615000000000000000e+03,0.000000000000000000e+00
1.487921400000000000e+07,1.687700042724609375e+02,5.235596084594726562e+01,4.888599872589111328e+00,1.840000000000000000e+03,0.000000000000000000e+00
1.488380700000000000e+07,2.534499969482421875e+02,5.235942077636718750e+01,4.856760025024414062e+00,2.998000000000000000e+03,0.000000000000000000e+00
1.488466000000000000e+07,1.259499969482421875e+02,5.232027053833007812e+01,4.964630126953125000e+00,7.400000000000000000e+03,0.000000000000000000e+00
1.489043500000000000e+07,8.701000213623046875e+01,5.236389923095703125e+01,4.937469959259033203e+00,2.959000000000000000e+03,0.000000000000000000e+00
1.490932900000000000e+07,1.999199981689453125e+02,5.235668945312500000e+01,4.902460098266601562e+00,1.749000000000000000e+03,0.000000000000000000e+00
1.491169000000000000e+07,7.825000000000000000e+01,5.236830902099609375e+01,4.854430198669433594e+00,2.844000000000000000e+03,0.000000000000000000e+00
1.491538500000000000e+07,9.576999664306640625e+01,5.238740921020507812e+01,4.957250118255615234e+00,4.507000000000000000e+03,0.000000000000000000e+00
1.492103900000000000e+07,9.772000122070312500e+01,5.240610885620117188e+01,4.933030128479003906e+00,4.563000000000000000e+03,0.000000000000000000e+00
1.492993700000000000e+07,1.259499969482421875e+02,5.237449264526367188e+01,4.948655128479003906e+00,3.593000000000000000e+03,0.000000000000000000e+00
1.493048000000000000e+07,1.502799987792968750e+02,5.234011840820312500e+01,4.919290065765380859e+00,3.874000000000000000e+03,0.000000000000000000e+00
1.501302600000000000e+07,1.035599975585937500e+02,5.238909912109375000e+01,4.890500068664550781e+00,1.947000000000000000e+03,0.000000000000000000e+00
1.502457300000000000e+07,1.298399963378906250e+02,5.235594177246093750e+01,4.843999862670898438e+00,3.946000000000000000e+03,0.000000000000000000e+00
1.503069000000000000e+07,1.171900024414062500e+02,5.238375854492187500e+01,4.890049934387207031e+00,1.377000000000000000e+03,0.000000000000000000e+00
1.503085300000000000e+07,1.171900024414062500e+02,5.238550186157226562e+01,4.888000011444091797e+00,1.605000000000000000e+03,0.000000000000000000e+00
1.503307400000000000e+07,2.729200134277343750e+02,5.237028121948242188e+01,4.890220165252685547e+00,4.250000000000000000e+02,0.000000000000000000e+00
1.503362600000000000e+07,2.719500122070312500e+02,5.236161041259765625e+01,4.869979858398437500e+00,2.099000000000000000e+03,0.000000000000000000e+00
1.503814000000000000e+07,4.413099975585937500e+02,5.237994003295898438e+01,4.887589931488037109e+00,1.057000000000000000e+03,0.000000000000000000e+00
1.503867000000000000e+07,8.993000030517578125e+01,5.236445999145507812e+01,4.937190055847167969e+00,2.923000000000000000e+03,0.000000000000000000e+00
1.504578400000000000e+07,2.271699981689453125e+02,5.238066101074218750e+01,4.872149944305419922e+00,1.884000000000000000e+03,0.000000000000000000e+00
1.504588100000000000e+07,1.113499984741210938e+02,5.235491943359375000e+01,4.829090118408203125e+00,4.914000000000000000e+03,0.000000000000000000e+00
1.504625200000000000e+07,1.113499984741210938e+02,5.236537170410156250e+01,4.828619956970214844e+00,4.625000000000000000e+03,0.000000000000000000e+00
1.506119800000000000e+07,9.480000305175781250e+01,5.237648010253906250e+01,4.940209865570068359e+00,3.051000000000000000e+03,0.000000000000000000e+00
1.506960300000000000e+07,9.772000122070312500e+01,5.236838912963867188e+01,4.853630065917968750e+00,2.896000000000000000e+03,0.000000000000000000e+00
1.508156300000000000e+07,1.989499969482421875e+02,5.236412048339843750e+01,4.861649990081787109e+00,2.481000000000000000e+03,0.000000000000000000e+00
1.508157800000000000e+07,3.099100036621093750e+02,5.235536956787109375e+01,4.990570068359375000e+00,6.686000000000000000e+03,0.000000000000000000e+00
1.509362300000000000e+07,1.502799987792968750e+02,5.237289810180664062e+01,4.898690223693847656e+00,2.200000000000000000e+02,0.000000000000000000e+00
1.509604200000000000e+07,1.308099975585937500e+02,5.236161041259765625e+01,4.890830039978027344e+00,1.195000000000000000e+03,0.000000000000000000e+00
1.510382700000000000e+07,1.006399993896484375e+02,5.238219070434570312e+01,4.847770214080810547e+00,3.462000000000000000e+03,0.000000000000000000e+00
1.510976800000000000e+07,2.086799926757812500e+02,5.238013839721679688e+01,4.887467861175537109e+00,1.080000000000000000e+03,0.000000000000000000e+00
1.511056400000000000e+07,1.395700073242187500e+02,5.234244918823242188e+01,4.900990009307861328e+00,3.293000000000000000e+03,0.000000000000000000e+00
1.511084400000000000e+07,9.480000305175781250e+01,5.238534927368164062e+01,4.916409969329833984e+00,2.043000000000000000e+03,0.000000000000000000e+00
1.512180000000000000e+07,1.862899932861328125e+02,5.236608123779296875e+01,4.876399993896484375e+00,1.473000000000000000e+03,0.000000000000000000e+00
1.515269400000000000e+07,2.982300109863281250e+02,5.238264846801757812e+01,4.891960144042968750e+00,1.225000000000000000e+03,0.000000000000000000e+00
1.516750200000000000e+07,1.882400054931640625e+02,5.236471939086914062e+01,4.874169826507568359e+00,1.677000000000000000e+03,0.000000000000000000e+00
1.520963100000000000e+07,2.641600036621093750e+02,5.237165069580078125e+01,4.937049865722656250e+00,2.794000000000000000e+03,0.000000000000000000e+00
1.521014600000000000e+07,8.506999969482421875e+01,5.238069915771484375e+01,4.856929779052734375e+00,2.821000000000000000e+03,0.000000000000000000e+00
1.521310900000000000e+07,2.943299865722656250e+02,5.238724136352539062e+01,4.880509853363037109e+00,2.000000000000000000e+03,0.000000000000000000e+00
1.521410100000000000e+07,2.193899993896484375e+02,5.235297012329101562e+01,4.860579967498779297e+00,3.191000000000000000e+03,0.000000000000000000e+00
1.523951800000000000e+07,2.154900054931640625e+02,5.235734176635742188e+01,4.897309780120849609e+00,1.621000000000000000e+03,0.000000000000000000e+00
1.524905800000000000e+07,7.829400024414062500e+02,5.235448837280273438e+01,4.891900062561035156e+00,1.955000000000000000e+03,0.000000000000000000e+00
1.525615500000000000e+07,1.113499984741210938e+02,5.235686874389648438e+01,4.918749809265136719e+00,2.280000000000000000e+03,0.000000000000000000e+00
1.526012300000000000e+07,1.502799987792968750e+02,5.233335113525390625e+01,4.899730205535888672e+00,4.294000000000000000e+03,0.000000000000000000e+00
1.526272900000000000e+07,3.936099853515625000e+02,5.237366867065429688e+01,4.900269985198974609e+00,3.560000000000000000e+02,0.000000000000000000e+00
1.526441100000000000e+07,1.697500000000000000e+02,5.235749816894531250e+01,4.913790225982666016e+00,2.010000000000000000e+03,0.000000000000000000e+00
1.527650500000000000e+07,2.456699981689453125e+02,5.235256958007812500e+01,4.900489807128906250e+00,2.172000000000000000e+03,0.000000000000000000e+00
1.527695900000000000e+07,1.502799987792968750e+02,5.237327957153320312e+01,4.902599811553955078e+00,4.800000000000000000e+02,0.000000000000000000e+00
1.528631900000000000e+07,7.825000000000000000e+01,5.235411834716796875e+01,4.895040035247802734e+00,1.978000000000000000e+03,0.000000000000000000e+00
1.530400300000000000e+07,1.259880004882812500e+03,5.237144851684570312e+01,4.901639938354492188e+00,3.930000000000000000e+02,0.000000000000000000e+00
1.531055600000000000e+07,2.047899932861328125e+02,5.235176849365234375e+01,4.888639926910400391e+00,2.292000000000000000e+03,0.000000000000000000e+00
1.531811500000000000e+07,2.232799987792968750e+02,5.237633895874023438e+01,4.860330104827880859e+00,2.465000000000000000e+03,0.000000000000000000e+00
1.533752300000000000e+07,1.746100006103515625e+02,5.236597061157226562e+01,4.927159786224365234e+00,2.222000000000000000e+03,0.000000000000000000e+00
1.535176200000000000e+07,1.415200042724609375e+02,5.236428070068359375e+01,4.935969829559326172e+00,2.849000000000000000e+03,0.000000000000000000e+00
1.535198800000000000e+07,3.342399902343750000e+02,5.237958145141601562e+01,4.894470214843750000e+00,8.600000000000000000e+02,0.000000000000000000e+00
1.535455600000000000e+07,4.559100036621093750e+02,5.234331893920898438e+01,4.923329830169677734e+00,3.684000000000000000e+03,0.000000000000000000e+00
1.537146200000000000e+07,1.016100006103515625e+02,5.240129852294921875e+01,4.902009963989257812e+00,3.295000000000000000e+03,0.000000000000000000e+00
1.537331000000000000e+07,3.449500122070312500e+02,5.237931823730468750e+01,4.879030227661132812e+00,1.411000000000000000e+03,0.000000000000000000e+00
1.537435800000000000e+07,1.502799987792968750e+02,5.238890838623046875e+01,4.953770160675048828e+00,4.360000000000000000e+03,0.000000000000000000e+00
1.538211500000000000e+07,1.308099975585937500e+02,5.236848831176757812e+01,4.914899826049804688e+00,1.345000000000000000e+03,0.000000000000000000e+00
1.538788200000000000e+07,3.858299865722656250e+02,5.236577987670898438e+01,4.883490085601806641e+00,1.083000000000000000e+03,0.000000000000000000e+00
1.540477500000000000e+07,1.025899963378906250e+02,5.237456130981445312e+01,4.891880035400390625e+00,4.030000000000000000e+02,0.000000000000000000e+00
1.541604400000000000e+07,2.719500122070312500e+02,5.236706924438476562e+01,4.872600078582763672e+00,1.671000000000000000e+03,0.000000000000000000e+00
1.544100500000000000e+07,1.308099975585937500e+02,5.238980865478515625e+01,4.949450016021728516e+00,4.145000000000000000e+03,0.000000000000000000e+00
1.544140700000000000e+07,9.675000000000000000e+01,5.236262130737304688e+01,4.931449890136718750e+00,2.625000000000000000e+03,0.000000000000000000e+00
1.544175300000000000e+07,1.785099945068359375e+02,5.236660003662109375e+01,4.930029869079589844e+00,2.391000000000000000e+03,0.000000000000000000e+00
1.546536500000000000e+07,9.480000305175781250e+01,5.237002944946289062e+01,4.877900123596191406e+00,1.240000000000000000e+03,0.000000000000000000e+00
1.548122000000000000e+07,4.666099853515625000e+02,5.234926986694335938e+01,4.832320213317871094e+00,4.997000000000000000e+03,0.000000000000000000e+00
1.549761900000000000e+07,6.462999725341796875e+01,5.237466049194335938e+01,4.834430217742919922e+00,4.184000000000000000e+03,0.000000000000000000e+00
1.550428000000000000e+07,1.989499969482421875e+02,5.235083007812500000e+01,4.921170234680175781e+00,2.904000000000000000e+03,0.000000000000000000e+00
1.550941800000000000e+07,1.113499984741210938e+02,5.237334060668945312e+01,4.872429847717285156e+00,1.601000000000000000e+03,0.000000000000000000e+00
1.552770400000000000e+07,1.162099990844726562e+02,5.239112091064453125e+01,4.887849807739257812e+00,2.206000000000000000e+03,0.000000000000000000e+00
1.553408100000000000e+07,7.630999755859375000e+01,5.239400100708007812e+01,4.878819942474365234e+00,2.717000000000000000e+03,0.000000000000000000e+00
1.554306200000000000e+07,1.843500061035156250e+02,5.235564041137695312e+01,4.888979911804199219e+00,1.868000000000000000e+03,0.000000000000000000e+00
1.554688200000000000e+07,1.493099975585937500e+02,5.236029815673828125e+01,4.976469993591308594e+00,5.621000000000000000e+03,0.000000000000000000e+00
1.556367000000000000e+07,1.853200073242187500e+02,5.235665893554687500e+01,4.999790191650390625e+00,7.255000000000000000e+03,0.000000000000000000e+00
1.556449600000000000e+07,2.242500000000000000e+02,5.235128021240234375e+01,4.854290008544921875e+00,3.639000000000000000e+03,0.000000000000000000e+00
1.556463900000000000e+07,9.187999725341796875e+01,5.237326812744140625e+01,4.883629798889160156e+00,8.470000000000000000e+02,0.000000000000000000e+00
1.557424800000000000e+07,1.746100006103515625e+02,5.236497116088867188e+01,4.829480171203613281e+00,4.575000000000000000e+03,0.000000000000000000e+00
1.559188900000000000e+07,1.210800018310546875e+02,5.234835052490234375e+01,4.886189937591552734e+00,2.700000000000000000e+03,0.000000000000000000e+00
1.559565500000000000e+07,2.408000030517578125e+02,5.235472106933593750e+01,4.850719928741455078e+00,3.614000000000000000e+03,0.000000000000000000e+00
1.559977300000000000e+07,1.424900054931640625e+02,5.235794830322265625e+01,4.855979919433593750e+00,3.123000000000000000e+03,0.000000000000000000e+00
1.561160400000000000e+07,3.264500122070312500e+02,5.234762954711914062e+01,4.867740154266357422e+00,3.307000000000000000e+03,0.000000000000000000e+00
1.563097600000000000e+07,1.162099990844726562e+02,5.237329864501953125e+01,4.853280067443847656e+00,2.898000000000000000e+03,0.000000000000000000e+00
1.564287100000000000e+07,1.629299926757812500e+02,5.235076141357421875e+01,4.889560222625732422e+00,2.389000000000000000e+03,0.000000000000000000e+00
1.564521700000000000e+07,1.502799987792968750e+02,5.237818908691406250e+01,4.892590045928955078e+00,7.350000000000000000e+02,0.000000000000000000e+00
1.565191200000000000e+07,2.125700073242187500e+02,5.238090896606445312e+01,4.888370037078857422e+00,1.125000000000000000e+03,0.000000000000000000e+00
1.565211500000000000e+07,1.892100067138671875e+02,5.237928009033203125e+01,4.890409946441650391e+00,9.010000000000000000e+02,0.000000000000000000e+00
1.565859900000000000e+07,2.271699981689453125e+02,5.237332916259765625e+01,4.860270023345947266e+00,2.424000000000000000e+03,0.000000000000000000e+00
1.565959200000000000e+07,9.187999725341796875e+01,5.235470962524414062e+01,4.895860195159912109e+00,1.911000000000000000e+03,0.000000000000000000e+00
1.566861400000000000e+07,6.462999725341796875e+01,5.235779953002929688e+01,4.786779880523681641e+00,7.573000000000000000e+03,0.000000000000000000e+00
1.567222600000000000e+07,9.675000000000000000e+01,5.234833145141601562e+01,5.004280090332031250e+00,7.812000000000000000e+03,0.000000000000000000e+00
1.569386300000000000e+07,1.201100006103515625e+02,5.239981842041015625e+01,4.904079914093017578e+00,3.154000000000000000e+03,0.000000000000000000e+00
1.571347200000000000e+07,1.989499969482421875e+02,5.234965896606445312e+01,4.847259998321533203e+00,4.126000000000000000e+03,0.000000000000000000e+00
1.572664200000000000e+07,9.675000000000000000e+01,5.236767959594726562e+01,4.862269878387451172e+00,2.331000000000000000e+03,0.000000000000000000e+00
1.575226000000000000e+07,2.184100036621093750e+02,5.237500000000000000e+01,4.864290237426757812e+00,2.173000000000000000e+03,0.000000000000000000e+00
1.575628100000000000e+07,1.103700027465820312e+02,5.237100982666015625e+01,4.864779949188232422e+00,2.115000000000000000e+03,0.000000000000000000e+00
1.575700100000000000e+07,2.592900085449218750e+02,5.237944030761718750e+01,4.894400119781494141e+00,8.450000000000000000e+02,0.000000000000000000e+00
1.576261500000000000e+07,1.444400024414062500e+02,5.236825180053710938e+01,4.917069911956787109e+00,1.493000000000000000e+03,0.000000000000000000e+00
1.576348600000000000e+07,8.798999786376953125e+01,5.236045074462890625e+01,4.980390071868896484e+00,5.876000000000000000e+03,0.000000000000000000e+00
1.577118200000000000e+07,9.675000000000000000e+01,5.238502120971679688e+01,4.851339817047119141e+00,3.358000000000000000e+03,0.000000000000000000e+00
1.577178500000000000e+07,4.344899902343750000e+02,5.239590835571289062e+01,4.909800052642822266e+00,2.832000000000000000e+03,0.000000000000000000e+00
1.578051500000000000e+07,1.658500061035156250e+02,5.235895919799804688e+01,4.870100021362304688e+00,2.267000000000000000e+03,0.000000000000000000e+00
1.578501900000000000e+07,1.259499969482421875e+02,5.239313888549804688e+01,4.927470207214355469e+00,3.189000000000000000e+03,0.000000000000000000e+00
1.578629900000000000e+07,9.187999725341796875e+01,5.237683868408203125e+01,4.823770046234130859e+00,4.927000000000000000e+03,0.000000000000000000e+00
1.578651300000000000e+07,1.814299926757812500e+02,5.238365936279296875e+01,4.871860027313232422e+00,2.091000000000000000e+03,0.000000000000000000e+00
1.579745700000000000e+07,1.736399993896484375e+02,5.237897872924804688e+01,4.874979972839355469e+00,1.624000000000000000e+03,0.000000000000000000e+00
1.581104900000000000e+07,8.215000152587890625e+01,5.237097167968750000e+01,4.861820220947265625e+00,2.316000000000000000e+03,0.000000000000000000e+00
1.581634400000000000e+07,7.630999755859375000e+01,5.235523986816406250e+01,5.004899978637695312e+00,7.630000000000000000e+03,0.000000000000000000e+00
1.581905100000000000e+07,5.279299926757812500e+02,5.236759185791015625e+01,4.898940086364746094e+00,5.210000000000000000e+02,0.000000000000000000e+00
1.585424200000000000e+07,1.823999938964843750e+02,5.235601043701171875e+01,4.910860061645507812e+00,2.038000000000000000e+03,0.000000000000000000e+00
1.586176200000000000e+07,1.794799957275390625e+02,5.236458969116210938e+01,4.935120105743408203e+00,2.784000000000000000e+03,0.000000000000000000e+00
1.588005300000000000e+07,6.170999908447265625e+01,5.241717147827148438e+01,4.897980213165283203e+00,5.036000000000000000e+03,0.000000000000000000e+00
1.589379500000000000e+07,1.132900009155273438e+02,5.237186050415039062e+01,4.817540168762207031e+00,5.320000000000000000e+03,0.000000000000000000e+00
1.591168100000000000e+07,1.648800048828125000e+02,5.237186050415039062e+01,4.907929897308349609e+00,8.170000000000000000e+02,0.000000000000000000e+00
1.592163700000000000e+07,1.989499969482421875e+02,5.236280059814453125e+01,4.908539772033691406e+00,1.327000000000000000e+03,0.000000000000000000e+00
1.592213100000000000e+07,1.123199996948242188e+02,5.236277008056640625e+01,4.888539791107177734e+00,1.131000000000000000e+03,0.000000000000000000e+00
1.592285100000000000e+07,2.612399902343750000e+02,5.235197830200195312e+01,4.894879817962646484e+00,2.216000000000000000e+03,0.000000000000000000e+00
1.592661700000000000e+07,3.449500122070312500e+02,5.234698867797851562e+01,4.913469791412353516e+00,3.016000000000000000e+03,0.000000000000000000e+00
1.592794700000000000e+07,2.028399963378906250e+02,5.237533950805664062e+01,4.881179809570312500e+00,1.070000000000000000e+03,0.000000000000000000e+00
1.593685700000000000e+07,7.047000122070312500e+01,5.234582138061523438e+01,4.816180229187011719e+00,6.141000000000000000e+03,0.000000000000000000e+00
1.594520600000000000e+07,1.074499969482421875e+02,5.238423156738281250e+01,4.871590137481689453e+00,2.146000000000000000e+03,0.000000000000000000e+00
1.594606000000000000e+07,1.210800018310546875e+02,5.236745071411132812e+01,4.876420021057128906e+00,1.412000000000000000e+03,0.000000000000000000e+00
1.595308500000000000e+07,1.395700073242187500e+02,5.240666961669921875e+01,4.904809951782226562e+00,3.913000000000000000e+03,0.000000000000000000e+00
1.595968400000000000e+07,2.476100006103515625e+02,5.236095809936523438e+01,4.877329826354980469e+00,1.752000000000000000e+03,0.000000000000000000e+00
1.596330300000000000e+07,2.232799987792968750e+02,5.238233947753906250e+01,4.882959842681884766e+00,1.456000000000000000e+03,0.000000000000000000e+00
1.598497000000000000e+07,1.989499969482421875e+02,5.236814117431640625e+01,4.866459846496582031e+00,2.042000000000000000e+03,0.000000000000000000e+00
1.599519500000000000e+07,3.449500122070312500e+02,5.237168121337890625e+01,4.881680011749267578e+00,9.660000000000000000e+02,0.000000000000000000e+00
1.599734600000000000e+07,1.201100006103515625e+02,5.236851119995117188e+01,4.862780094146728516e+00,2.280000000000000000e+03,0.000000000000000000e+00
1.600329400000000000e+07,1.123199996948242188e+02,5.238307189941406250e+01,4.880360126495361328e+00,1.630000000000000000e+03,0.000000000000000000e+00
1.602109200000000000e+07,1.989499969482421875e+02,5.236050033569335938e+01,4.864950180053710938e+00,2.454000000000000000e+03,0.000000000000000000e+00
1.605005600000000000e+07,8.993000030517578125e+01,5.241078948974609375e+01,4.894649982452392578e+00,4.325000000000000000e+03,0.000000000000000000e+00
1.606563400000000000e+07,2.476100006103515625e+02,5.235646820068359375e+01,4.914529800415039062e+00,2.132000000000000000e+03,0.000000000000000000e+00
1.608193300000000000e+07,1.697500000000000000e+02,5.235828018188476562e+01,4.901869773864746094e+00,1.568000000000000000e+03,0.000000000000000000e+00
1.608412700000000000e+07,2.748699951171875000e+02,5.236119842529296875e+01,4.877510070800781250e+00,1.725000000000000000e+03,0.000000000000000000e+00
1.610798700000000000e+07,2.476100006103515625e+02,5.236307144165039062e+01,4.862170219421386719e+00,2.492000000000000000e+03,0.000000000000000000e+00
1.612780200000000000e+07,3.809599914550781250e+02,5.236859893798828125e+01,4.874650001525878906e+00,1.489000000000000000e+03,0.000000000000000000e+00
1.613782700000000000e+07,6.365000152587890625e+01,5.235723114013671875e+01,4.856959819793701172e+00,3.107000000000000000e+03,0.000000000000000000e+00
1.615320000000000000e+07,1.016100006103515625e+02,5.238414001464843750e+01,4.876029968261718750e+00,1.916000000000000000e+03,0.000000000000000000e+00
1.615329800000000000e+07,7.829400024414062500e+02,5.237971878051757812e+01,4.880690097808837891e+00,1.350000000000000000e+03,0.000000000000000000e+00
1.615436600000000000e+07,1.989499969482421875e+02,5.234156036376953125e+01,4.907649993896484375e+00,3.467000000000000000e+03,0.000000000000000000e+00
1.617572800000000000e+07,1.892100067138671875e+02,5.236803817749023438e+01,4.890979766845703125e+00,5.440000000000000000e+02,0.000000000000000000e+00
1.618518100000000000e+07,1.707200012207031250e+02,5.237181854248046875e+01,4.941530227661132812e+00,3.098000000000000000e+03,0.000000000000000000e+00
1.619753300000000000e+07,7.630999755859375000e+01,5.235485839843750000e+01,5.004370212554931641e+00,7.605000000000000000e+03,0.000000000000000000e+00
1.619795800000000000e+07,1.882400054931640625e+02,5.236455154418945312e+01,4.873809814453125000e+00,1.708000000000000000e+03,0.000000000000000000e+00
1.619899600000000000e+07,7.144000244140625000e+01,5.239147186279296875e+01,4.887939929962158203e+00,2.242000000000000000e+03,0.000000000000000000e+00
1.620253400000000000e+07,7.630999755859375000e+01,5.235358047485351562e+01,5.004849910736083984e+00,7.673000000000000000e+03,0.000000000000000000e+00
1.620296000000000000e+07,7.630999755859375000e+01,5.235472869873046875e+01,5.004920005798339844e+00,7.645000000000000000e+03,0.000000000000000000e+00
1.620329700000000000e+07,7.630999755859375000e+01,5.235324096679687500e+01,5.004399776458740234e+00,7.654000000000000000e+03,0.000000000000000000e+00
1.620388400000000000e+07,7.630999755859375000e+01,5.235319137573242188e+01,5.006140232086181641e+00,7.769000000000000000e+03,0.000000000000000000e+00
1.620407600000000000e+07,7.630999755859375000e+01,5.235364151000976562e+01,5.006490230560302734e+00,7.779000000000000000e+03,0.000000000000000000e+00
1.620874900000000000e+07,9.675000000000000000e+01,5.235103988647460938e+01,4.908130168914794922e+00,2.464000000000000000e+03,0.000000000000000000e+00
1.621173600000000000e+07,2.719500122070312500e+02,5.237546157836914062e+01,4.876560211181640625e+00,1.371000000000000000e+03,0.000000000000000000e+00
1.622277800000000000e+07,9.284999847412109375e+01,5.238000869750976562e+01,4.885869979858398438e+00,1.130000000000000000e+03,0.000000000000000000e+00
1.622309600000000000e+07,1.094000015258789062e+02,5.237586975097656250e+01,4.838669776916503906e+00,3.910000000000000000e+03,0.000000000000000000e+00
1.623579700000000000e+07,8.312000274658203125e+01,5.236468124389648438e+01,4.886779785156250000e+00,1.014000000000000000e+03,0.000000000000000000e+00
1.624784200000000000e+07,1.493099975585937500e+02,5.234281921386718750e+01,4.848209857940673828e+00,4.576000000000000000e+03,0.000000000000000000e+00
1.624962000000000000e+07,1.308099975585937500e+02,5.236967849731445312e+01,4.891699790954589844e+00,3.770000000000000000e+02,0.000000000000000000e+00
1.624982000000000000e+07,1.278899993896484375e+02,5.237065124511718750e+01,4.894670009613037109e+00,1.620000000000000000e+02,0.000000000000000000e+00
1.627081300000000000e+07,2.369100036621093750e+02,5.235377883911132812e+01,4.887020111083984375e+00,2.103000000000000000e+03,0.000000000000000000e+00
1.628089700000000000e+07,1.259499969482421875e+02,5.234959030151367188e+01,4.914020061492919922e+00,2.769000000000000000e+03,0.000000000000000000e+00
1.631727200000000000e+07,1.493099975585937500e+02,5.236486053466796875e+01,4.925199985504150391e+00,2.138000000000000000e+03,0.000000000000000000e+00
1.632880500000000000e+07,9.187999725341796875e+01,5.236378860473632812e+01,4.943689823150634766e+00,3.368000000000000000e+03,0.000000000000000000e+00
1.633992300000000000e+07,7.727999877929687500e+01,5.236056900024414062e+01,4.990900039672851562e+00,6.572000000000000000e+03,0.000000000000000000e+00
1.634187900000000000e+07,1.580700073242187500e+02,5.236883163452148438e+01,4.893089771270751953e+00,3.910000000000000000e+02,0.000000000000000000e+00
1.634251500000000000e+07,1.580700073242187500e+02,5.236830902099609375e+01,4.894629955291748047e+00,4.080000000000000000e+02,0.000000000000000000e+00
1.635001600000000000e+07,1.687700042724609375e+02,5.235963058471679688e+01,4.869309902191162109e+00,2.263000000000000000e+03,0.000000000000000000e+00
1.635511700000000000e+07,2.388500061035156250e+02,5.235332107543945312e+01,4.856639862060546875e+00,3.373000000000000000e+03,0.000000000000000000e+00
1.636189600000000000e+07,1.493099975585937500e+02,5.236640930175781250e+01,4.851669788360595703e+00,3.064000000000000000e+03,0.000000000000000000e+00
1.637446700000000000e+07,1.979700012207031250e+02,5.236066055297851562e+01,4.871669769287109375e+00,2.066000000000000000e+03,0.000000000000000000e+00
1.638861600000000000e+07,9.383000183105468750e+01,5.238122177124023438e+01,4.879730224609375000e+00,1.510000000000000000e+03,0.000000000000000000e+00
1.638910500000000000e+07,1.298399963378906250e+02,5.238100814819335938e+01,4.879819869995117188e+00,1.489000000000000000e+03,0.000000000000000000e+00
1.639136600000000000e+07,2.271699981689453125e+02,5.238351058959960938e+01,4.884870052337646484e+00,1.493000000000000000e+03,0.000000000000000000e+00
1.640117900000000000e+07,2.018699951171875000e+02,5.238011169433593750e+01,4.891890048980712891e+00,9.530000000000000000e+02,0.000000000000000000e+00
1.640180700000000000e+07,1.911600036621093750e+02,5.238005065917968750e+01,4.891900062561035156e+00,9.460000000000000000e+02,0.000000000000000000e+00
1.640468800000000000e+07,2.086799926757812500e+02,5.239305877685546875e+01,4.936409950256347656e+00,3.619000000000000000e+03,0.000000000000000000e+00
1.642245700000000000e+07,1.892100067138671875e+02,5.235507965087890625e+01,4.940350055694580078e+00,3.551000000000000000e+03,0.000000000000000000e+00
1.642558300000000000e+07,2.573500061035156250e+02,5.235416030883789062e+01,4.879010200500488281e+00,2.282000000000000000e+03,0.000000000000000000e+00
1.643870400000000000e+07,2.573500061035156250e+02,5.237677001953125000e+01,4.860970020294189453e+00,2.432000000000000000e+03,0.000000000000000000e+00
1.645926600000000000e+07,1.502799987792968750e+02,5.235078811645507812e+01,4.853240013122558594e+00,3.728000000000000000e+03,0.000000000000000000e+00
1.648650100000000000e+07,2.057599945068359375e+02,5.237755966186523438e+01,4.849599838256835938e+00,3.205000000000000000e+03,0.000000000000000000e+00
1.652346600000000000e+07,3.060100097656250000e+02,5.236598968505859375e+01,4.876319885253906250e+00,1.483000000000000000e+03,0.000000000000000000e+00
1.652618800000000000e+07,9.187999725341796875e+01,5.237778854370117188e+01,4.873290061950683594e+00,1.669000000000000000e+03,0.000000000000000000e+00
1.652689700000000000e+07,2.466399993896484375e+02,5.237596893310546875e+01,4.946469783782958984e+00,3.463000000000000000e+03,0.000000000000000000e+00
1.652983800000000000e+07,9.480000305175781250e+01,5.238320159912109375e+01,4.870059967041015625e+00,2.158000000000000000e+03,0.000000000000000000e+00
1.652995200000000000e+07,1.210800018310546875e+02,5.237900924682617188e+01,4.875830173492431641e+00,1.575000000000000000e+03,0.000000000000000000e+00
1.653840100000000000e+07,1.600099945068359375e+02,5.235564041137695312e+01,4.864940166473388672e+00,2.773000000000000000e+03,0.000000000000000000e+00
1.653973800000000000e+07,3.498099975585937500e+02,5.239363098144531250e+01,4.910970211029052734e+00,2.624000000000000000e+03,0.000000000000000000e+00
1.654039800000000000e+07,1.230299987792968750e+02,5.236851119995117188e+01,4.873149871826171875e+00,1.590000000000000000e+03,0.000000000000000000e+00
1.655399000000000000e+07,1.531999969482421875e+02,5.235182189941406250e+01,4.896619796752929688e+00,2.233000000000000000e+03,0.000000000000000000e+00
1.658206800000000000e+07,1.493099975585937500e+02,5.237902832031250000e+01,4.883769989013671875e+00,1.143000000000000000e+03,0.000000000000000000e+00
1.658303300000000000e+07,7.533000183105468750e+01,5.236872863769531250e+01,4.856160163879394531e+00,2.721000000000000000e+03,0.000000000000000000e+00
1.661013800000000000e+07,1.162099990844726562e+02,5.235448074340820312e+01,4.889589786529541016e+00,1.984000000000000000e+03,0.000000000000000000e+00
1.661492800000000000e+07,1.454100036621093750e+02,5.235198974609375000e+01,4.904769897460937500e+00,2.294000000000000000e+03,0.000000000000000000e+00
1.661518700000000000e+07,1.210800018310546875e+02,5.240626907348632812e+01,4.934070110321044922e+00,4.617000000000000000e+03,0.000000000000000000e+00
1.662535500000000000e+07,1.765599975585937500e+02,5.240871810913085938e+01,4.905469894409179688e+00,4.145000000000000000e+03,0.000000000000000000e+00
1.663099500000000000e+07,7.727999877929687500e+01,5.235536956787109375e+01,4.907499790191650391e+00,2.000000000000000000e+03,0.000000000000000000e+00
1.664093000000000000e+07,3.352099914550781250e+02,5.236053085327148438e+01,4.864729881286621094e+00,2.465000000000000000e+03,0.000000000000000000e+00
1.665584200000000000e+07,1.463899993896484375e+02,5.236746978759765625e+01,4.850059986114501953e+00,3.151000000000000000e+03,0.000000000000000000e+00
1.667167200000000000e+07,1.308099975585937500e+02,5.236325836181640625e+01,4.856009960174560547e+00,2.874000000000000000e+03,0.000000000000000000e+00
1.668538300000000000e+07,4.224000167846679688e+01,5.237932968139648438e+01,4.847449779510498047e+00,3.391000000000000000e+03,0.000000000000000000e+00
1.668794900000000000e+07,7.923000335693359375e+01,5.237118148803710938e+01,4.849279880523681641e+00,3.166000000000000000e+03,0.000000000000000000e+00
1.669706500000000000e+07,1.035599975585937500e+02,5.237961959838867188e+01,4.847789764404296875e+00,3.377000000000000000e+03,0.000000000000000000e+00
1.670554200000000000e+07,1.045299987792968750e+02,5.239527130126953125e+01,4.992370128631591797e+00,7.044000000000000000e+03,0.000000000000000000e+00
1.671049200000000000e+07,1.843500061035156250e+02,5.235042190551757812e+01,4.916029930114746094e+00,2.752000000000000000e+03,0.000000000000000000e+00
1.671551000000000000e+07,2.184100036621093750e+02,5.238864898681640625e+01,4.880740165710449219e+00,2.128000000000000000e+03,0.000000000000000000e+00
1.672160400000000000e+07,1.892100067138671875e+02,5.237437057495117188e+01,4.846509933471679688e+00,3.364000000000000000e+03,0.000000000000000000e+00
1.673759400000000000e+07,8.701000213623046875e+01,5.235934066772460938e+01,4.849949836730957031e+00,3.418000000000000000e+03,0.000000000000000000e+00
1.674898900000000000e+07,2.846000061035156250e+02,5.237770080566406250e+01,4.945209980010986328e+00,3.409000000000000000e+03,0.000000000000000000e+00
1.675107300000000000e+07,2.427500000000000000e+02,5.236552810668945312e+01,4.871329784393310547e+00,1.812000000000000000e+03,0.000000000000000000e+00
1.675107900000000000e+07,2.962799987792968750e+02,5.237879943847656250e+01,4.885389804840087891e+00,1.048000000000000000e+03,0.000000000000000000e+00
1.676122300000000000e+07,1.785099945068359375e+02,5.238988876342773438e+01,4.882780075073242188e+00,2.190000000000000000e+03,0.000000000000000000e+00
1.676397700000000000e+07,9.675000000000000000e+01,5.237374877929687500e+01,4.902269840240478516e+00,4.790000000000000000e+02,0.000000000000000000e+00
1.677564400000000000e+07,2.378800048828125000e+02,5.235354995727539062e+01,4.913670063018798828e+00,2.370000000000000000e+03,0.000000000000000000e+00
1.678850000000000000e+07,1.833699951171875000e+02,5.236614990234375000e+01,4.875490188598632812e+00,1.526000000000000000e+03,0.000000000000000000e+00
1.680267200000000000e+07,2.281499938964843750e+02,5.235010910034179688e+01,4.899580001831054688e+00,2.436000000000000000e+03,0.000000000000000000e+00
1.680435600000000000e+07,2.914100036621093750e+02,5.237763977050781250e+01,4.881440162658691406e+00,1.171000000000000000e+03,0.000000000000000000e+00
1.685238800000000000e+07,2.232799987792968750e+02,5.238579177856445312e+01,4.879230022430419922e+00,1.915000000000000000e+03,0.000000000000000000e+00
1.686301600000000000e+07,1.376300048828125000e+02,5.237425994873046875e+01,4.899260044097900391e+00,3.480000000000000000e+02,0.000000000000000000e+00
1.687700400000000000e+07,1.590399932861328125e+02,5.235868072509765625e+01,4.913589954376220703e+00,1.898000000000000000e+03,0.000000000000000000e+00
1.687822800000000000e+07,1.016100006103515625e+02,5.236177062988281250e+01,4.827439785003662109e+00,4.783000000000000000e+03,0.000000000000000000e+00
1.690766400000000000e+07,1.989499969482421875e+02,5.234640121459960938e+01,4.897779941558837891e+00,2.838000000000000000e+03,0.000000000000000000e+00
1.693831600000000000e+07,8.408999633789062500e+01,5.237242126464843750e+01,4.920639991760253906e+00,1.681000000000000000e+03,0.000000000000000000e+00
1.696734800000000000e+07,1.288699951171875000e+02,5.236241912841796875e+01,4.937980175018310547e+00,3.045000000000000000e+03,0.000000000000000000e+00
1.699672800000000000e+07,2.738900146484375000e+02,5.237950134277343750e+01,4.875259876251220703e+00,1.636000000000000000e+03,0.000000000000000000e+00
1.700771200000000000e+07,2.476100006103515625e+02,5.235821151733398438e+01,4.995570182800292969e+00,6.937000000000000000e+03,0.000000000000000000e+00
1.701147600000000000e+07,1.006399993896484375e+02,5.235842895507812500e+01,4.911809921264648438e+00,1.847000000000000000e+03,0.000000000000000000e+00
1.701188000000000000e+07,2.719500122070312500e+02,5.237696075439453125e+01,4.855150222778320312e+00,2.823000000000000000e+03,0.000000000000000000e+00
1.702618800000000000e+07,1.405500030517578125e+02,5.240303039550781250e+01,4.937190055847167969e+00,4.454000000000000000e+03,0.000000000000000000e+00
1.702627400000000000e+07,1.989499969482421875e+02,5.235979080200195312e+01,4.855289936065673828e+00,3.068000000000000000e+03,0.000000000000000000e+00
1.704246200000000000e+07,2.184100036621093750e+02,5.235644912719726562e+01,4.894969940185546875e+00,1.719000000000000000e+03,0.000000000000000000e+00
1.704919600000000000e+07,1.308099975585937500e+02,5.237260055541992188e+01,4.908460140228271484e+00,8.560000000000000000e+02,0.000000000000000000e+00
1.705010600000000000e+07,1.113499984741210938e+02,5.236809921264648438e+01,4.863979816436767578e+00,2.208000000000000000e+03,0.000000000000000000e+00
1.708331400000000000e+07,1.619600067138671875e+02,5.235454940795898438e+01,4.831880092620849609e+00,4.756000000000000000e+03,0.000000000000000000e+00
1.711593200000000000e+07,1.308099975585937500e+02,5.236117172241210938e+01,4.861599922180175781e+00,2.617000000000000000e+03,0.000000000000000000e+00
1.712922400000000000e+07,6.268000030517578125e+01,5.239405822753906250e+01,4.926760196685791016e+00,3.234000000000000000e+03,0.000000000000000000e+00
1.713628600000000000e+07,1.454100036621093750e+02,5.236943817138671875e+01,4.869609832763671875e+00,1.806000000000000000e+03,0.000000000000000000e+00
1.714811200000000000e+07,1.113499984741210938e+02,5.236750030517578125e+01,4.866759777069091797e+00,2.038000000000000000e+03,0.000000000000000000e+00
1.715094400000000000e+07,2.534499969482421875e+02,5.236043930053710938e+01,4.894380092620849609e+00,1.278000000000000000e+03,0.000000000000000000e+00
1.716294000000000000e+07,1.405500030517578125e+02,5.239889907836914062e+01,4.916399955749511719e+00,3.309000000000000000e+03,0.000000000000000000e+00
1.716864800000000000e+07,1.249700012207031250e+02,5.236978149414062500e+01,4.921689987182617188e+00,1.767000000000000000e+03,0.000000000000000000e+00
1.717345600000000000e+07,1.016100006103515625e+02,5.236790847778320312e+01,4.871809959411621094e+00,1.695000000000000000e+03,0.000000000000000000e+00
1.718612000000000000e+07,1.113499984741210938e+02,5.236927032470703125e+01,4.849170207977294922e+00,3.186000000000000000e+03,0.000000000000000000e+00
1.723671200000000000e+07,2.602699890136718750e+02,5.235248947143554688e+01,4.941380023956298828e+00,3.768000000000000000e+03,0.000000000000000000e+00
1.724800200000000000e+07,9.675000000000000000e+01,5.233512878417968750e+01,4.871339797973632812e+00,4.416000000000000000e+03,0.000000000000000000e+00
1.725049200000000000e+07,6.028800048828125000e+02,5.236228942871093750e+01,4.895440101623535156e+00,1.069000000000000000e+03,0.000000000000000000e+00
1.725219200000000000e+07,1.590399932861328125e+02,5.238119125366210938e+01,4.888450145721435547e+00,1.150000000000000000e+03,0.000000000000000000e+00
1.726298400000000000e+07,8.701000213623046875e+01,5.236500930786132812e+01,4.982029914855957031e+00,5.898000000000000000e+03,0.000000000000000000e+00
1.726515200000000000e+07,9.675000000000000000e+01,5.238684082031250000e+01,4.883039951324462891e+00,1.877000000000000000e+03,0.000000000000000000e+00
1.727836400000000000e+07,2.086799926757812500e+02,5.237656021118164062e+01,4.873939990997314453e+00,1.578000000000000000e+03,0.000000000000000000e+00
1.729725600000000000e+07,1.746100006103515625e+02,5.235015106201171875e+01,4.847489833831787109e+00,4.081000000000000000e+03,0.000000000000000000e+00
1.730693600000000000e+07,2.719500122070312500e+02,5.238373947143554688e+01,4.885240077972412109e+00,1.502000000000000000e+03,0.000000000000000000e+00
1.731178000000000000e+07,1.259499969482421875e+02,5.239712142944335938e+01,4.907489776611328125e+00,2.913000000000000000e+03,0.000000000000000000e+00
1.732748400000000000e+07,1.016100006103515625e+02,5.237488555908203125e+01,4.821785926818847656e+00,5.042000000000000000e+03,0.000000000000000000e+00
1.736536200000000000e+07,8.116999816894531250e+01,5.240634918212890625e+01,4.991330146789550781e+00,7.524000000000000000e+03,0.000000000000000000e+00
1.737477600000000000e+07,1.113499984741210938e+02,5.237677001953125000e+01,4.850170135498046875e+00,3.151000000000000000e+03,0.000000000000000000e+00
1.738272800000000000e+07,1.162099990844726562e+02,5.235929870605468750e+01,4.852980136871337891e+00,3.233000000000000000e+03,0.000000000000000000e+00
1.739000400000000000e+07,1.502799987792968750e+02,5.235496139526367188e+01,4.891819953918457031e+00,1.904000000000000000e+03,0.000000000000000000e+00
1.742079600000000000e+07,4.140499877929687500e+02,5.234667968750000000e+01,4.807099819183349609e+00,6.650000000000000000e+03,0.000000000000000000e+00
1.742103200000000000e+07,9.766400146484375000e+02,5.234865188598632812e+01,4.808290004730224609e+00,6.487000000000000000e+03,0.000000000000000000e+00
1.742851600000000000e+07,1.843500061035156250e+02,5.235860824584960938e+01,4.920720100402832031e+00,2.241000000000000000e+03,0.000000000000000000e+00
1.743563600000000000e+07,2.962799987792968750e+02,5.237815093994140625e+01,4.886040210723876953e+00,9.650000000000000000e+02,0.000000000000000000e+00
1.743939200000000000e+07,7.047000122070312500e+01,5.238943862915039062e+01,4.882009983062744141e+00,2.166000000000000000e+03,0.000000000000000000e+00
1.745733600000000000e+07,1.055100021362304688e+02,5.236666107177734375e+01,4.865709781646728516e+00,2.131000000000000000e+03,0.000000000000000000e+00
1.746123800000000000e+07,1.823999938964843750e+02,5.237517166137695312e+01,4.846769809722900391e+00,3.355000000000000000e+03,0.000000000000000000e+00
1.747083800000000000e+07,6.170999908447265625e+01,5.236463928222656250e+01,4.877409934997558594e+00,1.492000000000000000e+03,0.000000000000000000e+00
1.747298000000000000e+07,1.113499984741210938e+02,5.238589096069335938e+01,4.910009860992431641e+00,1.827000000000000000e+03,0.000000000000000000e+00
1.748745600000000000e+07,9.675000000000000000e+01,5.238766098022460938e+01,4.910230159759521484e+00,2.005000000000000000e+03,0.000000000000000000e+00
1.750575400000000000e+07,1.220500030517578125e+02,5.235274124145507812e+01,4.878699779510498047e+00,2.429000000000000000e+03,0.000000000000000000e+00
1.750794800000000000e+07,1.016100006103515625e+02,5.238552856445312500e+01,4.909319877624511719e+00,1.768000000000000000e+03,0.000000000000000000e+00
1.750842000000000000e+07,1.259499969482421875e+02,5.236257934570312500e+01,4.875219821929931641e+00,1.745000000000000000e+03,0.000000000000000000e+00
1.750920800000000000e+07,1.016100006103515625e+02,5.236479187011718750e+01,4.877409934997558594e+00,1.483000000000000000e+03,0.000000000000000000e+00
1.751109000000000000e+07,3.157500000000000000e+02,5.236803817749023438e+01,4.876440048217773438e+00,1.389000000000000000e+03,0.000000000000000000e+00
1.751999600000000000e+07,2.943299865722656250e+02,5.238026809692382812e+01,4.905099868774414062e+00,1.121000000000000000e+03,0.000000000000000000e+00
1.752522000000000000e+07,2.145200042724609375e+02,5.237062072753906250e+01,4.880430221557617188e+00,1.060000000000000000e+03,0.000000000000000000e+00
1.753644400000000000e+07,1.882400054931640625e+02,5.235689926147460938e+01,4.889150142669677734e+00,1.730000000000000000e+03,0.000000000000000000e+00
1.754936800000000000e+07,3.692799987792968750e+02,5.236468887329101562e+01,4.908170223236083984e+00,1.156000000000000000e+03,0.000000000000000000e+00
1.755475800000000000e+07,1.892100067138671875e+02,5.235535812377929688e+01,4.891920089721679688e+00,1.859000000000000000e+03,0.000000000000000000e+00
1.756434600000000000e+07,1.843500061035156250e+02,5.236154937744140625e+01,4.896029949188232422e+00,1.151000000000000000e+03,0.000000000000000000e+00
1.756578000000000000e+07,2.962799987792968750e+02,5.235153961181640625e+01,4.891230106353759766e+00,2.286000000000000000e+03,0.000000000000000000e+00
1.756666400000000000e+07,8.506999969482421875e+01,5.236100006103515625e+01,4.982019901275634766e+00,5.972000000000000000e+03,0.000000000000000000e+00
1.758436000000000000e+07,1.473600006103515625e+02,5.238317871093750000e+01,4.872950077056884766e+00,2.000000000000000000e+03,0.000000000000000000e+00
1.760312200000000000e+07,1.191299972534179688e+02,5.238169097900390625e+01,4.879816055297851562e+00,1.542000000000000000e+03,0.000000000000000000e+00
1.761891600000000000e+07,1.989499969482421875e+02,5.237973022460937500e+01,4.893780231475830078e+00,8.830000000000000000e+02,0.000000000000000000e+00
1.763139200000000000e+07,2.962799987792968750e+02,5.238473892211914062e+01,4.909029960632324219e+00,1.683000000000000000e+03,0.000000000000000000e+00
1.764378800000000000e+07,1.687700042724609375e+02,5.242395019531250000e+01,4.886809825897216797e+00,5.821000000000000000e+03,0.000000000000000000e+00
1.764421600000000000e+07,2.145200042724609375e+02,5.236626815795898438e+01,4.897270202636718750e+00,6.330000000000000000e+02,0.000000000000000000e+00
1.764751200000000000e+07,1.016100006103515625e+02,5.235644912719726562e+01,4.908750057220458984e+00,1.927000000000000000e+03,0.000000000000000000e+00
1.764992000000000000e+07,1.016100006103515625e+02,5.231850051879882812e+01,4.954179763793945312e+00,7.136000000000000000e+03,0.000000000000000000e+00
1.765209600000000000e+07,1.259499969482421875e+02,5.237654113769531250e+01,4.875549793243408203e+00,1.475000000000000000e+03,0.000000000000000000e+00
1.765405600000000000e+07,1.405500030517578125e+02,5.237208938598632812e+01,4.853600025177001953e+00,2.872000000000000000e+03,0.000000000000000000e+00
1.767827600000000000e+07,3.926400146484375000e+02,5.236547088623046875e+01,4.883709907531738281e+00,1.094000000000000000e+03,0.000000000000000000e+00
1.767954000000000000e+07,8.116999816894531250e+01,5.235670089721679688e+01,4.856389999389648438e+00,3.171000000000000000e+03,0.000000000000000000e+00
1.768837200000000000e+07,2.962799987792968750e+02,5.236968994140625000e+01,4.860519886016845703e+00,2.414000000000000000e+03,0.000000000000000000e+00
1.769930400000000000e+07,2.914100036621093750e+02,5.237744140625000000e+01,4.852620124816894531e+00,3.002000000000000000e+03,0.000000000000000000e+00
1.772413600000000000e+07,2.962799987792968750e+02,5.235224151611328125e+01,4.928359985351562500e+00,3.104000000000000000e+03,0.000000000000000000e+00
1.775930000000000000e+07,4.904999923706054688e+01,5.231307983398437500e+01,4.950620174407958984e+00,7.523000000000000000e+03,0.000000000000000000e+00
1.775934800000000000e+07,2.953099975585937500e+02,5.236098861694335938e+01,4.894859790802001953e+00,1.215000000000000000e+03,0.000000000000000000e+00
1.777171800000000000e+07,1.658500061035156250e+02,5.233797073364257812e+01,4.868040084838867188e+00,4.220000000000000000e+03,0.000000000000000000e+00
1.777471800000000000e+07,1.171900024414062500e+02,5.235309982299804688e+01,4.846499919891357422e+00,3.952000000000000000e+03,0.000000000000000000e+00
1.777773600000000000e+07,5.879000091552734375e+01,5.229750061035156250e+01,4.991690158843994141e+00,1.052600000000000000e+04,0.000000000000000000e+00
1.777808400000000000e+07,1.502799987792968750e+02,5.235290908813476562e+01,4.914820194244384766e+00,2.472000000000000000e+03,0.000000000000000000e+00
1.779336800000000000e+07,1.016100006103515625e+02,5.237799072265625000e+01,4.884990215301513672e+00,1.004000000000000000e+03,0.000000000000000000e+00
1.782065800000000000e+07,1.259499969482421875e+02,5.236626052856445312e+01,4.865799903869628906e+00,2.138000000000000000e+03,0.000000000000000000e+00
1.782144400000000000e+07,3.449500122070312500e+02,5.238478851318359375e+01,4.877230167388916016e+00,1.913000000000000000e+03,0.000000000000000000e+00
1.783596400000000000e+07,1.249700012207031250e+02,5.235565185546875000e+01,4.993390083312988281e+00,6.862000000000000000e+03,0.000000000000000000e+00
1.784366400000000000e+07,2.719500122070312500e+02,5.235678100585937500e+01,4.998109817504882812e+00,7.141000000000000000e+03,0.000000000000000000e+00
1.784658600000000000e+07,2.719500122070312500e+02,5.232136917114257812e+01,4.947859764099121094e+00,6.635000000000000000e+03,0.000000000000000000e+00
1.785918000000000000e+07,2.846000061035156250e+02,5.237184906005859375e+01,4.938940048217773438e+00,2.922000000000000000e+03,0.000000000000000000e+00
1.787131200000000000e+07,2.135500030517578125e+02,5.237236022949218750e+01,4.892680168151855469e+00,2.250000000000000000e+02,0.000000000000000000e+00
1.787413600000000000e+07,1.473600006103515625e+02,5.235503005981445312e+01,4.899360179901123047e+00,1.890000000000000000e+03,0.000000000000000000e+00
1.787513200000000000e+07,1.249700012207031250e+02,5.237002944946289062e+01,4.899230003356933594e+00,3.070000000000000000e+02,0.000000000000000000e+00
1.788998200000000000e+07,2.476100006103515625e+02,5.239564895629882812e+01,4.878739833831787109e+00,2.886000000000000000e+03,0.000000000000000000e+00
1.789275600000000000e+07,5.684000015258789062e+01,5.235720062255859375e+01,4.789460182189941406e+00,7.410000000000000000e+03,0.000000000000000000e+00
1.790019200000000000e+07,9.869000244140625000e+01,5.234648895263671875e+01,4.860799789428710938e+00,3.697000000000000000e+03,0.000000000000000000e+00
1.791102600000000000e+07,1.531999969482421875e+02,5.238103103637695312e+01,4.886837959289550781e+00,1.187000000000000000e+03,0.000000000000000000e+00
1.791393200000000000e+07,7.923000335693359375e+01,5.236658859252929688e+01,4.845230102539062500e+00,3.490000000000000000e+03,0.000000000000000000e+00
1.791719800000000000e+07,2.437200012207031250e+02,5.237012100219726562e+01,4.880599975585937500e+00,1.057000000000000000e+03,0.000000000000000000e+00
1.793267000000000000e+07,8.701000213623046875e+01,5.237144851684570312e+01,4.852389812469482422e+00,2.954000000000000000e+03,0.000000000000000000e+00
1.795335200000000000e+07,1.502799987792968750e+02,5.235226821899414062e+01,4.916359901428222656e+00,2.587000000000000000e+03,0.000000000000000000e+00
1.796014800000000000e+07,8.312000274658203125e+01,5.238388824462890625e+01,4.835199832916259766e+00,4.331000000000000000e+03,0.000000000000000000e+00
1.796739400000000000e+07,2.476100006103515625e+02,5.237916183471679688e+01,4.895140171051025391e+00,8.090000000000000000e+02,0.000000000000000000e+00
1.796873200000000000e+07,2.106300048828125000e+02,5.237279129028320312e+01,4.906340122222900391e+00,7.160000000000000000e+02,0.000000000000000000e+00
1.796893000000000000e+07,1.999199981689453125e+02,5.237322998046875000e+01,4.907939910888671875e+00,8.310000000000000000e+02,0.000000000000000000e+00
1.796902400000000000e+07,7.727999877929687500e+01,5.235010910034179688e+01,4.906390190124511719e+00,2.525000000000000000e+03,0.000000000000000000e+00
1.800041200000000000e+07,1.240000000000000000e+02,5.234048080444335938e+01,4.907430171966552734e+00,3.580000000000000000e+03,0.000000000000000000e+00
1.801159200000000000e+07,9.772000122070312500e+01,5.235871124267578125e+01,4.861899852752685547e+00,2.735000000000000000e+03,0.000000000000000000e+00
1.801401000000000000e+07,2.427500000000000000e+02,5.234775924682617188e+01,4.776309967041015625e+00,8.553000000000000000e+03,0.000000000000000000e+00
1.801785800000000000e+07,3.838800048828125000e+02,5.237007141113281250e+01,4.937170028686523438e+00,2.809000000000000000e+03,0.000000000000000000e+00
1.802160400000000000e+07,1.347100067138671875e+02,5.235292816162109375e+01,5.001110076904296875e+00,7.449000000000000000e+03,0.000000000000000000e+00
1.803186200000000000e+07,9.675000000000000000e+01,5.239698028564453125e+01,4.939070224761962891e+00,4.045000000000000000e+03,0.000000000000000000e+00
1.803299400000000000e+07,7.241000366210937500e+01,5.235998916625976562e+01,4.854879856109619141e+00,3.084000000000000000e+03,0.000000000000000000e+00
1.804568800000000000e+07,1.269199981689453125e+02,5.239897918701171875e+01,4.906429767608642578e+00,3.095000000000000000e+03,0.000000000000000000e+00
1.805719200000000000e+07,2.184100036621093750e+02,5.234873962402343750e+01,5.011929988861083984e+00,8.289000000000000000e+03,0.000000000000000000e+00
1.805772400000000000e+07,2.378800048828125000e+02,5.234406280517578125e+01,4.891506671905517578e+00,3.110000000000000000e+03,0.000000000000000000e+00
1.805913000000000000e+07,3.459200134277343750e+02,5.236803817749023438e+01,4.897729873657226562e+00,4.470000000000000000e+02,0.000000000000000000e+00
1.806299600000000000e+07,1.094000015258789062e+02,5.235717010498046875e+01,4.896329879760742188e+00,1.638000000000000000e+03,0.000000000000000000e+00
1.806388000000000000e+07,3.157500000000000000e+02,5.234482955932617188e+01,4.897540092468261719e+00,3.012000000000000000e+03,0.000000000000000000e+00
1.808695200000000000e+07,1.502799987792968750e+02,5.234917068481445312e+01,4.894790172576904297e+00,2.528000000000000000e+03,0.000000000000000000e+00
1.810032000000000000e+07,1.191299972534179688e+02,5.235966110229492188e+01,4.892399787902832031e+00,1.381000000000000000e+03,0.000000000000000000e+00
1.810710800000000000e+07,1.590399932861328125e+02,5.239159011840820312e+01,4.908060073852539062e+00,2.340000000000000000e+03,0.000000000000000000e+00
1.811472800000000000e+07,5.318300170898437500e+02,5.235445022583007812e+01,5.004469871520996094e+00,7.623000000000000000e+03,0.000000000000000000e+00
1.811530000000000000e+07,2.242500000000000000e+02,5.239086151123046875e+01,4.933730125427246094e+00,3.323000000000000000e+03,0.000000000000000000e+00
1.811583200000000000e+07,1.502799987792968750e+02,5.236265182495117188e+01,4.856880187988281250e+00,2.842000000000000000e+03,0.000000000000000000e+00
1.811654000000000000e+07,1.502799987792968750e+02,5.235009002685546875e+01,4.888750076293945312e+00,2.473000000000000000e+03,0.000000000000000000e+00
1.813532600000000000e+07,2.281499938964843750e+02,5.236602020263671875e+01,4.931650161743164062e+00,2.514000000000000000e+03,0.000000000000000000e+00
1.814516600000000000e+07,2.135500030517578125e+02,5.235813903808593750e+01,4.999730110168457031e+00,7.214000000000000000e+03,0.000000000000000000e+00
1.815540000000000000e+07,1.405500030517578125e+02,5.235923004150390625e+01,4.858510017395019531e+00,2.903000000000000000e+03,0.000000000000000000e+00
1.815589200000000000e+07,1.210800018310546875e+02,5.238758087158203125e+01,4.883090019226074219e+00,1.949000000000000000e+03,0.000000000000000000e+00
1.817115000000000000e+07,1.687700042724609375e+02,5.236874008178710938e+01,4.931059837341308594e+00,2.413000000000000000e+03,0.000000000000000000e+00
1.817246200000000000e+07,9.869000244140625000e+01,5.237556076049804688e+01,4.968289852142333984e+00,4.931000000000000000e+03,0.000000000000000000e+00
1.818825600000000000e+07,1.025899963378906250e+02,5.237725830078125000e+01,4.881189823150634766e+00,1.163000000000000000e+03,0.000000000000000000e+00
1.819321200000000000e+07,1.016100006103515625e+02,5.230514907836914062e+01,4.979139804840087891e+00,9.331000000000000000e+03,0.000000000000000000e+00
1.819472800000000000e+07,1.113499984741210938e+02,5.236351013183593750e+01,4.861780166625976562e+00,2.497000000000000000e+03,0.000000000000000000e+00
1.820325800000000000e+07,1.162099990844726562e+02,5.239590835571289062e+01,4.939139842987060547e+00,3.967000000000000000e+03,0.000000000000000000e+00
1.820454000000000000e+07,1.502799987792968750e+02,5.239078903198242188e+01,4.881100177764892578e+00,2.328000000000000000e+03,0.000000000000000000e+00
1.820966400000000000e+07,2.242500000000000000e+02,5.235449981689453125e+01,4.891190052032470703e+00,1.961000000000000000e+03,0.000000000000000000e+00
1.821032000000000000e+07,1.502799987792968750e+02,5.238272857666015625e+01,4.863190174102783203e+00,2.526000000000000000e+03,0.000000000000000000e+00
1.822546800000000000e+07,6.462999725341796875e+01,5.240916061401367188e+01,4.901370048522949219e+00,4.160000000000000000e+03,0.000000000000000000e+00
1.823139400000000000e+07,3.137999877929687500e+02,5.235818099975585938e+01,4.827189922332763672e+00,4.908000000000000000e+03,0.000000000000000000e+00
1.823320000000000000e+07,3.283999938964843750e+02,5.235435867309570312e+01,5.002729892730712891e+00,7.512000000000000000e+03,0.000000000000000000e+00
1.823419200000000000e+07,2.719500122070312500e+02,5.236943817138671875e+01,4.863399982452392578e+00,2.223000000000000000e+03,0.000000000000000000e+00
1.823789600000000000e+07,1.444400024414062500e+02,5.237168884277343750e+01,4.856770038604736328e+00,2.657000000000000000e+03,0.000000000000000000e+00
1.824897600000000000e+07,2.466399993896484375e+02,5.238328170776367188e+01,4.885910034179687500e+00,1.436000000000000000e+03,0.000000000000000000e+00
1.825287200000000000e+07,2.544299926757812500e+02,5.237472152709960938e+01,4.907839775085449219e+00,8.690000000000000000e+02,0.000000000000000000e+00
1.826126000000000000e+07,2.047899932861328125e+02,5.236283111572265625e+01,4.909659862518310547e+00,1.375000000000000000e+03,0.000000000000000000e+00
1.826197600000000000e+07,2.476100006103515625e+02,5.237528228759765625e+01,4.923508167266845703e+00,1.912000000000000000e+03,0.000000000000000000e+00
1.826386800000000000e+07,2.057599945068359375e+02,5.236951828002929688e+01,4.885570049285888672e+00,7.500000000000000000e+02,0.000000000000000000e+00
1.826965200000000000e+07,2.164700012207031250e+02,5.241867828369140625e+01,4.901140213012695312e+00,5.214000000000000000e+03,0.000000000000000000e+00
1.827044000000000000e+07,2.680499877929687500e+02,5.235850143432617188e+01,4.855100154876708984e+00,3.145000000000000000e+03,0.000000000000000000e+00
1.828513200000000000e+07,2.962799987792968750e+02,5.235908889770507812e+01,4.920989990234375000e+00,2.221000000000000000e+03,0.000000000000000000e+00
1.829809200000000000e+07,8.701000213623046875e+01,5.235139846801757812e+01,4.850810050964355469e+00,3.817000000000000000e+03,0.000000000000000000e+00
1.830636400000000000e+07,2.223099975585937500e+02,5.237580108642578125e+01,4.852210044860839844e+00,2.997000000000000000e+03,0.000000000000000000e+00
1.832273000000000000e+07,3.546799926757812500e+02,5.235503005981445312e+01,4.931930065155029297e+00,3.083000000000000000e+03,0.000000000000000000e+00
1.833543200000000000e+07,2.174400024414062500e+02,5.241928100585937500e+01,4.902329921722412109e+00,5.287000000000000000e+03,0.000000000000000000e+00
1.833830400000000000e+07,8.506999969482421875e+01,5.235432052612304688e+01,4.878680229187011719e+00,2.278000000000000000e+03,0.000000000000000000e+00
1.833958000000000000e+07,1.006399993896484375e+02,5.236954879760742188e+01,4.912799835205078125e+00,1.177000000000000000e+03,0.000000000000000000e+00
1.836259400000000000e+07,1.794799957275390625e+02,5.235457992553710938e+01,5.002280235290527344e+00,7.476000000000000000e+03,0.000000000000000000e+00
1.838427200000000000e+07,1.454100036621093750e+02,5.236677932739257812e+01,4.873360157012939453e+00,1.633000000000000000e+03,0.000000000000000000e+00
1.839220200000000000e+07,1.356799926757812500e+02,5.230448150634765625e+01,4.970250129699707031e+00,9.040000000000000000e+03,0.000000000000000000e+00
1.840530000000000000e+07,1.794799957275390625e+02,5.235319900512695312e+01,4.830480098724365234e+00,4.905000000000000000e+03,0.000000000000000000e+00
1.840777200000000000e+07,9.772000122070312500e+01,5.237699127197265625e+01,4.877540111541748047e+00,1.369000000000000000e+03,0.000000000000000000e+00
1.841064800000000000e+07,1.308099975585937500e+02,5.238304138183593750e+01,4.883759975433349609e+00,1.488000000000000000e+03,0.000000000000000000e+00
1.842334400000000000e+07,1.979700012207031250e+02,5.237126159667968750e+01,4.886179924011230469e+00,6.640000000000000000e+02,0.000000000000000000e+00
1.845803200000000000e+07,1.502799987792968750e+02,5.234696960449218750e+01,4.896059989929199219e+00,2.772000000000000000e+03,0.000000000000000000e+00
1.848084400000000000e+07,1.395700073242187500e+02,5.236122894287109375e+01,4.861989974975585938e+00,2.590000000000000000e+03,0.000000000000000000e+00
1.848533600000000000e+07,1.989499969482421875e+02,5.238246917724609375e+01,4.852039813995361328e+00,3.201000000000000000e+03,0.000000000000000000e+00
1.849667800000000000e+07,2.184100036621093750e+02,5.236117172241210938e+01,4.862969875335693359e+00,2.534000000000000000e+03,0.000000000000000000e+00
1.849822600000000000e+07,1.405500030517578125e+02,5.236014175415039062e+01,4.913730144500732422e+00,1.782000000000000000e+03,0.000000000000000000e+00
1.850062400000000000e+07,1.493099975585937500e+02,5.238380050659179688e+01,4.885389804840087891e+00,1.503000000000000000e+03,0.000000000000000000e+00
1.850176800000000000e+07,1.259499969482421875e+02,5.234930038452148438e+01,4.907410144805908203e+00,2.632000000000000000e+03,0.000000000000000000e+00
1.850533200000000000e+07,8.701000213623046875e+01,5.235107040405273438e+01,4.848149776458740234e+00,3.985000000000000000e+03,0.000000000000000000e+00
1.851489200000000000e+07,2.466399993896484375e+02,5.238962173461914062e+01,4.877729892730712891e+00,2.325000000000000000e+03,0.000000000000000000e+00
1.851560400000000000e+07,3.153000068664550781e+01,5.239033889770507812e+01,4.883920192718505859e+00,2.206000000000000000e+03,0.000000000000000000e+00
1.851655600000000000e+07,1.502799987792968750e+02,5.235419082641601562e+01,4.900360107421875000e+00,1.992000000000000000e+03,0.000000000000000000e+00
1.851783200000000000e+07,8.798999786376953125e+01,5.237355041503906250e+01,4.877729892730712891e+00,1.247000000000000000e+03,0.000000000000000000e+00
1.852338800000000000e+07,1.473600006103515625e+02,5.235956954956054688e+01,4.933269977569580078e+00,2.884000000000000000e+03,0.000000000000000000e+00
1.852348600000000000e+07,3.449500122070312500e+02,5.235456848144531250e+01,4.894790172576904297e+00,1.928000000000000000e+03,0.000000000000000000e+00
1.853158000000000000e+07,1.989499969482421875e+02,5.237744903564453125e+01,4.860030174255371094e+00,2.512000000000000000e+03,0.000000000000000000e+00
1.854452400000000000e+07,5.197000122070312500e+01,5.237892913818359375e+01,4.854380130767822266e+00,2.925000000000000000e+03,0.000000000000000000e+00
1.854784000000000000e+07,1.347100067138671875e+02,5.237994003295898438e+01,4.875800132751464844e+00,1.631000000000000000e+03,0.000000000000000000e+00
1.855792400000000000e+07,1.707200012207031250e+02,5.236164855957031250e+01,4.858960151672363281e+00,2.755000000000000000e+03,0.000000000000000000e+00
1.855883200000000000e+07,2.943299865722656250e+02,5.235585021972656250e+01,4.925280094146728516e+00,2.677000000000000000e+03,0.000000000000000000e+00
1.855980400000000000e+07,2.077100067138671875e+02,5.236936950683593750e+01,4.854770183563232422e+00,2.806000000000000000e+03,0.000000000000000000e+00
1.855985600000000000e+07,1.493099975585937500e+02,5.237097167968750000e+01,4.897069931030273438e+00,1.300000000000000000e+02,0.000000000000000000e+00
1.855990000000000000e+07,1.804499969482421875e+02,5.236774826049804688e+01,4.874030113220214844e+00,1.555000000000000000e+03,0.000000000000000000e+00
1.857362800000000000e+07,1.249700012207031250e+02,5.236774826049804688e+01,4.874030113220214844e+00,1.555000000000000000e+03,0.000000000000000000e+00
1.857628400000000000e+07,1.940800018310546875e+02,5.237387084960937500e+01,4.893400192260742188e+00,2.770000000000000000e+02,0.000000000000000000e+00
1.858888000000000000e+07,1.308099975585937500e+02,5.235459136962890625e+01,4.898369789123535156e+00,1.932000000000000000e+03,0.000000000000000000e+00
1.858951400000000000e+07,2.962799987792968750e+02,5.235361099243164062e+01,4.885799884796142578e+00,2.146000000000000000e+03,0.000000000000000000e+00
1.860432400000000000e+07,1.308099975585937500e+02,5.235829925537109375e+01,4.917610168457031250e+00,2.112000000000000000e+03,0.000000000000000000e+00
1.860630400000000000e+07,2.271699981689453125e+02,5.236660003662109375e+01,4.898240089416503906e+00,6.100000000000000000e+02,0.000000000000000000e+00
1.860967200000000000e+07,1.308099975585937500e+02,5.235179138183593750e+01,4.851299762725830078e+00,3.764000000000000000e+03,0.000000000000000000e+00
1.861303600000000000e+07,1.444400024414062500e+02,5.239141845703125000e+01,4.937829971313476562e+00,3.579000000000000000e+03,0.000000000000000000e+00
1.862231200000000000e+07,1.999199981689453125e+02,5.238919067382812500e+01,4.936840057373046875e+00,3.379000000000000000e+03,0.000000000000000000e+00
1.862250600000000000e+07,1.006399993896484375e+02,5.235108947753906250e+01,4.849380016326904297e+00,3.916000000000000000e+03,0.000000000000000000e+00
1.863150800000000000e+07,9.480000305175781250e+01,5.237242889404296875e+01,4.864860057830810547e+00,2.108000000000000000e+03,0.000000000000000000e+00
1.864081000000000000e+07,1.580700073242187500e+02,5.235940170288085938e+01,4.906499862670898438e+00,1.565000000000000000e+03,0.000000000000000000e+00
1.865021200000000000e+07,2.476100006103515625e+02,5.235234069824218750e+01,4.884300231933593750e+00,2.313000000000000000e+03,0.000000000000000000e+00
1.866103400000000000e+07,2.719500122070312500e+02,5.237622070312500000e+01,4.880680084228515625e+00,1.139000000000000000e+03,0.000000000000000000e+00
1.866529200000000000e+07,2.738900146484375000e+02,5.235445022583007812e+01,4.897109985351562500e+00,1.942000000000000000e+03,0.000000000000000000e+00
1.866626600000000000e+07,2.826499938964843750e+02,5.235681915283203125e+01,4.896329879760742188e+00,1.677000000000000000e+03,0.000000000000000000e+00
1.866743800000000000e+07,6.268000030517578125e+01,5.238909149169921875e+01,4.876770019531250000e+00,2.311000000000000000e+03,0.000000000000000000e+00
1.868190400000000000e+07,9.772000122070312500e+01,5.235319900512695312e+01,5.008609771728515625e+00,7.931000000000000000e+03,0.000000000000000000e+00
1.868780000000000000e+07,1.210800018310546875e+02,5.238587951660156250e+01,4.913809776306152344e+00,1.973000000000000000e+03,0.000000000000000000e+00
1.871858800000000000e+07,1.502799987792968750e+02,5.240840148925781250e+01,4.904600143432617188e+00,4.102000000000000000e+03,0.000000000000000000e+00
1.872812000000000000e+07,1.833699951171875000e+02,5.238436126708984375e+01,4.832260131835937500e+00,4.537000000000000000e+03,0.000000000000000000e+00
1.873338000000000000e+07,2.476100006103515625e+02,5.237108993530273438e+01,4.857580184936523438e+00,2.603000000000000000e+03,0.000000000000000000e+00
1.875084200000000000e+07,1.502799987792968750e+02,5.232835006713867188e+01,4.979459762573242188e+00,7.461000000000000000e+03,0.000000000000000000e+00
1.878001600000000000e+07,1.016100006103515625e+02,5.234717178344726562e+01,4.848239898681640625e+00,4.247000000000000000e+03,0.000000000000000000e+00
1.878406000000000000e+07,1.843500061035156250e+02,5.236309814453125000e+01,4.863259792327880859e+00,2.423000000000000000e+03,0.000000000000000000e+00
1.880026000000000000e+07,2.125700073242187500e+02,5.235800933837890625e+01,4.857059955596923828e+00,3.056000000000000000e+03,0.000000000000000000e+00
1.880326400000000000e+07,1.152399978637695312e+02,5.240859985351562500e+01,4.915349960327148438e+00,4.289000000000000000e+03,0.000000000000000000e+00
1.880388800000000000e+07,1.210800018310546875e+02,5.236185073852539062e+01,4.991179943084716797e+00,6.565000000000000000e+03,0.000000000000000000e+00
1.880890400000000000e+07,8.993000030517578125e+01,5.233311843872070312e+01,4.804049968719482422e+00,7.584000000000000000e+03,0.000000000000000000e+00
1.881610800000000000e+07,1.220500030517578125e+02,5.235182952880859375e+01,4.898729801177978516e+00,2.240000000000000000e+03,0.000000000000000000e+00
1.881625200000000000e+07,3.926400146484375000e+02,5.234840011596679688e+01,4.848060131072998047e+00,4.169000000000000000e+03,0.000000000000000000e+00
1.881646000000000000e+07,2.962799987792968750e+02,5.235292816162109375e+01,4.850160121917724609e+00,3.754000000000000000e+03,0.000000000000000000e+00
1.881702800000000000e+07,1.531999969482421875e+02,5.235139083862304688e+01,5.002429962158203125e+00,7.585000000000000000e+03,0.000000000000000000e+00
1.883225000000000000e+07,1.454100036621093750e+02,5.237424850463867188e+01,4.905159950256347656e+00,6.810000000000000000e+02,0.000000000000000000e+00
1.883747600000000000e+07,8.116999816894531250e+01,5.235221862792968750e+01,4.854559898376464844e+00,3.559000000000000000e+03,0.000000000000000000e+00
1.884454800000000000e+07,3.254800109863281250e+02,5.234548187255859375e+01,4.948599815368652344e+00,4.630000000000000000e+03,0.000000000000000000e+00
1.885554000000000000e+07,1.298399963378906250e+02,5.238209152221679688e+01,4.836719989776611328e+00,4.174000000000000000e+03,0.000000000000000000e+00
1.887187000000000000e+07,6.755000305175781250e+01,5.238280105590820312e+01,4.826270103454589844e+00,4.879000000000000000e+03,0.000000000000000000e+00
1.887899600000000000e+07,1.892100067138671875e+02,5.236909866333007812e+01,4.917150020599365234e+00,1.476000000000000000e+03,0.000000000000000000e+00
1.888220800000000000e+07,1.298399963378906250e+02,5.238108825683593750e+01,4.890339851379394531e+00,1.089000000000000000e+03,0.000000000000000000e+00
1.888238400000000000e+07,1.210800018310546875e+02,5.238093948364257812e+01,4.888909816741943359e+00,1.112000000000000000e+03,0.000000000000000000e+00
1.888657600000000000e+07,8.701000213623046875e+01,5.238348007202148438e+01,4.826700210571289062e+00,4.871000000000000000e+03,0.000000000000000000e+00
1.890694400000000000e+07,1.960299987792968750e+02,5.237012863159179688e+01,4.892990112304687500e+00,2.790000000000000000e+02,0.000000000000000000e+00
1.891253200000000000e+07,2.953099975585937500e+02,5.236331176757812500e+01,4.853310108184814453e+00,3.045000000000000000e+03,0.000000000000000000e+00
1.893903400000000000e+07,1.405500030517578125e+02,5.234524154663085938e+01,4.902160167694091797e+00,2.994000000000000000e+03,0.000000000000000000e+00
1.893916400000000000e+07,9.869000244140625000e+01,5.235544967651367188e+01,4.891799926757812500e+00,1.850000000000000000e+03,0.000000000000000000e+00
1.894227200000000000e+07,1.989499969482421875e+02,5.236228179931640625e+01,4.858320236206054688e+00,2.767000000000000000e+03,0.000000000000000000e+00
1.894518000000000000e+07,1.600099945068359375e+02,5.239847183227539062e+01,4.907849788665771484e+00,3.064000000000000000e+03,0.000000000000000000e+00
1.895053200000000000e+07,1.035599975585937500e+02,5.237051010131835938e+01,4.935180187225341797e+00,2.671000000000000000e+03,0.000000000000000000e+00
1.895452400000000000e+07,1.347100067138671875e+02,5.235895919799804688e+01,4.859670162200927734e+00,2.850000000000000000e+03,0.000000000000000000e+00
1.896001600000000000e+07,1.989499969482421875e+02,5.237731170654296875e+01,4.883969783782958984e+00,1.009000000000000000e+03,0.000000000000000000e+00
1.896611200000000000e+07,1.016100006103515625e+02,5.236251068115234375e+01,4.939199924468994141e+00,3.120000000000000000e+03,0.000000000000000000e+00
1.897242000000000000e+07,2.427500000000000000e+02,5.236653900146484375e+01,4.853250026702880859e+00,2.956000000000000000e+03,0.000000000000000000e+00
1.898681800000000000e+07,1.201100006103515625e+02,5.239146041870117188e+01,4.887469768524169922e+00,2.249000000000000000e+03,0.000000000000000000e+00
1.899396000000000000e+07,1.989499969482421875e+02,5.235243988037109375e+01,4.850069999694824219e+00,3.790000000000000000e+03,0.000000000000000000e+00
1.899528600000000000e+07,3.157500000000000000e+02,5.235939025878906250e+01,4.784779548645019531e+00,7.672000000000000000e+03,0.000000000000000000e+00
1.900677200000000000e+07,3.498099975585937500e+02,5.234336090087890625e+01,4.895319938659667969e+00,3.173000000000000000e+03,0.000000000000000000e+00
1.901342400000000000e+07,1.862899932861328125e+02,5.240679168701171875e+01,4.931449890136718750e+00,4.569000000000000000e+03,0.000000000000000000e+00
1.902463600000000000e+07,1.405500030517578125e+02,5.236146926879882812e+01,4.850860118865966797e+00,3.271000000000000000e+03,0.000000000000000000e+00
1.903299600000000000e+07,1.405500030517578125e+02,5.237226867675781250e+01,4.947470188140869141e+00,3.501000000000000000e+03,0.000000000000000000e+00
1.904201600000000000e+07,2.962799987792968750e+02,5.236069869995117188e+01,4.858049869537353516e+00,2.856000000000000000e+03,0.000000000000000000e+00
1.905122400000000000e+07,2.865499877929687500e+02,5.235823059082031250e+01,4.857409954071044922e+00,3.023000000000000000e+03,0.000000000000000000e+00
1.906137400000000000e+07,1.989499969482421875e+02,5.233816909790039062e+01,4.944769859313964844e+00,5.008000000000000000e+03,0.000000000000000000e+00
1.907026400000000000e+07,1.152399978637695312e+02,5.236299896240234375e+01,4.867040157318115234e+00,2.195000000000000000e+03,0.000000000000000000e+00
1.909306800000000000e+07,2.261999969482421875e+02,5.236557006835937500e+01,4.887760162353515625e+00,8.950000000000000000e+02,0.000000000000000000e+00
1.911168200000000000e+07,3.449500122070312500e+02,5.238542938232421875e+01,4.869649887084960938e+00,2.332000000000000000e+03,0.000000000000000000e+00
1.913261600000000000e+07,2.018699951171875000e+02,5.237448883056640625e+01,4.887780189514160156e+00,6.220000000000000000e+02,0.000000000000000000e+00
1.913613200000000000e+07,1.210800018310546875e+02,5.235300827026367188e+01,4.884699821472167969e+00,2.234000000000000000e+03,0.000000000000000000e+00
1.913870000000000000e+07,1.074499969482421875e+02,5.237326049804687500e+01,4.864089965820312500e+00,2.165000000000000000e+03,0.000000000000000000e+00
1.914138400000000000e+07,2.028399963378906250e+02,5.237113189697265625e+01,4.858099937438964844e+00,2.568000000000000000e+03,0.000000000000000000e+00
1.916666800000000000e+07,2.203600006103515625e+02,5.236585998535156250e+01,4.886020183563232422e+00,9.490000000000000000e+02,0.000000000000000000e+00
1.917431400000000000e+07,1.892100067138671875e+02,5.237908935546875000e+01,4.892300128936767578e+00,8.360000000000000000e+02,0.000000000000000000e+00
1.918396800000000000e+07,1.463899993896484375e+02,5.238750839233398438e+01,4.889989852905273438e+00,1.781000000000000000e+03,0.000000000000000000e+00
1.918403200000000000e+07,8.408999633789062500e+01,5.235503005981445312e+01,4.880990028381347656e+00,2.131000000000000000e+03,0.000000000000000000e+00
1.919094000000000000e+07,1.006399993896484375e+02,5.241056060791015625e+01,4.898670196533203125e+00,4.303000000000000000e+03,0.000000000000000000e+00
1.919386400000000000e+07,4.179500122070312500e+02,5.238064956665039062e+01,4.887420177459716797e+00,1.131000000000000000e+03,0.000000000000000000e+00
1.920036400000000000e+07,1.989499969482421875e+02,5.238282012939453125e+01,4.887290000915527344e+00,1.348000000000000000e+03,0.000000000000000000e+00
1.921885200000000000e+07,1.298399963378906250e+02,5.238864135742187500e+01,4.909409999847412109e+00,2.075000000000000000e+03,0.000000000000000000e+00
1.923728000000000000e+07,1.463899993896484375e+02,5.236534881591796875e+01,4.919109821319580078e+00,1.736000000000000000e+03,0.000000000000000000e+00
1.924066200000000000e+07,1.502799987792968750e+02,5.235123825073242188e+01,4.858729839324951172e+00,3.413000000000000000e+03,0.000000000000000000e+00
1.926937200000000000e+07,2.184100036621093750e+02,5.236193084716796875e+01,4.914989948272705078e+00,1.705000000000000000e+03,0.000000000000000000e+00
1.927868000000000000e+07,8.019999694824218750e+01,5.236447906494140625e+01,4.856210231781005859e+00,2.818000000000000000e+03,0.000000000000000000e+00
1.928454800000000000e+07,6.466799926757812500e+02,5.237202835083007812e+01,4.901299953460693359e+00,3.670000000000000000e+02,0.000000000000000000e+00
1.930030200000000000e+07,9.869000244140625000e+01,5.236412811279296875e+01,4.855140209197998047e+00,2.899000000000000000e+03,0.000000000000000000e+00
1.930338600000000000e+07,4.325499877929687500e+02,5.236465072631835938e+01,4.897980213165283203e+00,8.180000000000000000e+02,0.000000000000000000e+00
1.932184800000000000e+07,2.768099975585937500e+02,5.238059997558593750e+01,4.886950016021728516e+00,1.142000000000000000e+03,0.000000000000000000e+00
1.933053600000000000e+07,7.241000366210937500e+01,5.229360961914062500e+01,4.980969905853271484e+00,1.045000000000000000e+04,0.000000000000000000e+00
1.933962000000000000e+07,2.184100036621093750e+02,5.241942977905273438e+01,4.871260166168212891e+00,5.543000000000000000e+03,0.000000000000000000e+00
1.933977600000000000e+07,1.901900024414062500e+02,5.237155914306640625e+01,4.886169910430908203e+00,6.620000000000000000e+02,0.000000000000000000e+00
1.934317400000000000e+07,2.184100036621093750e+02,5.234835815429687500e+01,4.908420085906982422e+00,2.752000000000000000e+03,0.000000000000000000e+00
1.935157000000000000e+07,1.746100006103515625e+02,5.237258148193359375e+01,4.901959896087646484e+00,4.180000000000000000e+02,0.000000000000000000e+00
1.935354000000000000e+07,1.746100006103515625e+02,5.239070892333984375e+01,4.877920150756835938e+00,2.422000000000000000e+03,0.000000000000000000e+00
1.936204400000000000e+07,1.162099990844726562e+02,5.236022949218750000e+01,4.837800025939941406e+00,4.153000000000000000e+03,0.000000000000000000e+00
1.938411000000000000e+07,1.970000000000000000e+02,5.237633132934570312e+01,4.895090103149414062e+00,4.960000000000000000e+02,0.000000000000000000e+00
1.939712400000000000e+07,1.084300003051757812e+02,5.238594055175781250e+01,4.917140007019042969e+00,2.125000000000000000e+03,0.000000000000000000e+00
1.939767600000000000e+07,1.989499969482421875e+02,5.238069915771484375e+01,4.883359909057617188e+00,1.297000000000000000e+03,0.000000000000000000e+00
1.940450000000000000e+07,2.359299926757812500e+02,5.235406875610351562e+01,4.884109973907470703e+00,2.138000000000000000e+03,0.000000000000000000e+00
1.942348800000000000e+07,1.814299926757812500e+02,5.234981918334960938e+01,4.893060207366943359e+00,2.463000000000000000e+03,0.000000000000000000e+00
1.944400400000000000e+07,1.765599975585937500e+02,5.241833114624023438e+01,4.902860164642333984e+00,5.185000000000000000e+03,0.000000000000000000e+00
1.946171800000000000e+07,9.284999847412109375e+01,5.237667846679687500e+01,4.955029964447021484e+00,4.049000000000000000e+03,0.000000000000000000e+00
1.946760400000000000e+07,1.989499969482421875e+02,5.236270904541015625e+01,4.872240066528320312e+00,1.904000000000000000e+03,0.000000000000000000e+00
1.948092400000000000e+07,1.794799957275390625e+02,5.235462951660156250e+01,4.911570072174072266e+00,2.195000000000000000e+03,0.000000000000000000e+00
1.949887200000000000e+07,1.600099945068359375e+02,5.235897064208984375e+01,4.926199913024902344e+00,2.510000000000000000e+03,0.000000000000000000e+00
1.950341200000000000e+07,1.210800018310546875e+02,5.238061141967773438e+01,4.874279975891113281e+00,1.759000000000000000e+03,0.000000000000000000e+00
1.952331200000000000e+07,1.405500030517578125e+02,5.239712905883789062e+01,4.957300186157226562e+00,5.024000000000000000e+03,0.000000000000000000e+00
1.952761600000000000e+07,3.352099914550781250e+02,5.237818908691406250e+01,4.891920089721679688e+00,7.500000000000000000e+02,0.000000000000000000e+00
1.952762400000000000e+07,2.855700073242187500e+02,5.237878036499023438e+01,4.868989944458007812e+00,1.981000000000000000e+03,0.000000000000000000e+00
1.952818000000000000e+07,1.950939941406250000e+03,5.238167953491210938e+01,4.883279800415039062e+00,1.384000000000000000e+03,0.000000000000000000e+00
1.952861600000000000e+07,1.736399993896484375e+02,5.230057144165039062e+01,4.986959934234619141e+00,1.005900000000000000e+04,0.000000000000000000e+00
1.953854800000000000e+07,2.135500030517578125e+02,5.233531951904296875e+01,4.800789833068847656e+00,7.633000000000000000e+03,0.000000000000000000e+00
1.954830400000000000e+07,1.551499938964843750e+02,5.234875106811523438e+01,5.006919860839843750e+00,7.966000000000000000e+03,0.000000000000000000e+00
1.955028400000000000e+07,2.476100006103515625e+02,5.236600112915039062e+01,4.943950176239013672e+00,3.328000000000000000e+03,0.000000000000000000e+00
1.955915400000000000e+07,1.337299957275390625e+02,5.236460113525390625e+01,4.869559764862060547e+00,1.964000000000000000e+03,0.000000000000000000e+00
1.956254200000000000e+07,1.142699966430664062e+02,5.239271163940429688e+01,4.944059848785400391e+00,4.005000000000000000e+03,0.000000000000000000e+00
1.957054200000000000e+07,2.476100006103515625e+02,5.236177062988281250e+01,4.927909851074218750e+00,2.448000000000000000e+03,0.000000000000000000e+00
1.958490200000000000e+07,1.940800018310546875e+02,5.236539077758789062e+01,4.875110149383544922e+00,1.586000000000000000e+03,0.000000000000000000e+00
1.961696000000000000e+07,3.400799865722656250e+02,5.235440063476562500e+01,4.869130134582519531e+00,2.663000000000000000e+03,0.000000000000000000e+00
1.962066400000000000e+07,1.298399963378906250e+02,5.238167190551757812e+01,4.868000030517578125e+00,2.184000000000000000e+03,0.000000000000000000e+00
1.963466400000000000e+07,1.502799987792968750e+02,5.234798812866210938e+01,4.849709987640380859e+00,4.112000000000000000e+03,0.000000000000000000e+00
1.963596600000000000e+07,1.454100036621093750e+02,5.235570144653320312e+01,4.889420032501220703e+00,1.854000000000000000e+03,0.000000000000000000e+00
1.964142400000000000e+07,5.785499877929687500e+02,5.234669113159179688e+01,4.894010066986083984e+00,2.806000000000000000e+03,0.000000000000000000e+00
1.964453000000000000e+07,1.794799957275390625e+02,5.235232162475585938e+01,4.911290168762207031e+00,2.415000000000000000e+03,0.000000000000000000e+00
1.966683800000000000e+07,2.252299957275390625e+02,5.237461853027343750e+01,4.858870029449462891e+00,2.532000000000000000e+03,0.000000000000000000e+00
1.966716000000000000e+07,1.094000015258789062e+02,5.236410140991210938e+01,4.832620143890380859e+00,4.383000000000000000e+03,0.000000000000000000e+00
1.966716800000000000e+07,1.347100067138671875e+02,5.236231994628906250e+01,4.899290084838867188e+00,1.090000000000000000e+03,0.000000000000000000e+00
1.967036000000000000e+07,1.989499969482421875e+02,5.236117935180664062e+01,4.927979946136474609e+00,2.483000000000000000e+03,0.000000000000000000e+00
1.968595400000000000e+07,1.697500000000000000e+02,5.236478042602539062e+01,4.876170158386230469e+00,1.556000000000000000e+03,0.000000000000000000e+00
1.968700400000000000e+07,1.551499938964843750e+02,5.235113906860351562e+01,4.937240123748779297e+00,3.634000000000000000e+03,0.000000000000000000e+00
1.968933200000000000e+07,6.072999954223632812e+01,5.237370300292968750e+01,4.853937625885009766e+00,2.856000000000000000e+03,0.000000000000000000e+00
1.971515000000000000e+07,2.417700042724609375e+02,5.236473083496093750e+01,4.881330013275146484e+00,1.270000000000000000e+03,0.000000000000000000e+00
1.973483000000000000e+07,1.522299957275390625e+02,5.237427139282226562e+01,4.883269786834716797e+00,8.970000000000000000e+02,0.000000000000000000e+00
1.975744800000000000e+07,1.600099945068359375e+02,5.237567138671875000e+01,4.864309787750244141e+00,2.185000000000000000e+03,0.000000000000000000e+00
1.976564800000000000e+07,2.855700073242187500e+02,5.235916900634765625e+01,4.879330158233642578e+00,1.808000000000000000e+03,0.000000000000000000e+00
1.977124400000000000e+07,2.232799987792968750e+02,5.236664962768554688e+01,4.882540225982666016e+00,1.079000000000000000e+03,0.000000000000000000e+00
1.978297600000000000e+07,1.356799926757812500e+02,5.235123062133789062e+01,4.899769783020019531e+00,2.313000000000000000e+03,0.000000000000000000e+00
1.978321600000000000e+07,9.675000000000000000e+01,5.234212112426757812e+01,4.797939777374267578e+00,7.431000000000000000e+03,0.000000000000000000e+00
1.979566800000000000e+07,1.551499938964843750e+02,5.236563110351562500e+01,4.884840011596679688e+00,1.024000000000000000e+03,0.000000000000000000e+00
1.980330000000000000e+07,2.485899963378906250e+02,5.236597061157226562e+01,4.899750232696533203e+00,7.090000000000000000e+02,0.000000000000000000e+00
1.980463200000000000e+07,2.184100036621093750e+02,5.236407089233398438e+01,4.858620166778564453e+00,2.677000000000000000e+03,0.000000000000000000e+00
1.982031400000000000e+07,2.291199951171875000e+02,5.238407897949218750e+01,4.845560073852539062e+00,3.676000000000000000e+03,0.000000000000000000e+00
1.983566200000000000e+07,2.349600067138671875e+02,5.236389160156250000e+01,4.933100223541259766e+00,2.678000000000000000e+03,0.000000000000000000e+00
1.984208400000000000e+07,2.028399963378906250e+02,5.232780838012695312e+01,4.980800151824951172e+00,7.569000000000000000e+03,0.000000000000000000e+00
1.984559600000000000e+07,9.383000183105468750e+01,5.235615921020507812e+01,4.908959865570068359e+00,1.962000000000000000e+03,0.000000000000000000e+00
1.984762800000000000e+07,7.144000244140625000e+01,5.237126159667968750e+01,4.915400028228759766e+00,1.326000000000000000e+03,0.000000000000000000e+00
1.985424800000000000e+07,1.853200073242187500e+02,5.237096023559570312e+01,4.896210193634033203e+00,1.060000000000000000e+02,0.000000000000000000e+00
1.985442400000000000e+07,1.716900024414062500e+02,5.235710906982421875e+01,4.888060092926025391e+00,1.729000000000000000e+03,0.000000000000000000e+00
1.986123800000000000e+07,2.232799987792968750e+02,5.238291168212890625e+01,4.876780033111572266e+00,1.784000000000000000e+03,0.000000000000000000e+00
1.986627600000000000e+07,1.298399963378906250e+02,5.241421127319335938e+01,4.920320987701416016e+00,4.988000000000000000e+03,0.000000000000000000e+00
1.986829200000000000e+07,6.268000030517578125e+01,5.237047958374023438e+01,4.858479976654052734e+00,2.545000000000000000e+03,0.000000000000000000e+00
1.987545600000000000e+07,1.746100006103515625e+02,5.237873840332031250e+01,4.882629871368408203e+00,1.179000000000000000e+03,0.000000000000000000e+00
1.988199600000000000e+07,1.746100006103515625e+02,5.237200927734375000e+01,4.939640045166015625e+00,2.969000000000000000e+03,0.000000000000000000e+00
1.988499600000000000e+07,2.437200012207031250e+02,5.234186935424804688e+01,4.866909980773925781e+00,3.876000000000000000e+03,0.000000000000000000e+00
1.988535200000000000e+07,5.629699707031250000e+02,5.235787963867187500e+01,4.889369964599609375e+00,1.621000000000000000e+03,0.000000000000000000e+00
1.988587000000000000e+07,3.099100036621093750e+02,5.235705184936523438e+01,4.907050132751464844e+00,1.816000000000000000e+03,0.000000000000000000e+00
1.988815200000000000e+07,1.201100006103515625e+02,5.241054153442382812e+01,4.953899860382080078e+00,5.827000000000000000e+03,0.000000000000000000e+00
1.988896400000000000e+07,1.210800018310546875e+02,5.240045928955078125e+01,4.904329776763916016e+00,3.227000000000000000e+03,0.000000000000000000e+00
1.993932000000000000e+07,1.697500000000000000e+02,5.232550048828125000e+01,4.947589874267578125e+00,6.241000000000000000e+03,0.000000000000000000e+00
1.993932800000000000e+07,6.194299926757812500e+02,5.235411071777343750e+01,4.893879890441894531e+00,1.983000000000000000e+03,0.000000000000000000e+00
1.994113600000000000e+07,1.444400024414062500e+02,5.236505126953125000e+01,4.803349971771240234e+00,6.329000000000000000e+03,0.000000000000000000e+00
1.994214600000000000e+07,6.301300048828125000e+02,5.235681152343750000e+01,4.888720035552978516e+00,1.747000000000000000e+03,0.000000000000000000e+00
1.994894200000000000e+07,1.600099945068359375e+02,5.235229110717773438e+01,4.814569950103759766e+00,5.937000000000000000e+03,0.000000000000000000e+00
1.996033000000000000e+07,1.502799987792968750e+02,5.238259887695312500e+01,4.874730110168457031e+00,1.866000000000000000e+03,0.000000000000000000e+00
1.997378200000000000e+07,1.746100006103515625e+02,5.236201858520507812e+01,4.859370231628417969e+00,2.713000000000000000e+03,0.000000000000000000e+00
1.997580400000000000e+07,1.843500061035156250e+02,5.237263870239257812e+01,4.904310226440429688e+00,5.770000000000000000e+02,0.000000000000000000e+00
1.999168000000000000e+07,1.531999969482421875e+02,5.238232040405273438e+01,4.869880199432373047e+00,2.112000000000000000e+03,0.000000000000000000e+00
1.999609200000000000e+07,2.408000030517578125e+02,5.236880874633789062e+01,4.864960193634033203e+00,2.128000000000000000e+03,0.000000000000000000e+00
2.000177000000000000e+07,1.016100006103515625e+02,5.234989166259765625e+01,4.849090099334716797e+00,4.011000000000000000e+03,0.000000000000000000e+00
2.002601600000000000e+07,1.697500000000000000e+02,5.239543151855468750e+01,4.924129962921142578e+00,3.243000000000000000e+03,0.000000000000000000e+00
2.002613200000000000e+07,1.298399963378906250e+02,5.236743927001953125e+01,4.866539955139160156e+00,2.054000000000000000e+03,0.000000000000000000e+00
2.002908400000000000e+07,9.675000000000000000e+01,5.237535095214843750e+01,4.836760044097900391e+00,4.033000000000000000e+03,0.000000000000000000e+00
2.003048400000000000e+07,1.210800018310546875e+02,5.238610839843750000e+01,4.891570091247558594e+00,1.607000000000000000e+03,0.000000000000000000e+00
2.004548400000000000e+07,1.970000000000000000e+02,5.235387039184570312e+01,4.936610221862792969e+00,3.415000000000000000e+03,0.000000000000000000e+00
2.005997000000000000e+07,1.249700012207031250e+02,5.235586929321289062e+01,4.925509929656982422e+00,2.687000000000000000e+03,0.000000000000000000e+00
2.006364000000000000e+07,1.016100006103515625e+02,5.236328125000000000e+01,4.941730022430419922e+00,3.256000000000000000e+03,0.000000000000000000e+00
2.006372000000000000e+07,2.349600067138671875e+02,5.236341094970703125e+01,4.900450229644775391e+00,9.930000000000000000e+02,0.000000000000000000e+00
2.007178200000000000e+07,1.823999938964843750e+02,5.238037109375000000e+01,4.873509883880615234e+00,1.788000000000000000e+03,0.000000000000000000e+00
2.008113600000000000e+07,1.502799987792968750e+02,5.236996841430664062e+01,4.867000102996826172e+00,1.974000000000000000e+03,0.000000000000000000e+00
2.010195200000000000e+07,1.726699981689453125e+02,5.236909866333007812e+01,4.890359878540039062e+00,4.880000000000000000e+02,0.000000000000000000e+00
2.011354400000000000e+07,1.639100036621093750e+02,5.236323928833007812e+01,4.896379947662353516e+00,9.630000000000000000e+02,0.000000000000000000e+00
2.011849200000000000e+07,1.006399993896484375e+02,5.237200164794921875e+01,4.849209785461425781e+00,3.170000000000000000e+03,0.000000000000000000e+00
2.012054200000000000e+07,1.395700073242187500e+02,5.237033081054687500e+01,4.849359989166259766e+00,3.164000000000000000e+03,0.000000000000000000e+00
2.012337600000000000e+07,2.184100036621093750e+02,5.236919021606445312e+01,4.866630077362060547e+00,2.010000000000000000e+03,0.000000000000000000e+00
2.014205800000000000e+07,1.541699981689453125e+02,5.236455917358398438e+01,4.941539764404296875e+00,3.204000000000000000e+03,0.000000000000000000e+00
2.016272800000000000e+07,1.600099945068359375e+02,5.234191131591796875e+01,4.894839763641357422e+00,3.335000000000000000e+03,0.000000000000000000e+00
2.016411200000000000e+07,1.746100006103515625e+02,5.237612915039062500e+01,4.876969814300537109e+00,1.368000000000000000e+03,0.000000000000000000e+00
2.017847800000000000e+07,1.347100067138671875e+02,5.237194061279296875e+01,4.886680126190185547e+00,6.260000000000000000e+02,0.000000000000000000e+00
2.018355600000000000e+07,1.210800018310546875e+02,5.236444091796875000e+01,4.935410022735595703e+00,2.808000000000000000e+03,0.000000000000000000e+00
2.018648000000000000e+07,1.259499969482421875e+02,5.236864852905273438e+01,4.868279933929443359e+00,1.910000000000000000e+03,0.000000000000000000e+00
2.019096000000000000e+07,2.592900085449218750e+02,5.239025878906250000e+01,4.888995170593261719e+00,2.095000000000000000e+03,0.000000000000000000e+00
2.019791000000000000e+07,1.405500030517578125e+02,5.236893081665039062e+01,4.897290229797363281e+00,3.430000000000000000e+02,0.000000000000000000e+00
2.022638000000000000e+07,3.858299865722656250e+02,5.236751174926757812e+01,4.859889984130859375e+00,2.493000000000000000e+03,0.000000000000000000e+00
2.022664600000000000e+07,1.892100067138671875e+02,5.236985015869140625e+01,4.878880023956298828e+00,1.178000000000000000e+03,0.000000000000000000e+00
2.023885400000000000e+07,2.154900054931640625e+02,5.241324234008789062e+01,4.892047882080078125e+00,4.605000000000000000e+03,0.000000000000000000e+00
2.025934400000000000e+07,8.993000030517578125e+01,5.236708831787109375e+01,4.865749835968017578e+00,2.116000000000000000e+03,0.000000000000000000e+00
2.032587200000000000e+07,1.395700073242187500e+02,5.235657119750976562e+01,4.996890068054199219e+00,7.066000000000000000e+03,0.000000000000000000e+00
2.035170000000000000e+07,2.865499877929687500e+02,5.237081909179687500e+01,4.948450088500976562e+00,3.570000000000000000e+03,0.000000000000000000e+00
2.035704400000000000e+07,2.232799987792968750e+02,5.237820053100585938e+01,4.861249923706054688e+00,2.454000000000000000e+03,0.000000000000000000e+00
2.038997200000000000e+07,1.113499984741210938e+02,5.237229919433593750e+01,4.898509979248046875e+00,1.830000000000000000e+02,0.000000000000000000e+00
2.042221400000000000e+07,1.989499969482421875e+02,5.238391113281250000e+01,4.879710197448730469e+00,1.730000000000000000e+03,0.000000000000000000e+00
2.043089600000000000e+07,8.701000213623046875e+01,5.237797927856445312e+01,4.942989826202392578e+00,3.267000000000000000e+03,0.000000000000000000e+00
2.043344400000000000e+07,3.936099853515625000e+02,5.237195968627929688e+01,4.847750186920166016e+00,3.269000000000000000e+03,0.000000000000000000e+00
2.043347200000000000e+07,1.308099975585937500e+02,5.237223052978515625e+01,4.895339965820312500e+00,5.300000000000000000e+01,0.000000000000000000e+00
2.044784000000000000e+07,1.931100006103515625e+02,5.237033843994140625e+01,4.906879901885986328e+00,7.650000000000000000e+02,0.000000000000000000e+00
2.045162000000000000e+07,2.573500061035156250e+02,5.235686874389648438e+01,4.933609962463378906e+00,3.058000000000000000e+03,0.000000000000000000e+00
2.046546000000000000e+07,2.271699981689453125e+02,5.241859054565429688e+01,4.871429920196533203e+00,5.451000000000000000e+03,0.000000000000000000e+00
2.048882800000000000e+07,1.132900009155273438e+02,5.236383056640625000e+01,4.856540203094482422e+00,2.819000000000000000e+03,0.000000000000000000e+00
2.049869400000000000e+07,1.016100006103515625e+02,5.236214065551757812e+01,4.876180171966552734e+00,1.723000000000000000e+03,0.000000000000000000e+00
2.049923000000000000e+07,1.502799987792968750e+02,5.240048980712890625e+01,4.904310226440429688e+00,3.230000000000000000e+03,0.000000000000000000e+00
2.051676800000000000e+07,6.755000305175781250e+01,5.235446929931640625e+01,4.894790172576904297e+00,1.940000000000000000e+03,0.000000000000000000e+00
2.053019800000000000e+07,1.006399993896484375e+02,5.234812164306640625e+01,4.848909854888916016e+00,4.144000000000000000e+03,0.000000000000000000e+00
2.054916000000000000e+07,2.223099975585937500e+02,5.241947174072265625e+01,4.871359825134277344e+00,5.546000000000000000e+03,0.000000000000000000e+00
2.056341200000000000e+07,1.590399932861328125e+02,5.238164138793945312e+01,4.867499828338623047e+00,2.211000000000000000e+03,0.000000000000000000e+00
2.059697400000000000e+07,9.675000000000000000e+01,5.239852142333984375e+01,4.916510105133056641e+00,3.274000000000000000e+03,0.000000000000000000e+00
2.061834400000000000e+07,1.327599945068359375e+02,5.238500976562500000e+01,4.866419792175292969e+00,2.476000000000000000e+03,0.000000000000000000e+00
2.062160400000000000e+07,1.746100006103515625e+02,5.237490081787109375e+01,4.905429840087890625e+00,7.280000000000000000e+02,0.000000000000000000e+00
2.064416200000000000e+07,3.449500122070312500e+02,5.236378097534179688e+01,4.866000175476074219e+00,2.222000000000000000e+03,0.000000000000000000e+00
2.066994600000000000e+07,2.476100006103515625e+02,5.237749862670898438e+01,4.887710094451904297e+00,8.350000000000000000e+02,0.000000000000000000e+00
2.067243800000000000e+07,1.775299987792968750e+02,5.237596130371093750e+01,4.895410060882568359e+00,4.530000000000000000e+02,0.000000000000000000e+00
2.068503200000000000e+07,6.365000152587890625e+01,5.236664962768554688e+01,4.807199954986572266e+00,6.050000000000000000e+03,0.000000000000000000e+00
2.068922200000000000e+07,1.629299926757812500e+02,5.238558959960937500e+01,4.855110168457031250e+00,3.160000000000000000e+03,0.000000000000000000e+00
2.069233600000000000e+07,1.502799987792968750e+02,5.239572906494140625e+01,4.942770004272460938e+00,4.140000000000000000e+03,0.000000000000000000e+00
2.070183800000000000e+07,4.860799865722656250e+02,5.238000869750976562e+01,4.888790130615234375e+00,1.023000000000000000e+03,0.000000000000000000e+00
2.070784800000000000e+07,1.794799957275390625e+02,5.236146926879882812e+01,4.891890048980712891e+00,1.191000000000000000e+03,0.000000000000000000e+00
2.070862000000000000e+07,7.727999877929687500e+01,5.235227966308593750e+01,4.920390129089355469e+00,2.743000000000000000e+03,0.000000000000000000e+00
2.073596200000000000e+07,1.746100006103515625e+02,5.237601852416992188e+01,4.885399818420410156e+00,8.470000000000000000e+02,0.000000000000000000e+00
2.073626000000000000e+07,3.449500122070312500e+02,5.237567138671875000e+01,4.887549877166748047e+00,7.050000000000000000e+02,0.000000000000000000e+00
2.074352000000000000e+07,1.746100006103515625e+02,5.237788009643554688e+01,4.891210079193115234e+00,7.370000000000000000e+02,0.000000000000000000e+00
2.075698800000000000e+07,2.281499938964843750e+02,5.241843032836914062e+01,4.871729850769042969e+00,5.428000000000000000e+03,0.000000000000000000e+00
2.075712400000000000e+07,8.701000213623046875e+01,5.237591934204101562e+01,4.858550071716308594e+00,2.575000000000000000e+03,0.000000000000000000e+00
2.077484800000000000e+07,1.755899963378906250e+02,5.237815093994140625e+01,4.896949768066406250e+00,6.990000000000000000e+02,0.000000000000000000e+00
2.079194800000000000e+07,1.386000061035156250e+02,5.237203979492187500e+01,4.896289825439453125e+00,3.100000000000000000e+01,0.000000000000000000e+00
2.079297600000000000e+07,7.630999755859375000e+01,5.229132080078125000e+01,4.968289852142333984e+00,1.022100000000000000e+04,0.000000000000000000e+00
2.079322000000000000e+07,8.506999969482421875e+01,5.229307174682617188e+01,4.968510150909423828e+00,1.005800000000000000e+04,0.000000000000000000e+00
2.080817600000000000e+07,2.962799987792968750e+02,5.235725021362304688e+01,4.894249916076660156e+00,1.633000000000000000e+03,0.000000000000000000e+00
2.081613600000000000e+07,2.028399963378906250e+02,5.237255096435546875e+01,4.880390167236328125e+00,1.055000000000000000e+03,0.000000000000000000e+00
2.082698600000000000e+07,3.206099853515625000e+02,5.235490036010742188e+01,4.879370212554931641e+00,2.198000000000000000e+03,0.000000000000000000e+00
2.083824800000000000e+07,1.045299987792968750e+02,5.235919952392578125e+01,4.859990119934082031e+00,2.818000000000000000e+03,0.000000000000000000e+00
2.084017600000000000e+07,7.800200195312500000e+02,5.235498046875000000e+01,5.006020069122314453e+00,7.710000000000000000e+03,0.000000000000000000e+00
2.085762200000000000e+07,1.084300003051757812e+02,5.235358047485351562e+01,4.930970191955566406e+00,3.134000000000000000e+03,0.000000000000000000e+00
2.085947400000000000e+07,1.113499984741210938e+02,5.237894058227539062e+01,4.870890140533447266e+00,1.870000000000000000e+03,0.000000000000000000e+00
2.090795200000000000e+07,3.400799865722656250e+02,5.235670089721679688e+01,4.888790130615234375e+00,1.758000000000000000e+03,0.000000000000000000e+00
2.091303200000000000e+07,9.772000122070312500e+01,5.237425994873046875e+01,4.899260044097900391e+00,3.480000000000000000e+02,0.000000000000000000e+00
2.092228000000000000e+07,1.989499969482421875e+02,5.235593032836914062e+01,4.898570060729980469e+00,1.785000000000000000e+03,0.000000000000000000e+00
2.094515200000000000e+07,1.113499984741210938e+02,5.236368942260742188e+01,4.932720184326171875e+00,2.661000000000000000e+03,0.000000000000000000e+00
2.095410200000000000e+07,1.493099975585937500e+02,5.237646865844726562e+01,4.846389770507812500e+00,3.399000000000000000e+03,0.000000000000000000e+00
2.096704600000000000e+07,1.629299926757812500e+02,5.236336898803710938e+01,4.874839782714843750e+00,1.716000000000000000e+03,0.000000000000000000e+00
2.097500400000000000e+07,2.261999969482421875e+02,5.235192108154296875e+01,4.856890201568603516e+00,3.457000000000000000e+03,0.000000000000000000e+00
2.098133200000000000e+07,2.232799987792968750e+02,5.236808013916015625e+01,4.873229980468750000e+00,1.597000000000000000e+03,0.000000000000000000e+00
2.098724000000000000e+07,3.206099853515625000e+02,5.234611129760742188e+01,4.892660140991210938e+00,2.876000000000000000e+03,0.000000000000000000e+00
2.100119600000000000e+07,2.135500030517578125e+02,5.237308883666992188e+01,4.877419948577880859e+00,1.262000000000000000e+03,0.000000000000000000e+00
2.100258000000000000e+07,2.223099975585937500e+02,5.241859054565429688e+01,4.871429920196533203e+00,5.451000000000000000e+03,0.000000000000000000e+00
2.100512400000000000e+07,6.992399902343750000e+02,5.238333129882812500e+01,4.906839847564697266e+00,1.472000000000000000e+03,0.000000000000000000e+00
2.100564800000000000e+07,2.476100006103515625e+02,5.235123825073242188e+01,4.912280082702636719e+00,2.552000000000000000e+03,0.000000000000000000e+00
2.100593400000000000e+07,1.648800048828125000e+02,5.235300064086914062e+01,4.900269985198974609e+00,2.122000000000000000e+03,0.000000000000000000e+00
2.100956400000000000e+07,1.405500030517578125e+02,5.236777877807617188e+01,4.899419784545898438e+00,5.170000000000000000e+02,0.000000000000000000e+00
2.101933600000000000e+07,1.463899993896484375e+02,5.237446975708007812e+01,4.892039775848388672e+00,3.880000000000000000e+02,0.000000000000000000e+00
2.102450800000000000e+07,7.144000244140625000e+01,5.232538986206054688e+01,4.946569919586181641e+00,6.212000000000000000e+03,0.000000000000000000e+00
2.104840000000000000e+07,1.502799987792968750e+02,5.236330032348632812e+01,4.866779804229736328e+00,2.196000000000000000e+03,0.000000000000000000e+00
2.105076200000000000e+07,1.259499969482421875e+02,5.237615966796875000e+01,4.873770236968994141e+00,1.575000000000000000e+03,0.000000000000000000e+00
2.107037200000000000e+07,3.283999938964843750e+02,5.237601852416992188e+01,4.838980197906494141e+00,3.891000000000000000e+03,0.000000000000000000e+00
2.107043200000000000e+07,3.347999954223632812e+01,5.230926132202148438e+01,4.971509933471679688e+00,8.654000000000000000e+03,0.000000000000000000e+00
2.107354200000000000e+07,1.979700012207031250e+02,5.239339828491210938e+01,4.907310009002685547e+00,2.513000000000000000e+03,0.000000000000000000e+00
2.107815600000000000e+07,8.701000213623046875e+01,5.236294937133789062e+01,4.862130165100097656e+00,2.499000000000000000e+03,0.000000000000000000e+00
2.108428800000000000e+07,2.466399993896484375e+02,5.235684967041015625e+01,4.930830001831054688e+00,2.903000000000000000e+03,0.000000000000000000e+00
2.109337400000000000e+07,3.410499877929687500e+02,5.239205169677734375e+01,4.905370235443115234e+00,2.331000000000000000e+03,0.000000000000000000e+00
2.110309200000000000e+07,1.064800033569335938e+02,5.240424346923828125e+01,4.901982784271240234e+00,3.620000000000000000e+03,0.000000000000000000e+00
2.110317200000000000e+07,1.901900024414062500e+02,5.235078811645507812e+01,4.902780055999755859e+00,2.393000000000000000e+03,0.000000000000000000e+00
2.110806200000000000e+07,1.600099945068359375e+02,5.238097000122070312e+01,4.855259895324707031e+00,2.937000000000000000e+03,0.000000000000000000e+00
2.111445200000000000e+07,8.116999816894531250e+01,5.237884140014648438e+01,4.854100227355957031e+00,2.941000000000000000e+03,0.000000000000000000e+00
2.111878600000000000e+07,1.016100006103515625e+02,5.235459136962890625e+01,4.870389938354492188e+00,2.589000000000000000e+03,0.000000000000000000e+00
2.113384000000000000e+07,1.892100067138671875e+02,5.237400054931640625e+01,4.861989974975585938e+00,2.314000000000000000e+03,0.000000000000000000e+00
2.114275800000000000e+07,1.259499969482421875e+02,5.235411071777343750e+01,4.850540161132812500e+00,3.660000000000000000e+03,0.000000000000000000e+00
2.114788600000000000e+07,1.794799957275390625e+02,5.240695953369140625e+01,4.930910110473632812e+00,4.565000000000000000e+03,0.000000000000000000e+00
2.118004600000000000e+07,7.436000061035156250e+01,5.236540985107421875e+01,4.882480144500732422e+00,1.162000000000000000e+03,0.000000000000000000e+00
2.118456800000000000e+07,1.502799987792968750e+02,5.236063003540039062e+01,4.946109771728515625e+00,3.632000000000000000e+03,0.000000000000000000e+00
2.118718200000000000e+07,1.989499969482421875e+02,5.238245010375976562e+01,4.829090118408203125e+00,4.684000000000000000e+03,0.000000000000000000e+00
2.119824000000000000e+07,6.755000305175781250e+01,5.236714172363281250e+01,4.876049995422363281e+00,1.448000000000000000e+03,0.000000000000000000e+00
2.120813200000000000e+07,2.047899932861328125e+02,5.235858154296875000e+01,4.894869804382324219e+00,1.482000000000000000e+03,0.000000000000000000e+00
2.121198000000000000e+07,1.531999969482421875e+02,5.235688018798828125e+01,4.898849964141845703e+00,1.682000000000000000e+03,0.000000000000000000e+00
2.121564000000000000e+07,3.069899902343750000e+02,5.237362670898437500e+01,4.872983932495117188e+00,1.568000000000000000e+03,0.000000000000000000e+00
2.121655600000000000e+07,2.232799987792968750e+02,5.234603881835937500e+01,4.929920196533203125e+00,3.689000000000000000e+03,0.000000000000000000e+00
2.122633400000000000e+07,7.673699951171875000e+02,5.237601089477539062e+01,4.891439914703369141e+00,5.480000000000000000e+02,0.000000000000000000e+00
2.123697600000000000e+07,3.955599975585937500e+02,5.237446975708007812e+01,4.904600143432617188e+00,6.560000000000000000e+02,0.000000000000000000e+00
2.124796400000000000e+07,1.454100036621093750e+02,5.238307189941406250e+01,4.849679946899414062e+00,3.374000000000000000e+03,0.000000000000000000e+00
2.125892000000000000e+07,1.298399963378906250e+02,5.237862014770507812e+01,4.884819984436035156e+00,1.060000000000000000e+03,0.000000000000000000e+00
2.126163000000000000e+07,1.600099945068359375e+02,5.241680908203125000e+01,4.884109973907470703e+00,5.057000000000000000e+03,0.000000000000000000e+00
2.126436800000000000e+07,2.476100006103515625e+02,5.236174011230468750e+01,4.864830017089843750e+00,2.393000000000000000e+03,0.000000000000000000e+00
2.127787600000000000e+07,1.249700012207031250e+02,5.237096023559570312e+01,4.920010089874267578e+00,1.640000000000000000e+03,0.000000000000000000e+00
2.128749600000000000e+07,9.187999725341796875e+01,5.235029983520507812e+01,4.836090087890625000e+00,4.718000000000000000e+03,0.000000000000000000e+00
2.128893000000000000e+07,2.476100006103515625e+02,5.234127044677734375e+01,4.846489906311035156e+00,4.781000000000000000e+03,0.000000000000000000e+00
2.129435800000000000e+07,1.483300018310546875e+02,5.236423110961914062e+01,4.938149929046630859e+00,2.993000000000000000e+03,0.000000000000000000e+00
2.130181600000000000e+07,7.342800292968750000e+02,5.235150146484375000e+01,4.998300075531005859e+00,7.314000000000000000e+03,0.000000000000000000e+00
2.131577400000000000e+07,1.600099945068359375e+02,5.235696029663085938e+01,4.887800216674804688e+00,1.750000000000000000e+03,0.000000000000000000e+00
2.131796800000000000e+07,2.563699951171875000e+02,5.236238098144531250e+01,4.855169773101806641e+00,2.961000000000000000e+03,0.000000000000000000e+00
2.132437200000000000e+07,1.308099975585937500e+02,5.236336898803710938e+01,4.856369972229003906e+00,2.847000000000000000e+03,0.000000000000000000e+00
2.132705400000000000e+07,6.462999725341796875e+01,5.236631011962890625e+01,4.857520103454589844e+00,2.679000000000000000e+03,0.000000000000000000e+00
2.133137400000000000e+07,2.729200134277343750e+02,5.235480117797851562e+01,5.001259803771972656e+00,7.402000000000000000e+03,0.000000000000000000e+00
2.134313200000000000e+07,1.746100006103515625e+02,5.234856033325195312e+01,4.910220146179199219e+00,2.771000000000000000e+03,0.000000000000000000e+00
2.134571600000000000e+07,1.502799987792968750e+02,5.236777114868164062e+01,4.842219829559326172e+00,3.673000000000000000e+03,0.000000000000000000e+00
2.135377400000000000e+07,2.223099975585937500e+02,5.241947174072265625e+01,4.871359825134277344e+00,5.546000000000000000e+03,0.000000000000000000e+00
2.136376800000000000e+07,3.157500000000000000e+02,5.234997177124023438e+01,4.887269973754882812e+00,2.508000000000000000e+03,0.000000000000000000e+00
2.136414800000000000e+07,9.187999725341796875e+01,5.235419845581054688e+01,4.994269847869873047e+00,6.963000000000000000e+03,0.000000000000000000e+00
2.136498400000000000e+07,1.016100006103515625e+02,5.238240814208984375e+01,4.871829986572265625e+00,2.009000000000000000e+03,0.000000000000000000e+00
2.137480000000000000e+07,1.502799987792968750e+02,5.235305023193359375e+01,4.901070117950439453e+00,2.125000000000000000e+03,0.000000000000000000e+00
2.137819600000000000e+07,9.091000366210937500e+01,5.236743164062500000e+01,4.884009838104248047e+00,9.480000000000000000e+02,0.000000000000000000e+00
2.139028000000000000e+07,1.746100006103515625e+02,5.237710952758789062e+01,4.884699821472167969e+00,9.560000000000000000e+02,0.000000000000000000e+00
2.140556000000000000e+07,1.162099990844726562e+02,5.234136962890625000e+01,4.916950225830078125e+00,3.683000000000000000e+03,0.000000000000000000e+00
2.142185600000000000e+07,9.576999664306640625e+01,5.235306930541992188e+01,4.891530036926269531e+00,2.115000000000000000e+03,0.000000000000000000e+00
2.143051200000000000e+07,1.016100006103515625e+02,5.236766815185546875e+01,4.867740154266357422e+00,1.969000000000000000e+03,0.000000000000000000e+00
2.145806400000000000e+07,1.746100006103515625e+02,5.236801910400390625e+01,4.886030197143554688e+00,7.970000000000000000e+02,0.000000000000000000e+00
2.148640200000000000e+07,9.772000122070312500e+01,5.235874176025390625e+01,4.860159873962402344e+00,2.834000000000000000e+03,0.000000000000000000e+00
2.151139400000000000e+07,8.408999633789062500e+01,5.235158157348632812e+01,4.920360088348388672e+00,2.804000000000000000e+03,0.000000000000000000e+00
2.152924400000000000e+07,1.512500000000000000e+02,5.238100051879882812e+01,4.886769771575927734e+00,1.187000000000000000e+03,0.000000000000000000e+00
2.154046400000000000e+07,1.502799987792968750e+02,5.235380935668945312e+01,4.895329952239990234e+00,2.012000000000000000e+03,0.000000000000000000e+00
2.154241200000000000e+07,1.327599945068359375e+02,5.237966918945312500e+01,4.893070220947265625e+00,8.850000000000000000e+02,0.000000000000000000e+00
2.154662800000000000e+07,6.126099853515625000e+02,5.238534927368164062e+01,4.907639980316162109e+00,1.695000000000000000e+03,0.000000000000000000e+00
2.154719200000000000e+07,4.179500122070312500e+02,5.235456848144531250e+01,4.869589805603027344e+00,2.628000000000000000e+03,0.000000000000000000e+00
2.155668800000000000e+07,3.692799987792968750e+02,5.238217163085937500e+01,4.907750129699707031e+00,1.397000000000000000e+03,0.000000000000000000e+00
2.155811400000000000e+07,6.170999908447265625e+01,5.235091018676757812e+01,4.848670005798339844e+00,3.966000000000000000e+03,0.000000000000000000e+00
2.157462000000000000e+07,1.016100006103515625e+02,5.236005020141601562e+01,4.983349800109863281e+00,6.082000000000000000e+03,0.000000000000000000e+00
2.157833800000000000e+07,1.493099975585937500e+02,5.239479827880859375e+01,4.916540145874023438e+00,2.906000000000000000e+03,0.000000000000000000e+00
2.159364200000000000e+07,9.091000366210937500e+01,5.237461090087890625e+01,4.878190040588378906e+00,1.239000000000000000e+03,0.000000000000000000e+00
2.161900800000000000e+07,1.006399993896484375e+02,5.235704040527343750e+01,4.938720226287841797e+00,3.344000000000000000e+03,0.000000000000000000e+00
2.163310000000000000e+07,1.084300003051757812e+02,5.236162185668945312e+01,4.865439891815185547e+00,2.363000000000000000e+03,0.000000000000000000e+00
2.164066400000000000e+07,4.515999984741210938e+01,5.235557937622070312e+01,4.833230018615722656e+00,4.626000000000000000e+03,0.000000000000000000e+00
2.165314400000000000e+07,2.281499938964843750e+02,5.234859085083007812e+01,4.902649879455566406e+00,2.632000000000000000e+03,0.000000000000000000e+00
2.165321600000000000e+07,1.989499969482421875e+02,5.236883926391601562e+01,4.867390155792236328e+00,1.965000000000000000e+03,0.000000000000000000e+00
2.166286800000000000e+07,2.232799987792968750e+02,5.236981964111328125e+01,4.849999904632568359e+00,3.125000000000000000e+03,0.000000000000000000e+00
2.168674400000000000e+07,1.405500030517578125e+02,5.235549163818359375e+01,4.888810157775878906e+00,1.887000000000000000e+03,0.000000000000000000e+00
2.168762400000000000e+07,3.215899963378906250e+02,5.237195968627929688e+01,4.904039859771728516e+00,5.530000000000000000e+02,0.000000000000000000e+00
2.170378000000000000e+07,4.909500122070312500e+02,5.235258865356445312e+01,4.908699989318847656e+00,2.316000000000000000e+03,0.000000000000000000e+00
2.171864600000000000e+07,1.366499938964843750e+02,5.235594940185546875e+01,4.925260066986083984e+00,2.668000000000000000e+03,0.000000000000000000e+00
2.173164400000000000e+07,1.278899993896484375e+02,5.236970901489257812e+01,4.849190235137939453e+00,3.180000000000000000e+03,0.000000000000000000e+00
2.173580800000000000e+07,6.656999969482421875e+01,5.233983993530273438e+01,4.921229839324951172e+00,3.958000000000000000e+03,0.000000000000000000e+00
2.174600000000000000e+07,9.187999725341796875e+01,5.236825180053710938e+01,4.874110221862792969e+00,1.534000000000000000e+03,0.000000000000000000e+00
2.174652800000000000e+07,2.476100006103515625e+02,5.237425994873046875e+01,4.860320091247558594e+00,2.430000000000000000e+03,0.000000000000000000e+00
2.174708800000000000e+07,1.736399993896484375e+02,5.237561035156250000e+01,4.893859863281250000e+00,4.350000000000000000e+02,0.000000000000000000e+00
2.174751000000000000e+07,5.298800048828125000e+02,5.237015151977539062e+01,4.913690090179443359e+00,1.223000000000000000e+03,0.000000000000000000e+00
2.176130800000000000e+07,3.430000000000000000e+02,5.238756942749023438e+01,4.881639957427978516e+00,1.993000000000000000e+03,0.000000000000000000e+00
2.177827000000000000e+07,1.113499984741210938e+02,5.236436843872070312e+01,4.941050052642822266e+00,3.178000000000000000e+03,0.000000000000000000e+00
2.177941600000000000e+07,1.648800048828125000e+02,5.236029052734375000e+01,4.925079822540283203e+00,2.365000000000000000e+03,0.000000000000000000e+00
2.178368600000000000e+07,2.972500000000000000e+02,5.237749099731445312e+01,4.891039848327636719e+00,7.040000000000000000e+02,0.000000000000000000e+00
2.178375600000000000e+07,1.989499969482421875e+02,5.234947967529296875e+01,4.879109859466552734e+00,2.741000000000000000e+03,0.000000000000000000e+00
2.179070000000000000e+07,1.940800018310546875e+02,5.237677001953125000e+01,4.875599861145019531e+00,1.481000000000000000e+03,0.000000000000000000e+00
2.179256000000000000e+07,2.914100036621093750e+02,5.238153076171875000e+01,4.876910209655761719e+00,1.676000000000000000e+03,0.000000000000000000e+00
2.179624800000000000e+07,3.838800048828125000e+02,5.237236022949218750e+01,4.878630161285400391e+00,1.174000000000000000e+03,0.000000000000000000e+00
2.180092000000000000e+07,1.064800033569335938e+02,5.233211135864257812e+01,4.901390075683593750e+00,4.440000000000000000e+03,0.000000000000000000e+00
2.180128200000000000e+07,2.378800048828125000e+02,5.234238815307617188e+01,4.907839775085449219e+00,3.380000000000000000e+03,0.000000000000000000e+00
2.181073000000000000e+07,1.892100067138671875e+02,5.236254882812500000e+01,4.892630100250244141e+00,1.063000000000000000e+03,0.000000000000000000e+00
2.181530000000000000e+07,1.103700027465820312e+02,5.233309173583984375e+01,4.870470046997070312e+00,4.648000000000000000e+03,0.000000000000000000e+00
2.182248800000000000e+07,1.746100006103515625e+02,5.236946105957031250e+01,4.864409923553466797e+00,2.155000000000000000e+03,0.000000000000000000e+00
2.182580000000000000e+07,8.701000213623046875e+01,5.241785812377929688e+01,4.886030197143554688e+00,5.154000000000000000e+03,0.000000000000000000e+00
2.184371600000000000e+07,1.016100006103515625e+02,5.234291839599609375e+01,4.806429862976074219e+00,6.878000000000000000e+03,0.000000000000000000e+00
2.185960600000000000e+07,1.882400054931640625e+02,5.237273025512695312e+01,4.892940044403076172e+00,2.210000000000000000e+02,0.000000000000000000e+00
2.189049200000000000e+07,1.016100006103515625e+02,5.235705184936523438e+01,4.994349956512451172e+00,6.886000000000000000e+03,0.000000000000000000e+00
2.190530000000000000e+07,1.502799987792968750e+02,5.234254837036132812e+01,4.866280078887939453e+00,3.834000000000000000e+03,0.000000000000000000e+00
2.190727400000000000e+07,1.025899963378906250e+02,5.237792968750000000e+01,4.881010055541992188e+00,1.213000000000000000e+03,0.000000000000000000e+00
2.193045800000000000e+07,1.989499969482421875e+02,5.237857818603515625e+01,4.882520198822021484e+00,1.173000000000000000e+03,0.000000000000000000e+00
2.193113200000000000e+07,3.926400146484375000e+02,5.236003875732421875e+01,4.851540088653564453e+00,3.288000000000000000e+03,0.000000000000000000e+00
2.193166000000000000e+07,9.675000000000000000e+01,5.238951110839843750e+01,4.879119873046875000e+00,2.266000000000000000e+03,0.000000000000000000e+00
2.194308000000000000e+07,1.716900024414062500e+02,5.236640930175781250e+01,4.874929904937744141e+00,1.549000000000000000e+03,0.000000000000000000e+00
2.195461600000000000e+07,1.989499969482421875e+02,5.238145828247070312e+01,4.875470161437988281e+00,1.747000000000000000e+03,0.000000000000000000e+00
2.196456000000000000e+07,4.666099853515625000e+02,5.236460876464843750e+01,4.858759880065917969e+00,2.649000000000000000e+03,0.000000000000000000e+00
2.196460800000000000e+07,8.701000213623046875e+01,5.230688095092773438e+01,4.982999801635742188e+00,9.343000000000000000e+03,0.000000000000000000e+00
2.197679600000000000e+07,1.016100006103515625e+02,5.236256027221679688e+01,4.908189773559570312e+00,1.332000000000000000e+03,0.000000000000000000e+00
2.197798200000000000e+07,1.746100006103515625e+02,5.236642837524414062e+01,4.874650001525878906e+00,1.566000000000000000e+03,0.000000000000000000e+00
2.197896800000000000e+07,5.781000137329101562e+01,5.237786865234375000e+01,4.851250171661376953e+00,3.103000000000000000e+03,0.000000000000000000e+00
2.197956800000000000e+07,6.365000152587890625e+01,5.237836837768554688e+01,4.851570129394531250e+00,3.094000000000000000e+03,0.000000000000000000e+00
2.198025800000000000e+07,2.953099975585937500e+02,5.235758972167968750e+01,4.873690128326416016e+00,2.192000000000000000e+03,0.000000000000000000e+00
2.198996800000000000e+07,1.746100006103515625e+02,5.237745285034179688e+01,4.890100002288818359e+00,7.320000000000000000e+02,0.000000000000000000e+00
2.199414800000000000e+07,1.230299987792968750e+02,5.236462020874023438e+01,4.937059879302978516e+00,2.909000000000000000e+03,0.000000000000000000e+00
2.201420000000000000e+07,1.989499969482421875e+02,5.234677886962890625e+01,4.862510204315185547e+00,3.598000000000000000e+03,0.000000000000000000e+00
2.202893000000000000e+07,9.576999664306640625e+01,5.235224914550781250e+01,4.801310062408447266e+00,6.784000000000000000e+03,0.000000000000000000e+00
2.203231600000000000e+07,1.989499969482421875e+02,5.237049865722656250e+01,4.912940025329589844e+00,1.167000000000000000e+03,0.000000000000000000e+00
2.204189600000000000e+07,1.064800033569335938e+02,5.238795089721679688e+01,4.921559810638427734e+00,2.494000000000000000e+03,0.000000000000000000e+00
2.205547800000000000e+07,1.025899963378906250e+02,5.236143875122070312e+01,4.866869926452636719e+00,2.289000000000000000e+03,0.000000000000000000e+00
2.205673200000000000e+07,1.308099975585937500e+02,5.235715103149414062e+01,4.860320091247558594e+00,2.920000000000000000e+03,0.000000000000000000e+00
2.206226800000000000e+07,2.476100006103515625e+02,5.238452911376953125e+01,4.870979785919189453e+00,2.199000000000000000e+03,0.000000000000000000e+00
2.207247600000000000e+07,1.600099945068359375e+02,5.238768005371093750e+01,4.880209922790527344e+00,2.053000000000000000e+03,0.000000000000000000e+00
2.208116400000000000e+07,9.187999725341796875e+01,5.236104965209960938e+01,4.926579952239990234e+00,2.407000000000000000e+03,0.000000000000000000e+00
2.209365800000000000e+07,9.284999847412109375e+01,5.237228775024414062e+01,4.944102287292480469e+00,3.273000000000000000e+03,0.000000000000000000e+00
2.209406800000000000e+07,5.396099853515625000e+02,5.235570144653320312e+01,4.889534950256347656e+00,1.852000000000000000e+03,0.000000000000000000e+00
2.209767400000000000e+07,6.755000305175781250e+01,5.237839126586914062e+01,4.851459980010986328e+00,3.102000000000000000e+03,0.000000000000000000e+00
2.210328800000000000e+07,1.259499969482421875e+02,5.239682006835937500e+01,4.903800010681152344e+00,2.823000000000000000e+03,0.000000000000000000e+00
2.211192000000000000e+07,1.454100036621093750e+02,5.241587066650390625e+01,4.907670021057128906e+00,4.954000000000000000e+03,0.000000000000000000e+00
2.212057600000000000e+07,1.201100006103515625e+02,5.239360046386718750e+01,4.940330028533935547e+00,3.862000000000000000e+03,0.000000000000000000e+00
2.214852000000000000e+07,1.590399932861328125e+02,5.236917114257812500e+01,4.921440124511718750e+00,1.760000000000000000e+03,0.000000000000000000e+00
2.215472000000000000e+07,1.171900024414062500e+02,5.237340927124023438e+01,4.848889827728271484e+00,3.196000000000000000e+03,0.000000000000000000e+00
2.216884800000000000e+07,1.843500061035156250e+02,5.236043930053710938e+01,4.896299839019775391e+00,1.275000000000000000e+03,0.000000000000000000e+00
2.218795200000000000e+07,2.203600006103515625e+02,5.238169097900390625e+01,4.890230178833007812e+00,1.155000000000000000e+03,0.000000000000000000e+00
2.218843600000000000e+07,1.016100006103515625e+02,5.236188125610351562e+01,4.928490161895751953e+00,2.477000000000000000e+03,0.000000000000000000e+00
2.218851200000000000e+07,3.352099914550781250e+02,5.234178161621093750e+01,4.902410030364990234e+00,3.378000000000000000e+03,0.000000000000000000e+00
2.219820800000000000e+07,1.989499969482421875e+02,5.235826873779296875e+01,5.000040054321289062e+00,7.232000000000000000e+03,0.000000000000000000e+00
2.221680000000000000e+07,2.962799987792968750e+02,5.236040115356445312e+01,4.899209976196289062e+00,1.298000000000000000e+03,0.000000000000000000e+00
2.226369200000000000e+07,2.476100006103515625e+02,5.235522842407226562e+01,4.901989936828613281e+00,1.899000000000000000e+03,0.000000000000000000e+00
2.228514000000000000e+07,1.006399993896484375e+02,5.232727050781250000e+01,4.946619987487792969e+00,6.041000000000000000e+03,0.000000000000000000e+00
2.228947200000000000e+07,1.405500030517578125e+02,5.236117172241210938e+01,4.856999874114990234e+00,2.898000000000000000e+03,0.000000000000000000e+00
2.229711200000000000e+07,7.338999938964843750e+01,5.240147018432617188e+01,4.918970108032226562e+00,3.642000000000000000e+03,0.000000000000000000e+00
2.229902400000000000e+07,1.570899963378906250e+02,5.236286163330078125e+01,4.905759811401367188e+00,1.207000000000000000e+03,0.000000000000000000e+00
2.230067200000000000e+07,8.019999694824218750e+01,5.237617874145507812e+01,4.884699821472167969e+00,8.970000000000000000e+02,0.000000000000000000e+00
2.230354800000000000e+07,1.181600036621093750e+02,5.236400985717773438e+01,4.869180202484130859e+00,2.015000000000000000e+03,0.000000000000000000e+00
2.230519600000000000e+07,1.707200012207031250e+02,5.237181854248046875e+01,4.943250179290771484e+00,3.215000000000000000e+03,0.000000000000000000e+00
2.231273200000000000e+07,1.629299926757812500e+02,5.234828186035156250e+01,4.912169933319091797e+00,2.849000000000000000e+03,0.000000000000000000e+00
2.233260200000000000e+07,1.327599945068359375e+02,5.235131835937500000e+01,4.911300182342529297e+00,2.516000000000000000e+03,0.000000000000000000e+00
2.234020200000000000e+07,2.310700073242187500e+02,5.236375045776367188e+01,4.894209861755371094e+00,9.130000000000000000e+02,0.000000000000000000e+00
2.234701200000000000e+07,2.077100067138671875e+02,5.237625885009765625e+01,4.886549949645996094e+00,7.990000000000000000e+02,0.000000000000000000e+00
2.235550800000000000e+07,9.675000000000000000e+01,5.230410003662109375e+01,5.016670227050781250e+00,1.114300000000000000e+04,0.000000000000000000e+00
2.236785200000000000e+07,1.152399978637695312e+02,5.237189102172851562e+01,4.877349853515625000e+00,1.259000000000000000e+03,0.000000000000000000e+00
2.238309800000000000e+07,1.210800018310546875e+02,5.237596893310546875e+01,4.878399848937988281e+00,1.271000000000000000e+03,0.000000000000000000e+00
2.238356200000000000e+07,2.300899963378906250e+02,5.237754058837890625e+01,4.876900196075439453e+00,1.434000000000000000e+03,0.000000000000000000e+00
2.238359200000000000e+07,1.502799987792968750e+02,5.239173889160156250e+01,4.944250106811523438e+00,3.954000000000000000e+03,0.000000000000000000e+00
2.238376800000000000e+07,2.271699981689453125e+02,5.237673187255859375e+01,4.878670215606689453e+00,1.287000000000000000e+03,0.000000000000000000e+00
2.240586200000000000e+07,2.476100006103515625e+02,5.239773178100585938e+01,4.905729770660400391e+00,2.949000000000000000e+03,0.000000000000000000e+00
2.243397000000000000e+07,2.310700073242187500e+02,5.238114929199218750e+01,4.884210109710693359e+00,1.299000000000000000e+03,0.000000000000000000e+00
2.245884000000000000e+07,2.476100006103515625e+02,5.235992050170898438e+01,4.905990123748779297e+00,1.498000000000000000e+03,0.000000000000000000e+00
2.249487600000000000e+07,1.395700073242187500e+02,5.237477874755859375e+01,4.899849891662597656e+00,4.180000000000000000e+02,0.000000000000000000e+00
2.250057400000000000e+07,1.113499984741210938e+02,5.234680175781250000e+01,4.870610237121582031e+00,3.277000000000000000e+03,0.000000000000000000e+00
2.250894800000000000e+07,2.758399963378906250e+02,5.236486053466796875e+01,4.908830165863037109e+00,1.176000000000000000e+03,0.000000000000000000e+00
2.252441000000000000e+07,1.395700073242187500e+02,5.235197830200195312e+01,4.936749935150146484e+00,3.550000000000000000e+03,0.000000000000000000e+00
2.252709200000000000e+07,1.493099975585937500e+02,5.237477874755859375e+01,4.899849891662597656e+00,4.180000000000000000e+02,0.000000000000000000e+00
2.252942400000000000e+07,4.422799987792968750e+02,5.237506103515625000e+01,4.883049964904785156e+00,9.410000000000000000e+02,0.000000000000000000e+00
2.254336000000000000e+07,1.921300048828125000e+02,5.240364837646484375e+01,4.930500030517578125e+00,4.240000000000000000e+03,0.000000000000000000e+00
2.255905600000000000e+07,1.006399993896484375e+02,5.235509872436523438e+01,4.929930210113525391e+00,2.971000000000000000e+03,0.000000000000000000e+00
2.256342800000000000e+07,1.444400024414062500e+02,5.236738967895507812e+01,4.880149841308593750e+00,1.181000000000000000e+03,0.000000000000000000e+00
2.256610000000000000e+07,1.512500000000000000e+02,5.236925888061523438e+01,4.879909992218017578e+00,1.125000000000000000e+03,0.000000000000000000e+00
2.258128000000000000e+07,7.342800292968750000e+02,5.235290908813476562e+01,4.909850120544433594e+00,2.314000000000000000e+03,0.000000000000000000e+00
2.258273200000000000e+07,1.600099945068359375e+02,5.236190032958984375e+01,4.903920173645019531e+00,1.238000000000000000e+03,0.000000000000000000e+00
2.259823200000000000e+07,1.502799987792968750e+02,5.238312530517578125e+01,4.872075080871582031e+00,2.043000000000000000e+03,0.000000000000000000e+00
2.260574400000000000e+07,7.338999938964843750e+01,5.236277008056640625e+01,4.922679901123046875e+00,2.082000000000000000e+03,0.000000000000000000e+00
2.260775200000000000e+07,7.727999877929687500e+01,5.237221908569335938e+01,4.862259864807128906e+00,2.284000000000000000e+03,0.000000000000000000e+00
2.260971600000000000e+07,2.816799926757812500e+02,5.235807037353515625e+01,4.900000095367431641e+00,1.563000000000000000e+03,0.000000000000000000e+00
2.262075200000000000e+07,1.006399993896484375e+02,5.234965133666992188e+01,4.855040073394775391e+00,3.717000000000000000e+03,0.000000000000000000e+00
2.262719200000000000e+07,1.697500000000000000e+02,5.235005950927734375e+01,5.011869907379150391e+00,8.241000000000000000e+03,0.000000000000000000e+00
2.264341200000000000e+07,2.476100006103515625e+02,5.237519073486328125e+01,4.917479991912841797e+00,1.510000000000000000e+03,0.000000000000000000e+00
2.266134200000000000e+07,1.210800018310546875e+02,5.240531921386718750e+01,4.909039974212646484e+00,3.822000000000000000e+03,0.000000000000000000e+00
2.266374800000000000e+07,2.047899932861328125e+02,5.235689163208007812e+01,4.993140220642089844e+00,6.810000000000000000e+03,0.000000000000000000e+00
2.267048600000000000e+07,6.437600097656250000e+02,5.235501098632812500e+01,4.893420219421386719e+00,1.885000000000000000e+03,0.000000000000000000e+00
2.267060000000000000e+07,2.184100036621093750e+02,5.234817886352539062e+01,4.905769824981689453e+00,2.721000000000000000e+03,0.000000000000000000e+00
2.267941400000000000e+07,1.502799987792968750e+02,5.236793899536132812e+01,4.939650058746337891e+00,3.003000000000000000e+03,0.000000000000000000e+00
2.269782800000000000e+07,8.312000274658203125e+01,5.235351943969726562e+01,4.900619983673095703e+00,2.069000000000000000e+03,0.000000000000000000e+00
2.271243600000000000e+07,1.794799957275390625e+02,5.236978149414062500e+01,4.921529769897460938e+00,1.756000000000000000e+03,0.000000000000000000e+00
2.271405200000000000e+07,1.843500061035156250e+02,5.237342071533203125e+01,4.907559871673583984e+00,8.090000000000000000e+02,0.000000000000000000e+00
2.271659200000000000e+07,3.887500000000000000e+02,5.233917999267578125e+01,4.849050045013427734e+00,4.833000000000000000e+03,0.000000000000000000e+00
2.272525600000000000e+07,1.989499969482421875e+02,5.236933898925781250e+01,4.831739902496337891e+00,4.365000000000000000e+03,0.000000000000000000e+00
2.273287400000000000e+07,7.965700073242187500e+02,5.238410186767578125e+01,4.904119968414306641e+00,1.467000000000000000e+03,0.000000000000000000e+00
2.273824400000000000e+07,1.940800018310546875e+02,5.238512039184570312e+01,4.870790004730224609e+00,2.251000000000000000e+03,0.000000000000000000e+00
2.275730800000000000e+07,1.288699951171875000e+02,5.239179992675781250e+01,4.930980205535888672e+00,3.251000000000000000e+03,0.000000000000000000e+00
2.275834800000000000e+07,2.232799987792968750e+02,5.235377120971679688e+01,4.901159763336181641e+00,2.047000000000000000e+03,0.000000000000000000e+00
2.275934800000000000e+07,1.629299926757812500e+02,5.236719131469726562e+01,4.867469787597656250e+00,2.000000000000000000e+03,0.000000000000000000e+00
2.278166800000000000e+07,1.016100006103515625e+02,5.234196090698242188e+01,4.850019931793212891e+00,4.560000000000000000e+03,0.000000000000000000e+00
2.280766800000000000e+07,1.210800018310546875e+02,5.235633850097656250e+01,4.853280067443847656e+00,3.372000000000000000e+03,0.000000000000000000e+00
2.280793600000000000e+07,8.798999786376953125e+01,5.237992095947265625e+01,4.969799995422363281e+00,5.095000000000000000e+03,0.000000000000000000e+00
2.280894000000000000e+07,1.210800018310546875e+02,5.235623931884765625e+01,4.850830078125000000e+00,3.521000000000000000e+03,0.000000000000000000e+00
2.281998000000000000e+07,1.950500030517578125e+02,5.236011886596679688e+01,4.895130157470703125e+00,1.311000000000000000e+03,0.000000000000000000e+00
2.282245200000000000e+07,1.531999969482421875e+02,5.237083816528320312e+01,4.848919868469238281e+00,3.192000000000000000e+03,0.000000000000000000e+00
2.285354400000000000e+07,1.882400054931640625e+02,5.238026809692382812e+01,4.869609832763671875e+00,2.013000000000000000e+03,0.000000000000000000e+00
2.287225200000000000e+07,4.403299865722656250e+02,5.236882019042968750e+01,4.882130146026611328e+00,9.960000000000000000e+02,0.000000000000000000e+00
2.288356000000000000e+07,1.746100006103515625e+02,5.241043853759765625e+01,4.907289981842041016e+00,4.355000000000000000e+03,0.000000000000000000e+00
2.289662800000000000e+07,2.038099975585937500e+02,5.235065078735351562e+01,4.942150115966796875e+00,3.930000000000000000e+03,0.000000000000000000e+00
2.290262400000000000e+07,1.113499984741210938e+02,5.237976837158203125e+01,4.879039764404296875e+00,1.441000000000000000e+03,0.000000000000000000e+00
2.291397200000000000e+07,7.727999877929687500e+01,5.237191009521484375e+01,4.900420188903808594e+00,3.070000000000000000e+02,0.000000000000000000e+00
2.291520000000000000e+07,2.953099975585937500e+02,5.235261154174804688e+01,4.806759834289550781e+00,6.422000000000000000e+03,0.000000000000000000e+00
2.291743400000000000e+07,1.298399963378906250e+02,5.237146759033203125e+01,4.879233837127685547e+00,1.132000000000000000e+03,0.000000000000000000e+00
2.291900400000000000e+07,1.989499969482421875e+02,5.236824035644531250e+01,4.866889953613281250e+00,2.011000000000000000e+03,0.000000000000000000e+00
2.292022200000000000e+07,1.210800018310546875e+02,5.234988021850585938e+01,4.879670143127441406e+00,2.685000000000000000e+03,0.000000000000000000e+00
2.292944600000000000e+07,1.989499969482421875e+02,5.235206985473632812e+01,4.889530181884765625e+00,2.247000000000000000e+03,0.000000000000000000e+00
2.296608600000000000e+07,9.675000000000000000e+01,5.239231109619140625e+01,4.924610137939453125e+00,2.991000000000000000e+03,0.000000000000000000e+00
2.297593600000000000e+07,1.230299987792968750e+02,5.236997985839843750e+01,4.884580135345458984e+00,7.980000000000000000e+02,0.000000000000000000e+00
2.302033200000000000e+07,6.365000152587890625e+01,5.238800811767578125e+01,4.956840038299560547e+00,4.508000000000000000e+03,0.000000000000000000e+00
2.305473200000000000e+07,2.612399902343750000e+02,5.236489868164062500e+01,4.937409877777099609e+00,2.924000000000000000e+03,0.000000000000000000e+00
2.305986400000000000e+07,2.232799987792968750e+02,5.236452102661132812e+01,4.910230159759521484e+00,1.273000000000000000e+03,0.000000000000000000e+00
2.308206800000000000e+07,8.215000152587890625e+01,5.234637832641601562e+01,5.006849765777587891e+00,8.051000000000000000e+03,0.000000000000000000e+00
2.308392800000000000e+07,2.476100006103515625e+02,5.235602188110351562e+01,4.889009952545166016e+00,1.826000000000000000e+03,0.000000000000000000e+00
2.310084000000000000e+07,1.502799987792968750e+02,5.240895843505859375e+01,4.900700092315673828e+00,4.134000000000000000e+03,0.000000000000000000e+00
2.310515800000000000e+07,2.232799987792968750e+02,5.236357116699218750e+01,4.868400096893310547e+00,2.084000000000000000e+03,0.000000000000000000e+00
2.310545200000000000e+07,2.982300109863281250e+02,5.240660858154296875e+01,4.899219989776611328e+00,3.866000000000000000e+03,0.000000000000000000e+00
2.310556400000000000e+07,7.727999877929687500e+01,5.236738967895507812e+01,4.870759963989257812e+00,1.779000000000000000e+03,0.000000000000000000e+00
2.312105000000000000e+07,8.701000213623046875e+01,5.241416931152343750e+01,4.890089988708496094e+00,4.717000000000000000e+03,0.000000000000000000e+00
2.314046000000000000e+07,2.719500122070312500e+02,5.234455871582031250e+01,4.915760040283203125e+00,3.326000000000000000e+03,0.000000000000000000e+00
2.314136400000000000e+07,1.746100006103515625e+02,5.235649871826171875e+01,4.890200138092041016e+00,1.756000000000000000e+03,0.000000000000000000e+00
2.315586800000000000e+07,1.570899963378906250e+02,5.236483001708984375e+01,4.870629787445068359e+00,1.887000000000000000e+03,0.000000000000000000e+00
2.317775600000000000e+07,1.619600067138671875e+02,5.237273025512695312e+01,4.907430171966552734e+00,7.880000000000000000e+02,0.000000000000000000e+00
2.320997200000000000e+07,1.191299972534179688e+02,5.236169052124023438e+01,4.890679836273193359e+00,1.189000000000000000e+03,0.000000000000000000e+00
2.321935000000000000e+07,1.746100006103515625e+02,5.235551071166992188e+01,4.897490024566650391e+00,1.825000000000000000e+03,0.000000000000000000e+00
2.326660800000000000e+07,7.533000183105468750e+01,5.236016845703125000e+01,4.849020004272460938e+00,3.440000000000000000e+03,0.000000000000000000e+00
2.327284800000000000e+07,2.116000061035156250e+02,5.236090087890625000e+01,4.839419841766357422e+00,4.025000000000000000e+03,0.000000000000000000e+00
2.330227000000000000e+07,2.904400024414062500e+02,5.235388183593750000e+01,4.934760093688964844e+00,3.313000000000000000e+03,0.000000000000000000e+00
2.331297000000000000e+07,2.378800048828125000e+02,5.237414169311523438e+01,4.894040107727050781e+00,2.800000000000000000e+02,0.000000000000000000e+00
2.331498400000000000e+07,1.794799957275390625e+02,5.236865997314453125e+01,4.886799812316894531e+00,7.150000000000000000e+02,0.000000000000000000e+00
2.332646200000000000e+07,1.892100067138671875e+02,5.236635971069335938e+01,4.864069938659667969e+00,2.247000000000000000e+03,0.000000000000000000e+00
2.333293800000000000e+07,6.656999969482421875e+01,5.237108993530273438e+01,4.929012775421142578e+00,2.250000000000000000e+03,0.000000000000000000e+00
2.333327600000000000e+07,1.989499969482421875e+02,5.237864685058593750e+01,4.881074905395507812e+00,1.255000000000000000e+03,0.000000000000000000e+00
2.336344200000000000e+07,6.755000305175781250e+01,5.237108993530273438e+01,4.929012775421142578e+00,2.250000000000000000e+03,0.000000000000000000e+00
2.336400600000000000e+07,1.240000000000000000e+02,5.240032958984375000e+01,4.914470195770263672e+00,3.403000000000000000e+03,0.000000000000000000e+00
2.336838200000000000e+07,1.882400054931640625e+02,5.234989929199218750e+01,4.937290191650390625e+00,3.726000000000000000e+03,0.000000000000000000e+00
2.337220400000000000e+07,1.016100006103515625e+02,5.230691146850585938e+01,4.976759910583496094e+00,9.077000000000000000e+03,0.000000000000000000e+00
2.339092800000000000e+07,1.230299987792968750e+02,5.237068939208984375e+01,4.871530055999755859e+00,1.660000000000000000e+03,0.000000000000000000e+00
2.340492400000000000e+07,1.600099945068359375e+02,5.235689163208007812e+01,4.912089824676513672e+00,1.998000000000000000e+03,0.000000000000000000e+00
2.341487600000000000e+07,1.794799957275390625e+02,5.235638046264648438e+01,4.990509986877441406e+00,6.652000000000000000e+03,0.000000000000000000e+00
2.341649600000000000e+07,1.531999969482421875e+02,5.238602066040039062e+01,4.888669967651367188e+00,1.645000000000000000e+03,0.000000000000000000e+00
2.342273800000000000e+07,1.074499969482421875e+02,5.234975051879882812e+01,4.902900218963623047e+00,2.508000000000000000e+03,0.000000000000000000e+00
2.342427600000000000e+07,9.383000183105468750e+01,5.237755966186523438e+01,4.859680175781250000e+00,2.538000000000000000e+03,0.000000000000000000e+00
2.343095200000000000e+07,2.271699981689453125e+02,5.235697937011718750e+01,4.899640083312988281e+00,1.678000000000000000e+03,0.000000000000000000e+00
2.343296000000000000e+07,1.006399993896484375e+02,5.236302947998046875e+01,4.859189987182617188e+00,2.680000000000000000e+03,0.000000000000000000e+00
2.344482400000000000e+07,1.493099975585937500e+02,5.237556076049804688e+01,4.875390052795410156e+00,1.451000000000000000e+03,0.000000000000000000e+00
2.346049200000000000e+07,1.016100006103515625e+02,5.237113952636718750e+01,4.892610073089599609e+00,2.390000000000000000e+02,0.000000000000000000e+00
2.346254800000000000e+07,1.259499969482421875e+02,5.236137008666992188e+01,4.894810199737548828e+00,1.173000000000000000e+03,0.000000000000000000e+00
2.349348800000000000e+07,2.476100006103515625e+02,5.238011932373046875e+01,4.996789932250976562e+00,6.909000000000000000e+03,0.000000000000000000e+00
2.355254800000000000e+07,1.989499969482421875e+02,5.235379028320312500e+01,4.901090145111083984e+00,2.044000000000000000e+03,0.000000000000000000e+00
2.355878400000000000e+07,5.197000122070312500e+01,5.234777832031250000e+01,4.788070201873779297e+00,7.798000000000000000e+03,0.000000000000000000e+00
2.355964600000000000e+07,1.201100006103515625e+02,5.238159179687500000e+01,4.884769916534423828e+00,1.316000000000000000e+03,0.000000000000000000e+00
2.356909600000000000e+07,6.755000305175781250e+01,5.236645889282226562e+01,4.852200031280517578e+00,3.028000000000000000e+03,0.000000000000000000e+00
2.357450800000000000e+07,1.162099990844726562e+02,5.235877990722656250e+01,4.897329807281494141e+00,1.462000000000000000e+03,0.000000000000000000e+00
2.357541400000000000e+07,1.103700027465820312e+02,5.237511062622070312e+01,4.883130073547363281e+00,9.380000000000000000e+02,0.000000000000000000e+00
2.358721200000000000e+07,8.215000152587890625e+01,5.239147186279296875e+01,4.886839866638183594e+00,2.262000000000000000e+03,0.000000000000000000e+00
2.359306400000000000e+07,1.989499969482421875e+02,5.237937927246093750e+01,4.874810218811035156e+00,1.656000000000000000e+03,0.000000000000000000e+00
2.360117800000000000e+07,1.502799987792968750e+02,5.237334060668945312e+01,4.963850021362304688e+00,4.616000000000000000e+03,0.000000000000000000e+00
2.360696800000000000e+07,1.502799987792968750e+02,5.234215927124023438e+01,4.911530017852783203e+00,3.473000000000000000e+03,0.000000000000000000e+00
2.360765600000000000e+07,9.187999725341796875e+01,5.236534881591796875e+01,4.851309776306152344e+00,3.114000000000000000e+03,0.000000000000000000e+00
2.361884400000000000e+07,1.454100036621093750e+02,5.237276840209960938e+01,4.871160030364990234e+00,1.682000000000000000e+03,0.000000000000000000e+00
2.362899800000000000e+07,2.466399993896484375e+02,5.236698913574218750e+01,4.855100154876708984e+00,2.823000000000000000e+03,0.000000000000000000e+00
2.363870000000000000e+07,2.933599853515625000e+02,5.236243820190429688e+01,4.863470077514648438e+00,2.440000000000000000e+03,0.000000000000000000e+00
2.364272600000000000e+07,2.719500122070312500e+02,5.238615036010742188e+01,4.887410163879394531e+00,1.686000000000000000e+03,0.000000000000000000e+00
2.364599200000000000e+07,1.502799987792968750e+02,5.232289123535156250e+01,4.983359813690185547e+00,8.062000000000000000e+03,0.000000000000000000e+00
2.364738000000000000e+07,9.675000000000000000e+01,5.236685180664062500e+01,4.898009777069091797e+00,5.790000000000000000e+02,0.000000000000000000e+00
2.364745800000000000e+07,2.573500061035156250e+02,5.236278915405273438e+01,4.866280078887939453e+00,2.252000000000000000e+03,0.000000000000000000e+00
2.366234600000000000e+07,2.232799987792968750e+02,5.236914825439453125e+01,4.916510105133056641e+00,1.432000000000000000e+03,0.000000000000000000e+00
2.367834000000000000e+07,3.449500122070312500e+02,5.237847900390625000e+01,4.847909927368164062e+00,3.339000000000000000e+03,0.000000000000000000e+00
2.368356400000000000e+07,1.308099975585937500e+02,5.237704086303710938e+01,4.855140209197998047e+00,2.825000000000000000e+03,0.000000000000000000e+00
2.368433600000000000e+07,1.259499969482421875e+02,5.237720870971679688e+01,4.890059947967529297e+00,7.110000000000000000e+02,0.000000000000000000e+00
2.372882400000000000e+07,1.094000015258789062e+02,5.237268066406250000e+01,4.865660190582275391e+00,2.055000000000000000e+03,0.000000000000000000e+00
2.372926000000000000e+07,9.091000366210937500e+01,5.235657119750976562e+01,4.893390178680419922e+00,1.713000000000000000e+03,0.000000000000000000e+00
2.375908000000000000e+07,2.651300048828125000e+02,5.238798141479492188e+01,4.888999938964843750e+00,1.849000000000000000e+03,0.000000000000000000e+00
2.376850400000000000e+07,1.853200073242187500e+02,5.236338043212890625e+01,4.883069992065429688e+00,1.287000000000000000e+03,0.000000000000000000e+00
2.377006800000000000e+07,2.398300018310546875e+02,5.229473876953125000e+01,4.972270011901855469e+00,1.002700000000000000e+04,0.000000000000000000e+00
2.377617800000000000e+07,3.936099853515625000e+02,5.236536026000976562e+01,4.879749774932861328e+00,1.316000000000000000e+03,0.000000000000000000e+00
2.377737200000000000e+07,8.019999694824218750e+01,5.236288070678710938e+01,4.884870052337646484e+00,1.252000000000000000e+03,0.000000000000000000e+00
2.378371600000000000e+07,1.716900024414062500e+02,5.236338043212890625e+01,4.883069992065429688e+00,1.287000000000000000e+03,0.000000000000000000e+00
2.378435200000000000e+07,1.639100036621093750e+02,5.237945938110351562e+01,4.890500068664550781e+00,9.170000000000000000e+02,0.000000000000000000e+00
2.380272800000000000e+07,2.476100006103515625e+02,5.240845108032226562e+01,4.901279926300048828e+00,4.081000000000000000e+03,0.000000000000000000e+00
2.380604800000000000e+07,1.989499969482421875e+02,5.236157989501953125e+01,4.861259937286376953e+00,2.617000000000000000e+03,0.000000000000000000e+00
2.381589600000000000e+07,1.892100067138671875e+02,5.237662124633789062e+01,4.886960029602050781e+00,8.030000000000000000e+02,0.000000000000000000e+00
2.381847600000000000e+07,2.476100006103515625e+02,5.238027954101562500e+01,4.871270179748535156e+00,1.914000000000000000e+03,0.000000000000000000e+00
2.381911000000000000e+07,1.405500030517578125e+02,5.235506820678710938e+01,4.992499828338623047e+00,6.821000000000000000e+03,0.000000000000000000e+00
2.383237200000000000e+07,1.259499969482421875e+02,5.238441848754882812e+01,4.849040031433105469e+00,3.472000000000000000e+03,0.000000000000000000e+00
2.385214400000000000e+07,2.320399932861328125e+02,5.236642837524414062e+01,4.876820087432861328e+00,1.431000000000000000e+03,0.000000000000000000e+00
2.389087600000000000e+07,1.201100006103515625e+02,5.240867996215820312e+01,4.905560016632080078e+00,4.142000000000000000e+03,0.000000000000000000e+00
2.389662400000000000e+07,1.580700073242187500e+02,5.235300064086914062e+01,4.929220199584960938e+00,3.088000000000000000e+03,0.000000000000000000e+00
2.389982800000000000e+07,1.726699981689453125e+02,5.237659835815429688e+01,4.902070045471191406e+00,6.700000000000000000e+02,0.000000000000000000e+00
2.393791200000000000e+07,1.123199996948242188e+02,5.233303070068359375e+01,4.903040885925292969e+00,4.349000000000000000e+03,0.000000000000000000e+00
2.395794000000000000e+07,1.493099975585937500e+02,5.237353897094726562e+01,4.859809875488281250e+00,2.457000000000000000e+03,0.000000000000000000e+00
2.396394600000000000e+07,1.600099945068359375e+02,5.235023880004882812e+01,4.908800125122070312e+00,2.563000000000000000e+03,0.000000000000000000e+00
2.397101200000000000e+07,1.794799957275390625e+02,5.234661865234375000e+01,4.891049861907958984e+00,2.830000000000000000e+03,0.000000000000000000e+00
2.397150400000000000e+07,1.463899993896484375e+02,5.235253906250000000e+01,4.885159969329833984e+00,2.273000000000000000e+03,0.000000000000000000e+00
2.397176000000000000e+07,1.463899993896484375e+02,5.235182952880859375e+01,4.886919975280761719e+00,2.313000000000000000e+03,0.000000000000000000e+00
2.397766800000000000e+07,2.544299926757812500e+02,5.236354064941406250e+01,4.904769897460937500e+00,1.107000000000000000e+03,0.000000000000000000e+00
2.398455600000000000e+07,1.989499969482421875e+02,5.234936904907226562e+01,4.939519882202148438e+00,3.879000000000000000e+03,0.000000000000000000e+00
2.400350400000000000e+07,2.261999969482421875e+02,5.241973114013671875e+01,4.870779991149902344e+00,5.585000000000000000e+03,0.000000000000000000e+00
2.401652000000000000e+07,2.914100036621093750e+02,5.235486984252929688e+01,4.879330158233642578e+00,2.203000000000000000e+03,0.000000000000000000e+00
2.401875000000000000e+07,1.648800048828125000e+02,5.238505935668945312e+01,4.913720130920410156e+00,1.899000000000000000e+03,0.000000000000000000e+00
2.402663600000000000e+07,1.541699981689453125e+02,5.238589859008789062e+01,4.869009971618652344e+00,2.399000000000000000e+03,0.000000000000000000e+00
2.403517200000000000e+07,1.103700027465820312e+02,5.235700988769531250e+01,4.897980213165283203e+00,1.662000000000000000e+03,0.000000000000000000e+00
2.403590800000000000e+07,1.016100006103515625e+02,5.235282897949218750e+01,4.882919788360595703e+00,2.296000000000000000e+03,0.000000000000000000e+00
2.406898800000000000e+07,1.785099945068359375e+02,5.237403106689453125e+01,4.939980030059814453e+00,3.002000000000000000e+03,0.000000000000000000e+00
2.407239800000000000e+07,1.405500030517578125e+02,5.235940170288085938e+01,4.892859935760498047e+00,1.405000000000000000e+03,0.000000000000000000e+00
2.407384000000000000e+07,1.892100067138671875e+02,5.235602188110351562e+01,4.919449806213378906e+00,2.382000000000000000e+03,0.000000000000000000e+00
2.408303600000000000e+07,3.449500122070312500e+02,5.236500930786132812e+01,4.863780021667480469e+00,2.311000000000000000e+03,0.000000000000000000e+00
2.409705200000000000e+07,7.144000244140625000e+01,5.234799957275390625e+01,4.787919998168945312e+00,7.799000000000000000e+03,0.000000000000000000e+00
2.411122000000000000e+07,1.006399993896484375e+02,5.238328933715820312e+01,4.888649940490722656e+00,1.359000000000000000e+03,0.000000000000000000e+00
2.411153000000000000e+07,1.707200012207031250e+02,5.235504150390625000e+01,4.854539871215820312e+00,3.376000000000000000e+03,0.000000000000000000e+00
2.411758800000000000e+07,2.232799987792968750e+02,5.237313842773437500e+01,4.950310230255126953e+00,3.696000000000000000e+03,0.000000000000000000e+00
2.412741600000000000e+07,7.727999877929687500e+01,5.233433914184570312e+01,4.856540203094482422e+00,4.959000000000000000e+03,0.000000000000000000e+00
2.412748000000000000e+07,1.132900009155273438e+02,5.237088012695312500e+01,4.866990089416503906e+00,1.966000000000000000e+03,0.000000000000000000e+00
2.413344600000000000e+07,1.376300048828125000e+02,5.237034988403320312e+01,4.886089801788330078e+00,6.880000000000000000e+02,0.000000000000000000e+00
2.413495200000000000e+07,1.356799926757812500e+02,5.237034988403320312e+01,4.886099815368652344e+00,6.870000000000000000e+02,0.000000000000000000e+00
2.413739200000000000e+07,6.559999847412109375e+01,5.231610107421875000e+01,4.960340023040771484e+00,7.593000000000000000e+03,0.000000000000000000e+00
2.415202200000000000e+07,2.427500000000000000e+02,5.242316818237304688e+01,4.892849922180175781e+00,5.705000000000000000e+03,0.000000000000000000e+00
2.415610200000000000e+07,1.113499984741210938e+02,5.236053848266601562e+01,4.912469863891601562e+00,1.692000000000000000e+03,0.000000000000000000e+00
2.415934400000000000e+07,5.879000091552734375e+01,5.239411926269531250e+01,4.926129817962646484e+00,3.212000000000000000e+03,0.000000000000000000e+00
2.418024400000000000e+07,1.405500030517578125e+02,5.239139175415039062e+01,4.954800128936767578e+00,4.548000000000000000e+03,0.000000000000000000e+00
2.419994000000000000e+07,1.259499969482421875e+02,5.238555908203125000e+01,4.913479804992675781e+00,1.932000000000000000e+03,0.000000000000000000e+00
2.420249200000000000e+07,3.692799987792968750e+02,5.238306045532226562e+01,4.847760200500488281e+00,3.495000000000000000e+03,0.000000000000000000e+00
2.421769800000000000e+07,3.829100036621093750e+02,5.236468887329101562e+01,4.879980087280273438e+00,1.346000000000000000e+03,0.000000000000000000e+00
2.423614800000000000e+07,1.853200073242187500e+02,5.238407897949218750e+01,4.878250122070312500e+00,1.808000000000000000e+03,0.000000000000000000e+00
2.423894800000000000e+07,1.210800018310546875e+02,5.236114883422851562e+01,4.856860160827636719e+00,2.908000000000000000e+03,0.000000000000000000e+00
2.425687400000000000e+07,2.476100006103515625e+02,5.236639022827148438e+01,4.899300098419189453e+00,6.550000000000000000e+02,0.000000000000000000e+00
2.427610600000000000e+07,1.502799987792968750e+02,5.237292098999023438e+01,4.877319812774658203e+00,1.266000000000000000e+03,0.000000000000000000e+00
2.428192800000000000e+07,1.298399963378906250e+02,5.239778900146484375e+01,4.907680034637451172e+00,2.988000000000000000e+03,0.000000000000000000e+00
2.428407000000000000e+07,3.449500122070312500e+02,5.234481811523437500e+01,4.892350196838378906e+00,3.021000000000000000e+03,0.000000000000000000e+00
2.430599200000000000e+07,1.658500061035156250e+02,5.237530899047851562e+01,4.880680084228515625e+00,1.101000000000000000e+03,0.000000000000000000e+00
2.432864400000000000e+07,2.476100006103515625e+02,5.234642028808593750e+01,4.895860195159912109e+00,2.833000000000000000e+03,0.000000000000000000e+00
2.436217600000000000e+07,2.962799987792968750e+02,5.237702941894531250e+01,4.860660076141357422e+00,2.459000000000000000e+03,0.000000000000000000e+00
2.436234800000000000e+07,1.531999969482421875e+02,5.236214065551757812e+01,4.942890167236328125e+00,3.370000000000000000e+03,0.000000000000000000e+00
2.437112400000000000e+07,1.327599945068359375e+02,5.237578964233398438e+01,4.897510051727294922e+00,4.460000000000000000e+02,0.000000000000000000e+00
2.438367200000000000e+07,1.288699951171875000e+02,5.240277099609375000e+01,4.917510032653808594e+00,3.733000000000000000e+03,0.000000000000000000e+00
2.438908800000000000e+07,3.245100097656250000e+02,5.234735107421875000e+01,4.897999763488769531e+00,2.733000000000000000e+03,0.000000000000000000e+00
2.440298800000000000e+07,1.804499969482421875e+02,5.237659835815429688e+01,4.902070045471191406e+00,6.700000000000000000e+02,0.000000000000000000e+00
2.442767600000000000e+07,3.449500122070312500e+02,5.241019058227539062e+01,4.900400161743164062e+00,4.269000000000000000e+03,0.000000000000000000e+00
2.442829200000000000e+07,1.308099975585937500e+02,5.236434173583984375e+01,4.856649875640869141e+00,2.794000000000000000e+03,0.000000000000000000e+00
2.443956200000000000e+07,1.989499969482421875e+02,5.237855148315429688e+01,4.854800224304199219e+00,2.886000000000000000e+03,0.000000000000000000e+00
2.450436000000000000e+07,1.999199981689453125e+02,5.237857818603515625e+01,4.882170200347900391e+00,1.192000000000000000e+03,0.000000000000000000e+00
2.450731200000000000e+07,1.794799957275390625e+02,5.236294937133789062e+01,4.878320217132568359e+00,1.554000000000000000e+03,0.000000000000000000e+00
2.451571200000000000e+07,2.378800048828125000e+02,5.237379074096679688e+01,4.896890163421630859e+00,2.210000000000000000e+02,0.000000000000000000e+00
2.453435600000000000e+07,2.719500122070312500e+02,5.235644149780273438e+01,5.003689765930175781e+00,7.518000000000000000e+03,0.000000000000000000e+00
2.455651200000000000e+07,2.563699951171875000e+02,5.237305831909179688e+01,4.882249832153320312e+00,9.360000000000000000e+02,0.000000000000000000e+00
2.456500800000000000e+07,1.989499969482421875e+02,5.237395095825195312e+01,4.965549945831298828e+00,4.734000000000000000e+03,0.000000000000000000e+00
2.456787200000000000e+07,1.210800018310546875e+02,5.237685012817382812e+01,4.848589897155761719e+00,3.258000000000000000e+03,0.000000000000000000e+00
2.457117600000000000e+07,3.936099853515625000e+02,5.237311172485351562e+01,4.863200187683105469e+00,2.224000000000000000e+03,0.000000000000000000e+00
2.459098000000000000e+07,1.502799987792968750e+02,5.236320877075195312e+01,4.867219924926757812e+00,2.174000000000000000e+03,0.000000000000000000e+00
2.459199200000000000e+07,1.707200012207031250e+02,5.235897064208984375e+01,4.860199928283691406e+00,2.818000000000000000e+03,0.000000000000000000e+00
2.460229400000000000e+07,1.152399978637695312e+02,5.236655044555664062e+01,4.923850059509277344e+00,1.989000000000000000e+03,0.000000000000000000e+00
2.461514400000000000e+07,4.208699951171875000e+02,5.236429977416992188e+01,4.888669967651367188e+00,9.770000000000000000e+02,0.000000000000000000e+00
2.461562000000000000e+07,1.551499938964843750e+02,5.237625122070312500e+01,4.778019905090332031e+00,8.017000000000000000e+03,0.000000000000000000e+00
2.462555200000000000e+07,1.502799987792968750e+02,5.235617828369140625e+01,4.898220062255859375e+00,1.755000000000000000e+03,0.000000000000000000e+00
2.462718400000000000e+07,8.798999786376953125e+01,5.237570190429687500e+01,4.897240161895751953e+00,4.330000000000000000e+02,0.000000000000000000e+00
2.464612800000000000e+07,8.215000152587890625e+01,5.235438919067382812e+01,4.994510173797607422e+00,6.973000000000000000e+03,0.000000000000000000e+00
2.465200400000000000e+07,1.502799987792968750e+02,5.238071060180664062e+01,4.882120132446289062e+00,1.355000000000000000e+03,0.000000000000000000e+00
2.467643800000000000e+07,7.727999877929687500e+01,5.231219863891601562e+01,4.956019878387451172e+00,7.794000000000000000e+03,0.000000000000000000e+00
2.468246000000000000e+07,1.308099975585937500e+02,5.241984939575195312e+01,4.901309967041015625e+00,5.345000000000000000e+03,0.000000000000000000e+00
2.468653600000000000e+07,7.727999877929687500e+01,5.239442825317382812e+01,4.947629928588867188e+00,4.313000000000000000e+03,0.000000000000000000e+00
2.470702200000000000e+07,9.675000000000000000e+01,5.237369918823242188e+01,4.863399982452392578e+00,2.215000000000000000e+03,0.000000000000000000e+00
2.471246000000000000e+07,1.308099975585937500e+02,5.238161849975585938e+01,4.882380008697509766e+00,1.418000000000000000e+03,0.000000000000000000e+00
2.472248400000000000e+07,1.366499938964843750e+02,5.236479187011718750e+01,4.942709922790527344e+00,3.275000000000000000e+03,0.000000000000000000e+00
2.473006600000000000e+07,1.405500030517578125e+02,5.236420059204101562e+01,4.939060211181640625e+00,3.053000000000000000e+03,0.000000000000000000e+00
2.473348200000000000e+07,6.268000030517578125e+01,5.237725067138671875e+01,4.893730163574218750e+00,6.130000000000000000e+02,0.000000000000000000e+00
2.474065200000000000e+07,1.600099945068359375e+02,5.234355926513671875e+01,4.902309894561767578e+00,3.181000000000000000e+03,0.000000000000000000e+00
2.474314000000000000e+07,3.838800048828125000e+02,5.235744094848632812e+01,4.897630214691162109e+00,1.612000000000000000e+03,0.000000000000000000e+00
2.476150400000000000e+07,9.091000366210937500e+01,5.235398101806640625e+01,4.787769794464111328e+00,7.608000000000000000e+03,0.000000000000000000e+00
2.476161000000000000e+07,9.966999816894531250e+01,5.234469985961914062e+01,4.899799823760986328e+00,3.036000000000000000e+03,0.000000000000000000e+00
2.476696800000000000e+07,1.210800018310546875e+02,5.234716033935546875e+01,4.887119770050048828e+00,2.815000000000000000e+03,0.000000000000000000e+00
2.478636800000000000e+07,9.675000000000000000e+01,5.242053985595703125e+01,4.908810138702392578e+00,5.479000000000000000e+03,0.000000000000000000e+00
2.481523600000000000e+07,1.356799926757812500e+02,5.237200164794921875e+01,4.850190162658691406e+00,3.103000000000000000e+03,0.000000000000000000e+00
2.482061200000000000e+07,3.936099853515625000e+02,5.235992050170898438e+01,4.863140106201171875e+00,2.593000000000000000e+03,0.000000000000000000e+00
2.482786000000000000e+07,1.853200073242187500e+02,5.234933090209960938e+01,4.887660026550292969e+00,2.571000000000000000e+03,0.000000000000000000e+00
2.484052400000000000e+07,9.675000000000000000e+01,5.238542175292968750e+01,4.857309818267822266e+00,3.020000000000000000e+03,0.000000000000000000e+00
2.485439600000000000e+07,1.016100006103515625e+02,5.239068984985351562e+01,4.936629772186279297e+00,3.465000000000000000e+03,0.000000000000000000e+00
2.485475600000000000e+07,1.006399993896484375e+02,5.239070129394531250e+01,4.908790111541748047e+00,2.266000000000000000e+03,0.000000000000000000e+00
2.485518400000000000e+07,1.259499969482421875e+02,5.241455841064453125e+01,4.887509822845458984e+00,4.778000000000000000e+03,0.000000000000000000e+00
2.487080800000000000e+07,1.259499969482421875e+02,5.239189147949218750e+01,4.872310161590576172e+00,2.740000000000000000e+03,0.000000000000000000e+00
2.489050400000000000e+07,6.268000030517578125e+01,5.235715103149414062e+01,4.933559894561767578e+00,3.038000000000000000e+03,0.000000000000000000e+00
2.490130400000000000e+07,1.940800018310546875e+02,5.240676879882812500e+01,4.931159973144531250e+00,4.556000000000000000e+03,0.000000000000000000e+00
2.491054800000000000e+07,1.502799987792968750e+02,5.237266159057617188e+01,4.905320167541503906e+00,6.450000000000000000e+02,0.000000000000000000e+00
2.491409200000000000e+07,1.697500000000000000e+02,5.241793060302734375e+01,4.901189804077148438e+00,5.131000000000000000e+03,0.000000000000000000e+00
2.491577600000000000e+07,1.259499969482421875e+02,5.237868118286132812e+01,4.847889900207519531e+00,3.345000000000000000e+03,0.000000000000000000e+00
2.492581000000000000e+07,1.989499969482421875e+02,5.237041091918945312e+01,4.869140148162841797e+00,1.824000000000000000e+03,0.000000000000000000e+00
2.492582800000000000e+07,2.622099914550781250e+02,5.236339950561523438e+01,4.928289890289306641e+00,2.394000000000000000e+03,0.000000000000000000e+00
2.496533400000000000e+07,1.210800018310546875e+02,5.238333892822265625e+01,4.825799942016601562e+00,4.925000000000000000e+03,0.000000000000000000e+00
2.498135200000000000e+07,4.374100036621093750e+02,5.235467910766601562e+01,4.893320083618164062e+00,1.923000000000000000e+03,0.000000000000000000e+00
2.499882000000000000e+07,8.215000152587890625e+01,5.235435104370117188e+01,4.994379997253417969e+00,6.966000000000000000e+03,0.000000000000000000e+00
2.499996400000000000e+07,1.551499938964843750e+02,5.238349914550781250e+01,4.851960182189941406e+00,3.250000000000000000e+03,0.000000000000000000e+00
2.500486600000000000e+07,3.030899963378906250e+02,5.237107086181640625e+01,4.883069992065429688e+00,8.760000000000000000e+02,0.000000000000000000e+00
2.500560000000000000e+07,1.259499969482421875e+02,5.238488006591796875e+01,4.872819900512695312e+00,2.130000000000000000e+03,0.000000000000000000e+00
2.501138000000000000e+07,1.308099975585937500e+02,5.236371994018554688e+01,4.838779926300048828e+00,3.983000000000000000e+03,0.000000000000000000e+00
2.502180000000000000e+07,2.271699981689453125e+02,5.235419845581054688e+01,4.991390228271484375e+00,6.776000000000000000e+03,0.000000000000000000e+00
2.502312800000000000e+07,9.187999725341796875e+01,5.239862823486328125e+01,4.904930114746093750e+00,3.035000000000000000e+03,0.000000000000000000e+00
2.502365200000000000e+07,1.405500030517578125e+02,5.238426971435546875e+01,4.872499942779541016e+00,2.101000000000000000e+03,0.000000000000000000e+00
2.505180000000000000e+07,1.823999938964843750e+02,5.231898880004882812e+01,4.956510066986083984e+00,7.181000000000000000e+03,0.000000000000000000e+00
2.512124400000000000e+07,9.675000000000000000e+01,5.236365890502929688e+01,4.985290050506591797e+00,6.138000000000000000e+03,0.000000000000000000e+00
2.512301600000000000e+07,2.476100006103515625e+02,5.237799072265625000e+01,4.886630058288574219e+00,9.250000000000000000e+02,0.000000000000000000e+00
2.513392800000000000e+07,2.670799865722656250e+02,5.235253143310546875e+01,4.882939815521240234e+00,2.326000000000000000e+03,0.000000000000000000e+00
2.514489400000000000e+07,1.347100067138671875e+02,5.237081146240234375e+01,4.944439888000488281e+00,3.298000000000000000e+03,0.000000000000000000e+00
2.515913600000000000e+07,3.449500122070312500e+02,5.231021118164062500e+01,5.018129825592041016e+00,1.077000000000000000e+04,0.000000000000000000e+00
2.515969200000000000e+07,9.187999725341796875e+01,5.236389923095703125e+01,4.939209938049316406e+00,3.072000000000000000e+03,0.000000000000000000e+00
2.516262200000000000e+07,1.269199981689453125e+02,5.237429046630859375e+01,4.892189979553222656e+00,3.660000000000000000e+02,0.000000000000000000e+00
2.517964400000000000e+07,1.765599975585937500e+02,5.236740112304687500e+01,4.901370048522949219e+00,6.230000000000000000e+02,0.000000000000000000e+00
2.518764600000000000e+07,2.719500122070312500e+02,5.238087081909179688e+01,4.879000186920166016e+00,1.520000000000000000e+03,0.000000000000000000e+00
2.522766000000000000e+07,9.187999725341796875e+01,5.235530090332031250e+01,4.927569866180419922e+00,2.834000000000000000e+03,0.000000000000000000e+00
2.525762400000000000e+07,1.259499969482421875e+02,5.237017059326171875e+01,4.871739864349365234e+00,1.651000000000000000e+03,0.000000000000000000e+00
2.527391200000000000e+07,1.794799957275390625e+02,5.234959411621093750e+01,4.890385150909423828e+00,2.508000000000000000e+03,0.000000000000000000e+00
2.531016200000000000e+07,1.171900024414062500e+02,5.237191009521484375e+01,4.895579814910888672e+00,2.200000000000000000e+01,0.000000000000000000e+00
2.531042800000000000e+07,1.298399963378906250e+02,5.237121963500976562e+01,4.895969867706298828e+00,7.600000000000000000e+01,0.000000000000000000e+00
2.533029400000000000e+07,1.853200073242187500e+02,5.236429977416992188e+01,4.888669967651367188e+00,9.770000000000000000e+02,0.000000000000000000e+00
2.533133800000000000e+07,2.271699981689453125e+02,5.236429977416992188e+01,4.888669967651367188e+00,9.770000000000000000e+02,0.000000000000000000e+00
2.533623200000000000e+07,2.291199951171875000e+02,5.236429977416992188e+01,4.888669967651367188e+00,9.770000000000000000e+02,0.000000000000000000e+00
2.533876000000000000e+07,2.164700012207031250e+02,5.236429977416992188e+01,4.888669967651367188e+00,9.770000000000000000e+02,0.000000000000000000e+00
2.533969800000000000e+07,2.398300018310546875e+02,5.236429977416992188e+01,4.888669967651367188e+00,9.770000000000000000e+02,0.000000000000000000e+00
2.534135000000000000e+07,2.495599975585937500e+02,5.236429977416992188e+01,4.888669967651367188e+00,9.770000000000000000e+02,0.000000000000000000e+00
2.534853200000000000e+07,1.989499969482421875e+02,5.235964965820312500e+01,4.913020133972167969e+00,1.791000000000000000e+03,0.000000000000000000e+00
2.536199200000000000e+07,2.077100067138671875e+02,5.235351181030273438e+01,4.887979984283447266e+00,2.114000000000000000e+03,0.000000000000000000e+00
2.539142600000000000e+07,1.551499938964843750e+02,5.234400177001953125e+01,4.863649845123291016e+00,3.797000000000000000e+03,0.000000000000000000e+00
2.540937200000000000e+07,1.210800018310546875e+02,5.238887023925781250e+01,4.885910034179687500e+00,2.005000000000000000e+03,0.000000000000000000e+00
2.541422000000000000e+07,2.573500061035156250e+02,5.237189865112304688e+01,4.872799873352050781e+00,1.568000000000000000e+03,0.000000000000000000e+00
2.542135600000000000e+07,1.016100006103515625e+02,5.237263107299804688e+01,4.812270164489746094e+00,5.678000000000000000e+03,0.000000000000000000e+00
2.543380200000000000e+07,7.241000366210937500e+01,5.239128112792968750e+01,4.935619831085205078e+00,3.452000000000000000e+03,0.000000000000000000e+00
2.543548400000000000e+07,1.405500030517578125e+02,5.235363006591796875e+01,4.849599838256835938e+00,3.743000000000000000e+03,0.000000000000000000e+00
2.543614600000000000e+07,1.989499969482421875e+02,5.235680007934570312e+01,4.932519912719726562e+00,3.000000000000000000e+03,0.000000000000000000e+00
2.543620000000000000e+07,1.989499969482421875e+02,5.237409973144531250e+01,4.857349872589111328e+00,2.628000000000000000e+03,0.000000000000000000e+00
2.546399200000000000e+07,4.218399963378906250e+02,5.236429977416992188e+01,4.888669967651367188e+00,9.770000000000000000e+02,0.000000000000000000e+00
2.547200200000000000e+07,1.746100006103515625e+02,5.236962127685546875e+01,4.872059822082519531e+00,1.638000000000000000e+03,0.000000000000000000e+00
2.550003800000000000e+07,2.154900054931640625e+02,5.234601974487304688e+01,4.862120151519775391e+00,3.680000000000000000e+03,0.000000000000000000e+00
2.569858600000000000e+07,9.289400024414062500e+02,5.240045928955078125e+01,4.892789840698242188e+00,3.183000000000000000e+03,0.000000000000000000e+00
2.570927200000000000e+07,1.561199951171875000e+02,5.237636947631835938e+01,4.893080234527587891e+00,5.330000000000000000e+02,0.000000000000000000e+00
2.573509600000000000e+07,5.295000076293945312e+01,5.239242172241210938e+01,4.924220085144042969e+00,2.984000000000000000e+03,0.000000000000000000e+00
2.575478000000000000e+07,5.295000076293945312e+01,5.234181976318359375e+01,4.903779983520507812e+00,3.387000000000000000e+03,0.000000000000000000e+00
2.575810800000000000e+07,1.016100006103515625e+02,5.240626144409179688e+01,4.908390045166015625e+00,3.914000000000000000e+03,0.000000000000000000e+00
2.576074400000000000e+07,1.259499969482421875e+02,5.238068008422851562e+01,4.856279850006103516e+00,2.861000000000000000e+03,0.000000000000000000e+00
2.576595200000000000e+07,1.074499969482421875e+02,5.237588119506835938e+01,4.874859809875488281e+00,1.495000000000000000e+03,0.000000000000000000e+00
2.577551200000000000e+07,2.904400024414062500e+02,5.237467956542968750e+01,4.878180027008056641e+00,1.242000000000000000e+03,0.000000000000000000e+00
2.580159000000000000e+07,7.727999877929687500e+01,5.236647033691406250e+01,4.850419998168945312e+00,3.146000000000000000e+03,0.000000000000000000e+00
2.580230800000000000e+07,7.926799926757812500e+02,5.235531997680664062e+01,4.889609813690185547e+00,1.892000000000000000e+03,0.000000000000000000e+00
2.580294400000000000e+07,1.493099975585937500e+02,5.237392044067382812e+01,4.821809768676757812e+00,5.035000000000000000e+03,0.000000000000000000e+00
2.581831200000000000e+07,2.476100006103515625e+02,5.236392974853515625e+01,4.887969970703125000e+00,1.037000000000000000e+03,0.000000000000000000e+00
2.583117000000000000e+07,1.502799987792968750e+02,5.237760162353515625e+01,4.986660003662109375e+00,6.194000000000000000e+03,0.000000000000000000e+00
2.585334400000000000e+07,2.563699951171875000e+02,5.239105987548828125e+01,4.937260150909423828e+00,3.524000000000000000e+03,0.000000000000000000e+00
2.587518000000000000e+07,1.356799926757812500e+02,5.235931015014648438e+01,4.988810062408447266e+00,6.462000000000000000e+03,0.000000000000000000e+00
2.589848600000000000e+07,2.476100006103515625e+02,5.236169052124023438e+01,4.905449867248535156e+00,1.307000000000000000e+03,0.000000000000000000e+00
2.590235600000000000e+07,1.210800018310546875e+02,5.236827087402343750e+01,4.865190029144287109e+00,2.124000000000000000e+03,0.000000000000000000e+00
2.594307600000000000e+07,1.502799987792968750e+02,5.235213851928710938e+01,4.888659954071044922e+00,2.252000000000000000e+03,0.000000000000000000e+00
2.594372000000000000e+07,2.125700073242187500e+02,5.237060928344726562e+01,4.870100021362304688e+00,1.757000000000000000e+03,0.000000000000000000e+00
2.596098000000000000e+07,1.862899932861328125e+02,5.240044021606445312e+01,4.900549888610839844e+00,3.189000000000000000e+03,0.000000000000000000e+00
2.596620400000000000e+07,7.825000000000000000e+01,5.238140106201171875e+01,4.966899871826171875e+00,4.934000000000000000e+03,0.000000000000000000e+00
2.596835800000000000e+07,9.772000122070312500e+01,5.235684967041015625e+01,4.896520137786865234e+00,1.674000000000000000e+03,0.000000000000000000e+00
2.597544800000000000e+07,2.816799926757812500e+02,5.237858963012695312e+01,4.896130084991455078e+00,7.440000000000000000e+02,0.000000000000000000e+00
2.599165400000000000e+07,1.016100006103515625e+02,5.234550857543945312e+01,4.875820159912109375e+00,3.236000000000000000e+03,0.000000000000000000e+00
2.599403400000000000e+07,1.843500061035156250e+02,5.237894058227539062e+01,4.883269786834716797e+00,1.161000000000000000e+03,0.000000000000000000e+00
2.600016800000000000e+07,4.422799987792968750e+02,5.235554885864257812e+01,4.850949764251708984e+00,3.553000000000000000e+03,0.000000000000000000e+00
2.600369200000000000e+07,1.989499969482421875e+02,5.237937927246093750e+01,4.846829891204833984e+00,3.433000000000000000e+03,0.000000000000000000e+00
2.602929800000000000e+07,1.405500030517578125e+02,5.236709976196289062e+01,4.876430034637451172e+00,1.425000000000000000e+03,0.000000000000000000e+00
2.603166400000000000e+07,1.113499984741210938e+02,5.237659072875976562e+01,4.853620052337646484e+00,2.917000000000000000e+03,0.000000000000000000e+00
2.603532800000000000e+07,1.600099945068359375e+02,5.235784149169921875e+01,4.906680107116699219e+00,1.726000000000000000e+03,0.000000000000000000e+00
2.603598000000000000e+07,5.488999938964843750e+01,5.231818008422851562e+01,4.958909988403320312e+00,7.348000000000000000e+03,0.000000000000000000e+00
2.606181600000000000e+07,1.152399978637695312e+02,5.235414886474609375e+01,4.852849960327148438e+00,3.527000000000000000e+03,0.000000000000000000e+00
2.607127200000000000e+07,9.091000366210937500e+01,5.234519958496093750e+01,4.863110065460205078e+00,3.711000000000000000e+03,0.000000000000000000e+00
2.607775600000000000e+07,1.016100006103515625e+02,5.237100982666015625e+01,4.917009830474853516e+00,1.437000000000000000e+03,0.000000000000000000e+00
2.607931400000000000e+07,1.201100006103515625e+02,5.237474060058593750e+01,4.965479850769042969e+00,4.734000000000000000e+03,0.000000000000000000e+00
2.609902000000000000e+07,9.187999725341796875e+01,5.238587951660156250e+01,4.875740051269531250e+00,2.071000000000000000e+03,0.000000000000000000e+00
2.610523800000000000e+07,1.162099990844726562e+02,5.234999847412109375e+01,4.862780094146728516e+00,3.315000000000000000e+03,0.000000000000000000e+00
2.611154800000000000e+07,1.551499938964843750e+02,5.236075973510742188e+01,4.857150077819824219e+00,2.908000000000000000e+03,0.000000000000000000e+00
2.611421600000000000e+07,7.144000244140625000e+01,5.236722183227539062e+01,4.854430198669433594e+00,2.863000000000000000e+03,0.000000000000000000e+00
2.611642400000000000e+07,1.609900054931640625e+02,5.233465957641601562e+01,4.849150180816650391e+00,5.218000000000000000e+03,0.000000000000000000e+00
2.611666400000000000e+07,1.259499969482421875e+02,5.236399078369140625e+01,4.937290191650390625e+00,2.945000000000000000e+03,0.000000000000000000e+00
2.613037200000000000e+07,1.746100006103515625e+02,5.235591125488281250e+01,4.908130168914794922e+00,1.962000000000000000e+03,0.000000000000000000e+00
2.613966000000000000e+07,1.356799926757812500e+02,5.238634872436523438e+01,4.880710124969482422e+00,1.909000000000000000e+03,0.000000000000000000e+00
2.614300600000000000e+07,1.502799987792968750e+02,5.238259124755859375e+01,4.885340213775634766e+00,1.388000000000000000e+03,0.000000000000000000e+00
2.614708800000000000e+07,1.006399993896484375e+02,5.232061004638671875e+01,4.943729877471923828e+00,6.564000000000000000e+03,0.000000000000000000e+00
2.616030000000000000e+07,3.692799987792968750e+02,5.236312866210937500e+01,4.906410217285156250e+00,1.208000000000000000e+03,0.000000000000000000e+00
2.616290800000000000e+07,2.476100006103515625e+02,5.233317947387695312e+01,4.874110221862792969e+00,4.553000000000000000e+03,0.000000000000000000e+00
2.618580000000000000e+07,4.218399963378906250e+02,5.236418151855468750e+01,4.883520126342773438e+00,1.201000000000000000e+03,0.000000000000000000e+00
2.621545200000000000e+07,1.687700042724609375e+02,5.229158020019531250e+01,4.990880012512207031e+00,1.101900000000000000e+04,0.000000000000000000e+00
2.624801600000000000e+07,1.843500061035156250e+02,5.235488891601562500e+01,4.889460086822509766e+00,1.941000000000000000e+03,0.000000000000000000e+00
2.626546000000000000e+07,1.434700012207031250e+02,5.235472106933593750e+01,4.888390064239501953e+00,1.977000000000000000e+03,0.000000000000000000e+00
2.627119400000000000e+07,2.154900054931640625e+02,5.236494827270507812e+01,4.931069850921630859e+00,2.510000000000000000e+03,0.000000000000000000e+00
2.627558400000000000e+07,1.016100006103515625e+02,5.238219833374023438e+01,4.871630191802978516e+00,2.006000000000000000e+03,0.000000000000000000e+00
2.627692200000000000e+07,1.794799957275390625e+02,5.235218811035156250e+01,4.917610168457031250e+00,2.641000000000000000e+03,0.000000000000000000e+00
2.629039200000000000e+07,1.006399993896484375e+02,5.237821960449218750e+01,4.854539871215820312e+00,2.894000000000000000e+03,0.000000000000000000e+00
2.629232200000000000e+07,1.259499969482421875e+02,5.237374877929687500e+01,4.968379974365234375e+00,4.925000000000000000e+03,0.000000000000000000e+00
2.629419600000000000e+07,1.551499938964843750e+02,5.236294174194335938e+01,4.867020130157470703e+00,2.199000000000000000e+03,0.000000000000000000e+00
2.631212400000000000e+07,1.892100067138671875e+02,5.239229965209960938e+01,4.932139873504638672e+00,3.346000000000000000e+03,0.000000000000000000e+00
2.631213000000000000e+07,1.337299957275390625e+02,5.236013031005859375e+01,4.928949832916259766e+00,2.598000000000000000e+03,0.000000000000000000e+00
2.631446200000000000e+07,1.240000000000000000e+02,5.240034866333007812e+01,4.913750171661376953e+00,3.388000000000000000e+03,0.000000000000000000e+00
2.632618000000000000e+07,6.268000030517578125e+01,5.233287811279296875e+01,4.872650146484375000e+00,4.617000000000000000e+03,0.000000000000000000e+00
2.632964400000000000e+07,1.502799987792968750e+02,5.236003112792968750e+01,4.934500217437744141e+00,2.934000000000000000e+03,0.000000000000000000e+00
2.638349600000000000e+07,2.476100006103515625e+02,5.234487915039062500e+01,4.902219772338867188e+00,3.035000000000000000e+03,0.000000000000000000e+00
2.643137200000000000e+07,4.101600036621093750e+02,5.236965179443359375e+01,4.892139911651611328e+00,3.570000000000000000e+02,0.000000000000000000e+00
2.646571200000000000e+07,7.727999877929687500e+01,5.235338973999023438e+01,4.936789989471435547e+00,3.456000000000000000e+03,0.000000000000000000e+00
2.648271600000000000e+07,8.215000152587890625e+01,5.234336090087890625e+01,4.897079944610595703e+00,3.174000000000000000e+03,0.000000000000000000e+00
2.648948600000000000e+07,8.312000274658203125e+01,5.236180877685546875e+01,4.865389823913574219e+00,2.356000000000000000e+03,0.000000000000000000e+00
2.648960400000000000e+07,2.476100006103515625e+02,5.235776901245117188e+01,4.851799964904785156e+00,3.382000000000000000e+03,0.000000000000000000e+00
2.651515600000000000e+07,9.869000244140625000e+01,5.236241149902343750e+01,4.887010097503662109e+00,1.215000000000000000e+03,0.000000000000000000e+00
2.651614000000000000e+07,1.454100036621093750e+02,5.235289001464843750e+01,4.907979965209960938e+00,2.267000000000000000e+03,0.000000000000000000e+00
2.651908400000000000e+07,2.193899993896484375e+02,5.236841964721679688e+01,4.882229804992675781e+00,1.005000000000000000e+03,0.000000000000000000e+00
2.651926400000000000e+07,9.187999725341796875e+01,5.237469863891601562e+01,4.863999843597412109e+00,2.188000000000000000e+03,0.000000000000000000e+00
2.655113400000000000e+07,1.074499969482421875e+02,5.238454818725585938e+01,4.852459907531738281e+00,3.267000000000000000e+03,0.000000000000000000e+00
2.655836200000000000e+07,1.463899993896484375e+02,5.237574005126953125e+01,4.889880180358886719e+00,5.910000000000000000e+02,0.000000000000000000e+00
2.656020000000000000e+07,8.215000152587890625e+01,5.237319946289062500e+01,4.971479892730712891e+00,5.133000000000000000e+03,0.000000000000000000e+00
2.659364600000000000e+07,1.493099975585937500e+02,5.235377883911132812e+01,4.836142539978027344e+00,4.530000000000000000e+03,0.000000000000000000e+00
2.659724400000000000e+07,3.897200012207031250e+02,5.235728073120117188e+01,4.932469844818115234e+00,2.968000000000000000e+03,0.000000000000000000e+00
2.662584000000000000e+07,1.843500061035156250e+02,5.235280990600585938e+01,4.913209915161132812e+00,2.426000000000000000e+03,0.000000000000000000e+00
2.672865400000000000e+07,1.911600036621093750e+02,5.235665130615234375e+01,4.888189792633056641e+00,1.774000000000000000e+03,0.000000000000000000e+00
2.672898400000000000e+07,1.882400054931640625e+02,5.236729812622070312e+01,4.901549816131591797e+00,6.390000000000000000e+02,0.000000000000000000e+00
2.673662400000000000e+07,8.798999786376953125e+01,5.241236877441406250e+01,4.886960029602050781e+00,4.541000000000000000e+03,0.000000000000000000e+00
2.674431000000000000e+07,1.600099945068359375e+02,5.235906982421875000e+01,4.849989891052246094e+00,3.428000000000000000e+03,0.000000000000000000e+00
2.674490400000000000e+07,1.016100006103515625e+02,5.239062118530273438e+01,4.886760234832763672e+00,2.172000000000000000e+03,0.000000000000000000e+00
2.674492800000000000e+07,3.449500122070312500e+02,5.235382080078125000e+01,4.867919921875000000e+00,2.766000000000000000e+03,0.000000000000000000e+00
2.676101200000000000e+07,1.502799987792968750e+02,5.235766983032226562e+01,4.920179843902587891e+00,2.285000000000000000e+03,0.000000000000000000e+00
2.676647200000000000e+07,1.989499969482421875e+02,5.235015106201171875e+01,4.887450218200683594e+00,2.485000000000000000e+03,0.000000000000000000e+00
2.678109600000000000e+07,8.312000274658203125e+01,5.236383819580078125e+01,4.901309967041015625e+00,9.690000000000000000e+02,0.000000000000000000e+00
2.678120600000000000e+07,9.675000000000000000e+01,5.237387084960937500e+01,4.864409923553466797e+00,2.149000000000000000e+03,0.000000000000000000e+00
2.679321400000000000e+07,2.125700073242187500e+02,5.234180831909179688e+01,4.894589900970458984e+00,3.347000000000000000e+03,0.000000000000000000e+00
2.679455600000000000e+07,2.193899993896484375e+02,5.236122894287109375e+01,4.895299911499023438e+00,1.187000000000000000e+03,0.000000000000000000e+00
2.679466400000000000e+07,2.310700073242187500e+02,5.236103820800781250e+01,4.895259857177734375e+00,1.208000000000000000e+03,0.000000000000000000e+00
2.682903200000000000e+07,3.147699890136718750e+02,5.236624145507812500e+01,4.902450084686279297e+00,7.700000000000000000e+02,0.000000000000000000e+00
2.683236400000000000e+07,2.476100006103515625e+02,5.236083984375000000e+01,4.865489959716796875e+00,2.403000000000000000e+03,0.000000000000000000e+00
2.683843600000000000e+07,2.281499938964843750e+02,5.235361099243164062e+01,4.904240131378173828e+00,2.111000000000000000e+03,0.000000000000000000e+00
2.684266400000000000e+07,2.904400024414062500e+02,5.230786895751953125e+01,5.018390178680419922e+00,1.095200000000000000e+04,0.000000000000000000e+00
2.685414400000000000e+07,1.940800018310546875e+02,5.239905166625976562e+01,4.920579910278320312e+00,3.453000000000000000e+03,0.000000000000000000e+00
2.685867400000000000e+07,1.502799987792968750e+02,5.237096023559570312e+01,4.876870155334472656e+00,1.296000000000000000e+03,0.000000000000000000e+00
2.686953800000000000e+07,1.210800018310546875e+02,5.237097167968750000e+01,4.868249893188476562e+00,1.880000000000000000e+03,0.000000000000000000e+00
2.687976400000000000e+07,1.220500030517578125e+02,5.236286926269531250e+01,4.864860057830810547e+00,2.334000000000000000e+03,0.000000000000000000e+00
2.688535000000000000e+07,3.517600097656250000e+02,5.236571121215820312e+01,4.926489830017089844e+00,2.188000000000000000e+03,0.000000000000000000e+00
2.690726200000000000e+07,1.600099945068359375e+02,5.234386825561523438e+01,4.891910076141357422e+00,3.129000000000000000e+03,0.000000000000000000e+00
2.691099600000000000e+07,1.220500030517578125e+02,5.235152053833007812e+01,5.001070022583007812e+00,7.492000000000000000e+03,0.000000000000000000e+00
2.693690800000000000e+07,1.463899993896484375e+02,5.235031890869140625e+01,4.890490055084228516e+00,2.428000000000000000e+03,0.000000000000000000e+00
2.695012800000000000e+07,7.727999877929687500e+01,5.234608840942382812e+01,4.848720073699951172e+00,4.301000000000000000e+03,0.000000000000000000e+00
2.695099000000000000e+07,1.201100006103515625e+02,5.237768173217773438e+01,4.846980094909667969e+00,3.383000000000000000e+03,0.000000000000000000e+00
2.698564000000000000e+07,2.203600006103515625e+02,5.236914062500000000e+01,4.878610134124755859e+00,1.213000000000000000e+03,0.000000000000000000e+00
2.700408400000000000e+07,2.622099914550781250e+02,5.234426116943359375e+01,4.923830032348632812e+00,3.611000000000000000e+03,0.000000000000000000e+00
2.701019600000000000e+07,2.476100006103515625e+02,5.235531997680664062e+01,4.936749935150146484e+00,3.330000000000000000e+03,0.000000000000000000e+00
2.702049600000000000e+07,2.378800048828125000e+02,5.238521957397460938e+01,4.911779880523681641e+00,1.832000000000000000e+03,0.000000000000000000e+00
2.702424200000000000e+07,2.515099945068359375e+02,5.235269927978515625e+01,4.860909938812255859e+00,3.194000000000000000e+03,0.000000000000000000e+00
2.704191800000000000e+07,4.711000061035156250e+01,5.236832046508789062e+01,4.877009868621826172e+00,1.343000000000000000e+03,0.000000000000000000e+00
2.705121200000000000e+07,2.953099975585937500e+02,5.235649871826171875e+01,4.873680114746093750e+00,2.282000000000000000e+03,0.000000000000000000e+00
2.705325600000000000e+07,7.241000366210937500e+01,5.237683105468750000e+01,4.851769924163818359e+00,3.046000000000000000e+03,0.000000000000000000e+00
2.705830200000000000e+07,2.330099945068359375e+02,5.236310958862304688e+01,4.989799976348876953e+00,6.450000000000000000e+03,0.000000000000000000e+00
2.706178800000000000e+07,8.701000213623046875e+01,5.238172149658203125e+01,4.878109931945800781e+00,1.628000000000000000e+03,0.000000000000000000e+00
2.707800800000000000e+07,1.989499969482421875e+02,5.237115859985351562e+01,4.969699859619140625e+00,5.011000000000000000e+03,0.000000000000000000e+00
2.708162000000000000e+07,2.018699951171875000e+02,5.236935043334960938e+01,4.883029937744140625e+00,9.190000000000000000e+02,0.000000000000000000e+00
2.710338400000000000e+07,1.113499984741210938e+02,5.238571166992187500e+01,4.880700111389160156e+00,1.850000000000000000e+03,0.000000000000000000e+00
2.712341600000000000e+07,1.843500061035156250e+02,5.236246871948242188e+01,4.982260227203369141e+00,5.957000000000000000e+03,0.000000000000000000e+00
2.712346000000000000e+07,1.979700012207031250e+02,5.238399124145507812e+01,4.880189895629882812e+00,1.716000000000000000e+03,0.000000000000000000e+00
2.712701200000000000e+07,4.218399963378906250e+02,5.236145019531250000e+01,4.875160217285156250e+00,1.826000000000000000e+03,0.000000000000000000e+00
2.713213600000000000e+07,1.502799987792968750e+02,5.239279937744140625e+01,4.926620006561279297e+00,3.122000000000000000e+03,0.000000000000000000e+00
2.716077600000000000e+07,1.794799957275390625e+02,5.236690139770507812e+01,4.926690101623535156e+00,2.163000000000000000e+03,0.000000000000000000e+00
2.717929000000000000e+07,9.091000366210937500e+01,5.235869979858398438e+01,4.923069953918457031e+00,2.357000000000000000e+03,0.000000000000000000e+00
2.718433200000000000e+07,1.989499969482421875e+02,5.237031936645507812e+01,4.882150173187255859e+00,9.500000000000000000e+02,0.000000000000000000e+00
2.722123600000000000e+07,2.077100067138671875e+02,5.239078140258789062e+01,4.951900005340576172e+00,4.342000000000000000e+03,0.000000000000000000e+00
2.723900200000000000e+07,1.269199981689453125e+02,5.235243988037109375e+01,4.890359878540039062e+00,2.196000000000000000e+03,0.000000000000000000e+00
2.724074000000000000e+07,1.882400054931640625e+02,5.235482025146484375e+01,4.853290081024169922e+00,3.461000000000000000e+03,0.000000000000000000e+00
2.728160400000000000e+07,2.067299957275390625e+02,5.236412811279296875e+01,4.887680053710937500e+00,1.029000000000000000e+03,0.000000000000000000e+00
2.731909000000000000e+07,1.551499938964843750e+02,5.242074966430664062e+01,4.895959854125976562e+00,5.432000000000000000e+03,0.000000000000000000e+00
2.732650400000000000e+07,1.502799987792968750e+02,5.235932159423828125e+01,4.859489917755126953e+00,2.840000000000000000e+03,0.000000000000000000e+00
2.734897200000000000e+07,2.232799987792968750e+02,5.235662841796875000e+01,4.924129962921142578e+00,2.561000000000000000e+03,0.000000000000000000e+00
2.736257200000000000e+07,1.210800018310546875e+02,5.238272857666015625e+01,4.854680061340332031e+00,3.046000000000000000e+03,0.000000000000000000e+00
2.736270800000000000e+07,1.240000000000000000e+02,5.237284851074218750e+01,4.873990058898925781e+00,1.491000000000000000e+03,0.000000000000000000e+00
2.737940400000000000e+07,1.502799987792968750e+02,5.236616134643554688e+01,4.862150192260742188e+00,2.379000000000000000e+03,0.000000000000000000e+00
2.739637200000000000e+07,9.187999725341796875e+01,5.237115859985351562e+01,4.855050086975097656e+00,2.774000000000000000e+03,0.000000000000000000e+00
2.739705800000000000e+07,8.798999786376953125e+01,5.237107849121093750e+01,4.853030204772949219e+00,2.912000000000000000e+03,0.000000000000000000e+00
2.741092400000000000e+07,1.561199951171875000e+02,5.235203933715820312e+01,4.857399940490722656e+00,3.422000000000000000e+03,0.000000000000000000e+00
2.742669200000000000e+07,7.727999877929687500e+01,5.235058975219726562e+01,4.846899986267089844e+00,4.085000000000000000e+03,0.000000000000000000e+00
2.742856000000000000e+07,2.184100036621093750e+02,5.236402130126953125e+01,4.926000118255615234e+00,2.223000000000000000e+03,0.000000000000000000e+00
2.744727800000000000e+07,6.268000030517578125e+01,5.238359832763671875e+01,4.869979858398437500e+00,2.188000000000000000e+03,0.000000000000000000e+00
2.746450000000000000e+07,7.338999938964843750e+01,5.239910888671875000e+01,4.905330181121826172e+00,3.093000000000000000e+03,0.000000000000000000e+00
2.746635600000000000e+07,5.684000015258789062e+01,5.242369079589843750e+01,4.885449886322021484e+00,5.803000000000000000e+03,0.000000000000000000e+00
2.747896800000000000e+07,4.666099853515625000e+02,5.235174942016601562e+01,4.909049987792968750e+00,2.412000000000000000e+03,0.000000000000000000e+00
2.748214800000000000e+07,1.502799987792968750e+02,5.240797042846679688e+01,4.923970222473144531e+00,4.440000000000000000e+03,0.000000000000000000e+00
2.749825600000000000e+07,2.476100006103515625e+02,5.236748123168945312e+01,4.910970211029052734e+00,1.135000000000000000e+03,0.000000000000000000e+00
2.752001600000000000e+07,1.132900009155273438e+02,5.235916137695312500e+01,4.933479785919189453e+00,2.918000000000000000e+03,0.000000000000000000e+00
2.752005600000000000e+07,2.184100036621093750e+02,5.236914062500000000e+01,4.934370040893554688e+00,2.630000000000000000e+03,0.000000000000000000e+00
2.752586400000000000e+07,3.936099853515625000e+02,5.236434173583984375e+01,4.925330162048339844e+00,2.168000000000000000e+03,0.000000000000000000e+00
2.753313600000000000e+07,1.016100006103515625e+02,5.235047912597656250e+01,4.849180221557617188e+00,3.967000000000000000e+03,0.000000000000000000e+00
2.754682600000000000e+07,1.113499984741210938e+02,5.238494873046875000e+01,4.849219799041748047e+00,3.485000000000000000e+03,0.000000000000000000e+00
2.756520200000000000e+07,2.953099975585937500e+02,5.235667037963867188e+01,4.878880023956298828e+00,2.050000000000000000e+03,0.000000000000000000e+00
2.756553600000000000e+07,1.016100006103515625e+02,5.238265991210937500e+01,4.862010002136230469e+00,2.593000000000000000e+03,0.000000000000000000e+00
2.759591200000000000e+07,1.201100006103515625e+02,5.237792968750000000e+01,4.892960071563720703e+00,7.000000000000000000e+02,0.000000000000000000e+00
2.760074200000000000e+07,5.002999877929687500e+01,5.238251876831054688e+01,4.854430198669433594e+00,3.053000000000000000e+03,0.000000000000000000e+00
2.760800400000000000e+07,1.308099975585937500e+02,5.240243148803710938e+01,4.913350105285644531e+00,3.596000000000000000e+03,0.000000000000000000e+00
2.761609200000000000e+07,1.162099990844726562e+02,5.240055847167968750e+01,4.913370132446289062e+00,3.400000000000000000e+03,0.000000000000000000e+00
2.762200400000000000e+07,3.936099853515625000e+02,5.236684036254882812e+01,4.875599861145019531e+00,1.489000000000000000e+03,0.000000000000000000e+00
2.765376000000000000e+07,1.113499984741210938e+02,5.237306976318359375e+01,4.853789806365966797e+00,2.862000000000000000e+03,0.000000000000000000e+00
2.767771600000000000e+07,2.193899993896484375e+02,5.234437942504882812e+01,4.895559787750244141e+00,3.060000000000000000e+03,0.000000000000000000e+00
2.771096400000000000e+07,2.223099975585937500e+02,5.239892959594726562e+01,4.921460151672363281e+00,3.470000000000000000e+03,0.000000000000000000e+00
2.771118000000000000e+07,9.766400146484375000e+02,5.237031173706054688e+01,4.911409854888916016e+00,1.068000000000000000e+03,0.000000000000000000e+00
2.771134600000000000e+07,2.223099975585937500e+02,5.235575866699218750e+01,4.905489921569824219e+00,1.909000000000000000e+03,0.000000000000000000e+00
2.771149200000000000e+07,2.223099975585937500e+02,5.238333129882812500e+01,4.893350124359130859e+00,1.283000000000000000e+03,0.000000000000000000e+00
2.771166000000000000e+07,1.882400054931640625e+02,5.238180160522460938e+01,4.879340171813964844e+00,1.574000000000000000e+03,0.000000000000000000e+00
2.771176800000000000e+07,2.028399963378906250e+02,5.237546920776367188e+01,4.870170116424560547e+00,1.791000000000000000e+03,0.000000000000000000e+00
2.771192400000000000e+07,1.882400054931640625e+02,5.237014007568359375e+01,4.865159988403320312e+00,2.096000000000000000e+03,0.000000000000000000e+00
2.771206000000000000e+07,1.882400054931640625e+02,5.236463928222656250e+01,4.860249996185302734e+00,2.551000000000000000e+03,0.000000000000000000e+00
2.771344800000000000e+07,1.989499969482421875e+02,5.235408020019531250e+01,4.884459972381591797e+00,2.128000000000000000e+03,0.000000000000000000e+00
2.771369200000000000e+07,1.502799987792968750e+02,5.237649154663085938e+01,4.859980106353759766e+00,2.491000000000000000e+03,0.000000000000000000e+00
2.771932400000000000e+07,2.758399963378906250e+02,5.234408187866210938e+01,4.864860057830810547e+00,3.743000000000000000e+03,0.000000000000000000e+00
2.774427600000000000e+07,1.006399993896484375e+02,5.238211822509765625e+01,4.857160091400146484e+00,2.865000000000000000e+03,0.000000000000000000e+00
2.774556000000000000e+07,1.502799987792968750e+02,5.238589096069335938e+01,4.882939815521240234e+00,1.787000000000000000e+03,0.000000000000000000e+00
2.775486000000000000e+07,3.400799865722656250e+02,5.236960983276367188e+01,4.875120162963867188e+00,1.434000000000000000e+03,0.000000000000000000e+00
2.775539000000000000e+07,2.476100006103515625e+02,5.237343978881835938e+01,4.812150001525878906e+00,5.688000000000000000e+03,0.000000000000000000e+00
2.777467400000000000e+07,2.962799987792968750e+02,5.237961959838867188e+01,4.887690067291259766e+00,1.024000000000000000e+03,0.000000000000000000e+00
2.777479400000000000e+07,1.590399932861328125e+02,5.239994049072265625e+01,4.906209945678710938e+00,3.196000000000000000e+03,0.000000000000000000e+00
2.779318000000000000e+07,1.337299957275390625e+02,5.237070083618164062e+01,4.894949913024902344e+00,1.480000000000000000e+02,0.000000000000000000e+00
2.779571200000000000e+07,9.091000366210937500e+01,5.237598037719726562e+01,4.858190059661865234e+00,2.600000000000000000e+03,0.000000000000000000e+00
2.780038000000000000e+07,1.522299957275390625e+02,5.235507965087890625e+01,4.896010875701904297e+00,1.870000000000000000e+03,0.000000000000000000e+00
2.780319200000000000e+07,1.483300018310546875e+02,5.237026977539062500e+01,4.895090103149414062e+00,1.890000000000000000e+02,0.000000000000000000e+00
2.780937200000000000e+07,2.923900146484375000e+02,5.237073135375976562e+01,4.896349906921386719e+00,1.330000000000000000e+02,0.000000000000000000e+00
2.782599200000000000e+07,1.940800018310546875e+02,5.233977890014648438e+01,4.944560050964355469e+00,4.866000000000000000e+03,0.000000000000000000e+00
2.783369800000000000e+07,9.091000366210937500e+01,5.237630844116210938e+01,4.847740173339843750e+00,3.306000000000000000e+03,0.000000000000000000e+00
2.784179200000000000e+07,8.215000152587890625e+01,5.235501861572265625e+01,4.923329830169677734e+00,2.644000000000000000e+03,0.000000000000000000e+00
2.785055200000000000e+07,5.191699829101562500e+02,5.236333847045898438e+01,4.886640071868896484e+00,1.141000000000000000e+03,0.000000000000000000e+00
2.785162600000000000e+07,1.210800018310546875e+02,5.237400817871093750e+01,4.872829914093017578e+00,1.584000000000000000e+03,0.000000000000000000e+00
2.785423600000000000e+07,1.172280029296875000e+03,5.236552810668945312e+01,4.886640071868896484e+00,9.470000000000000000e+02,0.000000000000000000e+00
2.786322600000000000e+07,1.162099990844726562e+02,5.235419082641601562e+01,4.916550159454345703e+00,2.417000000000000000e+03,0.000000000000000000e+00
2.786534000000000000e+07,8.701000213623046875e+01,5.237639999389648438e+01,4.823349952697753906e+00,4.950000000000000000e+03,0.000000000000000000e+00
2.787168600000000000e+07,1.395700073242187500e+02,5.237805938720703125e+01,4.885240077972412109e+00,9.960000000000000000e+02,0.000000000000000000e+00
2.790395600000000000e+07,7.144000244140625000e+01,5.232429885864257812e+01,4.872889995574951172e+00,5.519000000000000000e+03,0.000000000000000000e+00
2.791352800000000000e+07,1.259499969482421875e+02,5.237435913085937500e+01,4.904170036315917969e+00,6.250000000000000000e+02,0.000000000000000000e+00
2.791677600000000000e+07,4.808000183105468750e+01,5.237807083129882812e+01,4.845749855041503906e+00,3.473000000000000000e+03,0.000000000000000000e+00
2.792174000000000000e+07,2.223099975585937500e+02,5.235871124267578125e+01,4.855899810791015625e+00,3.087000000000000000e+03,0.000000000000000000e+00
2.794039200000000000e+07,1.687700042724609375e+02,5.236397171020507812e+01,4.853097438812255859e+00,3.037000000000000000e+03,0.000000000000000000e+00
2.794441600000000000e+07,1.035599975585937500e+02,5.237741851806640625e+01,4.796609878540039062e+00,6.768000000000000000e+03,0.000000000000000000e+00
2.796322200000000000e+07,3.527300109863281250e+02,5.235747146606445312e+01,4.857943058013916016e+00,3.036000000000000000e+03,0.000000000000000000e+00
2.796925200000000000e+07,1.746100006103515625e+02,5.237746810913085938e+01,4.892469882965087891e+00,6.620000000000000000e+02,0.000000000000000000e+00
2.800550000000000000e+07,9.869000244140625000e+01,5.237654876708984375e+01,4.873519897460937500e+00,1.605000000000000000e+03,0.000000000000000000e+00
2.801881200000000000e+07,2.446900024414062500e+02,5.236674118041992188e+01,4.861529827117919922e+00,2.403000000000000000e+03,0.000000000000000000e+00
2.804292400000000000e+07,2.047899932861328125e+02,5.237942886352539062e+01,4.877950191497802734e+00,1.478000000000000000e+03,0.000000000000000000e+00
2.805948000000000000e+07,7.727999877929687500e+01,5.235940933227539062e+01,4.926839828491210938e+00,2.518000000000000000e+03,0.000000000000000000e+00
2.805995400000000000e+07,1.882400054931640625e+02,5.236827850341796875e+01,4.914730072021484375e+00,1.340000000000000000e+03,0.000000000000000000e+00
2.806428200000000000e+07,2.330099945068359375e+02,5.236833953857421875e+01,4.908830165863037109e+00,9.630000000000000000e+02,0.000000000000000000e+00
2.809887800000000000e+07,2.914100036621093750e+02,5.237469863891601562e+01,4.903289794921875000e+00,5.900000000000000000e+02,0.000000000000000000e+00
2.810259600000000000e+07,1.882400054931640625e+02,5.237099838256835938e+01,4.882750034332275391e+00,8.980000000000000000e+02,0.000000000000000000e+00
2.814604400000000000e+07,8.215000152587890625e+01,5.235939788818359375e+01,4.825565814971923828e+00,4.974000000000000000e+03,0.000000000000000000e+00
2.814677200000000000e+07,1.882400054931640625e+02,5.237268066406250000e+01,4.861480236053466797e+00,2.338000000000000000e+03,0.000000000000000000e+00
2.816782800000000000e+07,1.395700073242187500e+02,5.237915039062500000e+01,4.886270046234130859e+00,1.038000000000000000e+03,0.000000000000000000e+00
2.817087600000000000e+07,8.993000030517578125e+01,5.238388061523437500e+01,4.787869930267333984e+00,7.453000000000000000e+03,0.000000000000000000e+00
2.817196800000000000e+07,9.383000183105468750e+01,5.238388061523437500e+01,4.787869930267333984e+00,7.453000000000000000e+03,0.000000000000000000e+00
2.819881600000000000e+07,2.680499877929687500e+02,5.237371826171875000e+01,4.905409812927246094e+00,6.770000000000000000e+02,0.000000000000000000e+00
2.821581600000000000e+07,2.300899963378906250e+02,5.235945129394531250e+01,4.896649837493896484e+00,1.385000000000000000e+03,0.000000000000000000e+00
2.822032000000000000e+07,2.962799987792968750e+02,5.236320877075195312e+01,4.930620193481445312e+00,2.548000000000000000e+03,0.000000000000000000e+00
2.823406400000000000e+07,1.892100067138671875e+02,5.235639190673828125e+01,4.890570163726806641e+00,1.762000000000000000e+03,0.000000000000000000e+00
2.823650800000000000e+07,2.232799987792968750e+02,5.235247039794921875e+01,4.937570095062255859e+00,3.560000000000000000e+03,0.000000000000000000e+00
2.823982000000000000e+07,3.449500122070312500e+02,5.236563873291015625e+01,4.874020099639892578e+00,1.640000000000000000e+03,0.000000000000000000e+00
2.825282400000000000e+07,2.184100036621093750e+02,5.235766983032226562e+01,4.899730205535888672e+00,1.603000000000000000e+03,0.000000000000000000e+00
2.827044800000000000e+07,2.846000061035156250e+02,5.235493850708007812e+01,4.896810054779052734e+00,1.887000000000000000e+03,0.000000000000000000e+00
2.829883000000000000e+07,2.028399963378906250e+02,5.238652038574218750e+01,4.913819789886474609e+00,2.031000000000000000e+03,0.000000000000000000e+00
2.832949600000000000e+07,2.476100006103515625e+02,5.237034988403320312e+01,4.875360012054443359e+00,1.405000000000000000e+03,0.000000000000000000e+00
2.835240600000000000e+07,1.502799987792968750e+02,5.237923812866210938e+01,4.929619789123535156e+00,2.430000000000000000e+03,0.000000000000000000e+00
2.837550800000000000e+07,2.719500122070312500e+02,5.235221862792968750e+01,4.884829998016357422e+00,2.314000000000000000e+03,0.000000000000000000e+00
2.838228000000000000e+07,3.347999954223632812e+01,5.240710830688476562e+01,4.905469894409179688e+00,3.969000000000000000e+03,0.000000000000000000e+00
2.844878400000000000e+07,3.498099975585937500e+02,5.236206054687500000e+01,4.905169963836669922e+00,1.262000000000000000e+03,0.000000000000000000e+00
2.851502800000000000e+07,3.936099853515625000e+02,5.237033843994140625e+01,4.873209953308105469e+00,1.550000000000000000e+03,0.000000000000000000e+00
2.851608800000000000e+07,1.201100006103515625e+02,5.235176086425781250e+01,4.851220130920410156e+00,3.771000000000000000e+03,0.000000000000000000e+00
2.851616000000000000e+07,8.701000213623046875e+01,5.234735870361328125e+01,5.006169795989990234e+00,7.970000000000000000e+03,0.000000000000000000e+00
2.851732400000000000e+07,1.152399978637695312e+02,5.237762832641601562e+01,4.837019920349121094e+00,4.047000000000000000e+03,0.000000000000000000e+00
2.853504800000000000e+07,9.187999725341796875e+01,5.236305999755859375e+01,4.860169887542724609e+00,2.617000000000000000e+03,0.000000000000000000e+00
2.854420400000000000e+07,2.223099975585937500e+02,5.238031005859375000e+01,4.888579845428466797e+00,1.059000000000000000e+03,0.000000000000000000e+00
2.857864000000000000e+07,2.719500122070312500e+02,5.236606979370117188e+01,4.874800205230712891e+00,1.572000000000000000e+03,0.000000000000000000e+00
2.858244800000000000e+07,1.298399963378906250e+02,5.236949157714843750e+01,4.852680206298828125e+00,2.946000000000000000e+03,0.000000000000000000e+00
2.860399600000000000e+07,1.814299926757812500e+02,5.235477066040039062e+01,4.906270027160644531e+00,2.031000000000000000e+03,0.000000000000000000e+00
2.870646800000000000e+07,3.595499877929687500e+02,5.236827850341796875e+01,4.929530143737792969e+00,2.318000000000000000e+03,0.000000000000000000e+00
2.870742400000000000e+07,2.028399963378906250e+02,5.235469055175781250e+01,5.006060123443603516e+00,7.721000000000000000e+03,0.000000000000000000e+00
2.873342800000000000e+07,3.449500122070312500e+02,5.235276031494140625e+01,4.995520114898681641e+00,7.091000000000000000e+03,0.000000000000000000e+00
2.875036400000000000e+07,4.666099853515625000e+02,5.236822128295898438e+01,4.882279872894287109e+00,1.011000000000000000e+03,0.000000000000000000e+00
2.875391600000000000e+07,2.953099975585937500e+02,5.236220169067382812e+01,4.862750053405761719e+00,2.496000000000000000e+03,0.000000000000000000e+00
2.875775200000000000e+07,1.055100021362304688e+02,5.237429809570312500e+01,4.892159938812255859e+00,3.680000000000000000e+02,0.000000000000000000e+00
2.876876800000000000e+07,1.989499969482421875e+02,5.234437942504882812e+01,4.905220031738281250e+00,3.125000000000000000e+03,0.000000000000000000e+00
2.879770400000000000e+07,1.278899993896484375e+02,5.237094879150390625e+01,4.895760059356689453e+00,1.060000000000000000e+02,0.000000000000000000e+00
2.879843200000000000e+07,1.240000000000000000e+02,5.237020874023437500e+01,4.897170066833496094e+00,2.070000000000000000e+02,0.000000000000000000e+00
2.880080400000000000e+07,6.268000030517578125e+01,5.236425018310546875e+01,4.938570022583007812e+00,3.019000000000000000e+03,0.000000000000000000e+00
2.880697200000000000e+07,4.228099975585937500e+02,5.235456848144531250e+01,4.867479801177978516e+00,2.727000000000000000e+03,0.000000000000000000e+00
2.880924800000000000e+07,2.232799987792968750e+02,5.234685897827148438e+01,4.867919921875000000e+00,3.371000000000000000e+03,0.000000000000000000e+00
2.882749800000000000e+07,4.909500122070312500e+02,5.239410018920898438e+01,4.877409934997558594e+00,2.769000000000000000e+03,0.000000000000000000e+00
2.883804000000000000e+07,1.502799987792968750e+02,5.236526107788085938e+01,4.833459854125976562e+00,4.303000000000000000e+03,0.000000000000000000e+00
2.885469200000000000e+07,1.113499984741210938e+02,5.237810134887695312e+01,4.856820106506347656e+00,2.741000000000000000e+03,0.000000000000000000e+00
2.885988600000000000e+07,1.201100006103515625e+02,5.236405181884765625e+01,4.865530014038085938e+00,2.239000000000000000e+03,0.000000000000000000e+00
2.888188400000000000e+07,1.551499938964843750e+02,5.236371994018554688e+01,4.921700000762939453e+00,1.974000000000000000e+03,0.000000000000000000e+00
2.888263600000000000e+07,2.914100036621093750e+02,5.238066864013671875e+01,4.850319862365722656e+00,3.244000000000000000e+03,0.000000000000000000e+00
2.888755000000000000e+07,2.135500030517578125e+02,5.235335922241210938e+01,4.928180217742919922e+00,3.009000000000000000e+03,0.000000000000000000e+00
2.889259600000000000e+07,1.970000000000000000e+02,5.236378097534179688e+01,4.876870155334472656e+00,1.576000000000000000e+03,0.000000000000000000e+00
2.890232200000000000e+07,1.162099990844726562e+02,5.237176895141601562e+01,4.873680114746093750e+00,1.509000000000000000e+03,0.000000000000000000e+00
2.892223600000000000e+07,1.162099990844726562e+02,5.237453842163085938e+01,4.862530231475830078e+00,2.284000000000000000e+03,0.000000000000000000e+00
2.892424400000000000e+07,9.187999725341796875e+01,5.238043975830078125e+01,4.838160037994384766e+00,4.033000000000000000e+03,0.000000000000000000e+00
2.893432000000000000e+07,7.630999755859375000e+01,5.234502029418945312e+01,4.903250217437744141e+00,3.030000000000000000e+03,0.000000000000000000e+00
2.894638000000000000e+07,7.825000000000000000e+01,5.237405014038085938e+01,4.906300067901611328e+00,7.450000000000000000e+02,0.000000000000000000e+00
2.894691400000000000e+07,1.210800018310546875e+02,5.236251068115234375e+01,4.941100120544433594e+00,3.242000000000000000e+03,0.000000000000000000e+00
2.895788000000000000e+07,5.882800292968750000e+02,5.238312911987304688e+01,4.872889995574951172e+00,2.000000000000000000e+03,0.000000000000000000e+00
2.897053200000000000e+07,4.607699890136718750e+02,5.237628173828125000e+01,4.939290046691894531e+00,2.986000000000000000e+03,0.000000000000000000e+00
2.897326800000000000e+07,1.298399963378906250e+02,5.235340118408203125e+01,4.865340232849121094e+00,2.922000000000000000e+03,0.000000000000000000e+00
2.898333600000000000e+07,2.028399963378906250e+02,5.236034011840820312e+01,4.863639831542968750e+00,2.540000000000000000e+03,0.000000000000000000e+00
2.898452200000000000e+07,9.187999725341796875e+01,5.236082077026367188e+01,4.823800086975097656e+00,5.048000000000000000e+03,0.000000000000000000e+00
2.900607200000000000e+07,8.604000091552734375e+01,5.236339950561523438e+01,4.943160057067871094e+00,3.345000000000000000e+03,0.000000000000000000e+00
2.900772200000000000e+07,9.675000000000000000e+01,5.235776138305664062e+01,4.889269828796386719e+00,1.635000000000000000e+03,0.000000000000000000e+00
2.904616000000000000e+07,1.882400054931640625e+02,5.236392974853515625e+01,4.875080108642578125e+00,1.668000000000000000e+03,0.000000000000000000e+00
2.906773600000000000e+07,1.356799926757812500e+02,5.235068130493164062e+01,4.887959957122802734e+00,2.420000000000000000e+03,0.000000000000000000e+00
2.907189600000000000e+07,1.600099945068359375e+02,5.238240051269531250e+01,4.872729778289794922e+00,1.959000000000000000e+03,0.000000000000000000e+00
2.911694000000000000e+07,2.962799987792968750e+02,5.236769104003906250e+01,4.899809837341308594e+00,5.380000000000000000e+02,0.000000000000000000e+00
2.912070400000000000e+07,9.091000366210937500e+01,5.236579132080078125e+01,4.928679943084716797e+00,2.327000000000000000e+03,0.000000000000000000e+00
2.912469200000000000e+07,2.622099914550781250e+02,5.235305023193359375e+01,4.891620159149169922e+00,2.116000000000000000e+03,0.000000000000000000e+00
2.915699200000000000e+07,8.019999694824218750e+01,5.236000823974609375e+01,4.902810096740722656e+00,1.403000000000000000e+03,0.000000000000000000e+00
2.917418600000000000e+07,1.502799987792968750e+02,5.236217880249023438e+01,4.865890026092529297e+00,2.306000000000000000e+03,0.000000000000000000e+00
2.917500800000000000e+07,9.675000000000000000e+01,5.234247970581054688e+01,4.791120052337646484e+00,7.832000000000000000e+03,0.000000000000000000e+00
2.918144000000000000e+07,2.962799987792968750e+02,5.235646057128906250e+01,4.889860153198242188e+00,1.765000000000000000e+03,0.000000000000000000e+00
2.921280000000000000e+07,8.408999633789062500e+01,5.234188079833984375e+01,4.920730113983154297e+00,3.740000000000000000e+03,0.000000000000000000e+00
2.923012000000000000e+07,1.249700012207031250e+02,5.238209152221679688e+01,4.879350185394287109e+00,1.596000000000000000e+03,0.000000000000000000e+00
2.925140400000000000e+07,8.312000274658203125e+01,5.236938858032226562e+01,4.903860092163085938e+00,6.080000000000000000e+02,0.000000000000000000e+00
2.925677600000000000e+07,2.476100006103515625e+02,5.235271835327148438e+01,4.903639793395996094e+00,2.197000000000000000e+03,0.000000000000000000e+00
2.925893400000000000e+07,6.072999954223632812e+01,5.236122131347656250e+01,4.979209899902343750e+00,5.780000000000000000e+03,0.000000000000000000e+00
2.926836000000000000e+07,9.284999847412109375e+01,5.237031936645507812e+01,4.905749797821044922e+00,6.910000000000000000e+02,0.000000000000000000e+00
2.927510600000000000e+07,2.719500122070312500e+02,5.232709884643554688e+01,4.861579895019531250e+00,5.500000000000000000e+03,0.000000000000000000e+00
2.929878000000000000e+07,1.055100021362304688e+02,5.236378860473632812e+01,4.862289905548095703e+00,2.454000000000000000e+03,0.000000000000000000e+00
2.930259200000000000e+07,4.121099853515625000e+02,5.236777114868164062e+01,4.933849811553955078e+00,2.617000000000000000e+03,0.000000000000000000e+00
2.930475200000000000e+07,2.232799987792968750e+02,5.239665985107421875e+01,4.916550159454345703e+00,3.090000000000000000e+03,0.000000000000000000e+00
2.930734400000000000e+07,1.016100006103515625e+02,5.237506103515625000e+01,4.864749908447265625e+00,2.144000000000000000e+03,0.000000000000000000e+00
2.933296000000000000e+07,1.016100006103515625e+02,5.235422134399414062e+01,4.887209892272949219e+00,2.052000000000000000e+03,0.000000000000000000e+00
2.933594800000000000e+07,1.493099975585937500e+02,5.234907913208007812e+01,4.841599941253662109e+00,4.476000000000000000e+03,0.000000000000000000e+00
2.935046800000000000e+07,1.746100006103515625e+02,5.240864944458007812e+01,4.924180030822753906e+00,4.515000000000000000e+03,0.000000000000000000e+00
2.935090400000000000e+07,1.210800018310546875e+02,5.235332107543945312e+01,4.893809795379638672e+00,2.071000000000000000e+03,0.000000000000000000e+00
2.938994800000000000e+07,1.405500030517578125e+02,5.236703872680664062e+01,4.932059764862060547e+00,2.514000000000000000e+03,0.000000000000000000e+00
2.943588400000000000e+07,1.308099975585937500e+02,5.235321044921875000e+01,4.941440105438232422e+00,3.726000000000000000e+03,0.000000000000000000e+00
2.945251600000000000e+07,3.206099853515625000e+02,5.236127090454101562e+01,4.882090091705322266e+00,1.509000000000000000e+03,0.000000000000000000e+00
2.945610800000000000e+07,2.437200012207031250e+02,5.238813018798828125e+01,4.909049987792968750e+00,2.014000000000000000e+03,0.000000000000000000e+00
2.945693200000000000e+07,5.298800048828125000e+02,5.238660049438476562e+01,4.882880210876464844e+00,1.858000000000000000e+03,0.000000000000000000e+00
2.947167200000000000e+07,2.670799865722656250e+02,5.237266921997070312e+01,4.877250194549560547e+00,1.269000000000000000e+03,0.000000000000000000e+00
2.947798600000000000e+07,1.171900024414062500e+02,5.236780166625976562e+01,4.923389911651611328e+00,1.921000000000000000e+03,0.000000000000000000e+00
2.956836400000000000e+07,6.170999908447265625e+01,5.238285064697265625e+01,4.883220195770263672e+00,1.491000000000000000e+03,0.000000000000000000e+00
2.957867000000000000e+07,1.600099945068359375e+02,5.235710144042968750e+01,4.889090061187744141e+00,1.709000000000000000e+03,0.000000000000000000e+00
2.960470400000000000e+07,1.989499969482421875e+02,5.235068893432617188e+01,4.897039890289306641e+00,2.360000000000000000e+03,0.000000000000000000e+00
2.962268600000000000e+07,3.887500000000000000e+02,5.235171890258789062e+01,4.897830009460449219e+00,2.248000000000000000e+03,0.000000000000000000e+00
2.964662400000000000e+07,4.413099975585937500e+02,5.236608886718750000e+01,4.867800235748291016e+00,2.014000000000000000e+03,0.000000000000000000e+00
2.964836000000000000e+07,1.979700012207031250e+02,5.237718963623046875e+01,4.892960071563720703e+00,6.210000000000000000e+02,0.000000000000000000e+00
2.965588400000000000e+07,1.678000030517578125e+02,5.239076995849609375e+01,4.954619884490966797e+00,4.504000000000000000e+03,0.000000000000000000e+00
2.966848800000000000e+07,8.316099853515625000e+02,5.236203002929687500e+01,4.874070167541503906e+00,1.844000000000000000e+03,0.000000000000000000e+00
2.967810400000000000e+07,1.298399963378906250e+02,5.235348129272460938e+01,4.945099830627441406e+00,3.919000000000000000e+03,0.000000000000000000e+00
2.967835200000000000e+07,3.352099914550781250e+02,5.234257125854492188e+01,4.895269870758056641e+00,3.261000000000000000e+03,0.000000000000000000e+00
2.970133200000000000e+07,2.953099975585937500e+02,5.235477828979492188e+01,4.904389858245849609e+00,1.989000000000000000e+03,0.000000000000000000e+00
2.970532000000000000e+07,1.707200012207031250e+02,5.236141586303710938e+01,4.866740226745605469e+00,2.297000000000000000e+03,0.000000000000000000e+00
2.970567600000000000e+07,1.210800018310546875e+02,5.237639999389648438e+01,4.946269989013671875e+00,3.456000000000000000e+03,0.000000000000000000e+00
2.972310600000000000e+07,1.113499984741210938e+02,5.238225173950195312e+01,4.872990131378173828e+00,1.935000000000000000e+03,0.000000000000000000e+00
2.973060000000000000e+07,2.816799926757812500e+02,5.235644912719726562e+01,4.934070110321044922e+00,3.109000000000000000e+03,0.000000000000000000e+00
2.975022000000000000e+07,8.215000152587890625e+01,5.233856964111328125e+01,4.918580055236816406e+00,4.013000000000000000e+03,0.000000000000000000e+00
2.977572800000000000e+07,9.187999725341796875e+01,5.237120819091796875e+01,4.919320106506347656e+00,1.592000000000000000e+03,0.000000000000000000e+00
2.977607200000000000e+07,1.386000061035156250e+02,5.237205886840820312e+01,4.897200107574462891e+00,9.000000000000000000e+01,0.000000000000000000e+00
2.979566000000000000e+07,1.210800018310546875e+02,5.238092041015625000e+01,4.861460208892822266e+00,2.544000000000000000e+03,0.000000000000000000e+00
2.980065200000000000e+07,2.184100036621093750e+02,5.237860107421875000e+01,4.850460052490234375e+00,3.173000000000000000e+03,0.000000000000000000e+00
2.983616400000000000e+07,1.853200073242187500e+02,5.235615921020507812e+01,4.900859832763671875e+00,1.782000000000000000e+03,0.000000000000000000e+00
2.984528400000000000e+07,1.162099990844726562e+02,5.238748168945312500e+01,4.888199806213378906e+00,1.810000000000000000e+03,0.000000000000000000e+00
2.984542400000000000e+07,2.748699951171875000e+02,5.237767028808593750e+01,4.892799854278564453e+00,6.750000000000000000e+02,0.000000000000000000e+00
2.986897600000000000e+07,8.798999786376953125e+01,5.240393066406250000e+01,4.941490173339843750e+00,4.718000000000000000e+03,0.000000000000000000e+00
2.987192800000000000e+07,1.113499984741210938e+02,5.237546157836914062e+01,4.943860054016113281e+00,3.280000000000000000e+03,0.000000000000000000e+00
2.987486200000000000e+07,5.191699829101562500e+02,5.239955902099609375e+01,4.896810054779052734e+00,3.076000000000000000e+03,0.000000000000000000e+00
2.989739400000000000e+07,9.675000000000000000e+01,5.232337951660156250e+01,4.869450092315673828e+00,5.686000000000000000e+03,0.000000000000000000e+00
2.990122000000000000e+07,1.356799926757812500e+02,5.237205886840820312e+01,4.897200107574462891e+00,9.000000000000000000e+01,0.000000000000000000e+00
2.991316000000000000e+07,1.405500030517578125e+02,5.235044860839843750e+01,4.897469997406005859e+00,2.388000000000000000e+03,0.000000000000000000e+00
2.991425200000000000e+07,7.338999938964843750e+01,5.238388061523437500e+01,4.787869930267333984e+00,7.453000000000000000e+03,0.000000000000000000e+00
2.991916800000000000e+07,1.006399993896484375e+02,5.235300064086914062e+01,4.938189983367919922e+00,3.558000000000000000e+03,0.000000000000000000e+00
2.991954400000000000e+07,1.016100006103515625e+02,5.235229110717773438e+01,4.937610149383544922e+00,3.574000000000000000e+03,0.000000000000000000e+00
2.992389600000000000e+07,1.395700073242187500e+02,5.237987899780273438e+01,4.884590148925781250e+00,1.173000000000000000e+03,0.000000000000000000e+00
2.995370800000000000e+07,4.490899963378906250e+02,5.235779953002929688e+01,4.903029918670654297e+00,1.641000000000000000e+03,0.000000000000000000e+00
2.995999800000000000e+07,1.308099975585937500e+02,5.234281921386718750e+01,4.895199775695800781e+00,3.234000000000000000e+03,0.000000000000000000e+00
2.996173200000000000e+07,2.291199951171875000e+02,5.235477066040039062e+01,4.895709991455078125e+00,1.905000000000000000e+03,0.000000000000000000e+00
3.002659600000000000e+07,1.045299987792968750e+02,5.236450958251953125e+01,4.937590122222900391e+00,2.947000000000000000e+03,0.000000000000000000e+00
3.003005600000000000e+07,1.882400054931640625e+02,5.235841751098632812e+01,4.924475193023681641e+00,2.452000000000000000e+03,0.000000000000000000e+00
3.004115200000000000e+07,1.697500000000000000e+02,5.238938903808593750e+01,4.886060237884521484e+00,2.056000000000000000e+03,0.000000000000000000e+00
3.004174400000000000e+07,8.116999816894531250e+01,5.237002182006835938e+01,4.852769851684570312e+00,2.936000000000000000e+03,0.000000000000000000e+00
3.004214800000000000e+07,8.019999694824218750e+01,5.237039184570312500e+01,4.853950023651123047e+00,2.853000000000000000e+03,0.000000000000000000e+00
3.005910000000000000e+07,3.936099853515625000e+02,5.234988021850585938e+01,4.847919940948486328e+00,4.075000000000000000e+03,0.000000000000000000e+00
3.008976000000000000e+07,1.016100006103515625e+02,5.237644958496093750e+01,4.845660209655761719e+00,3.448000000000000000e+03,0.000000000000000000e+00
3.010053400000000000e+07,6.755000305175781250e+01,5.235980987548828125e+01,4.914529800415039062e+00,1.846000000000000000e+03,0.000000000000000000e+00
3.010800200000000000e+07,1.785099945068359375e+02,5.240935134887695312e+01,4.928510189056396484e+00,4.716000000000000000e+03,0.000000000000000000e+00
3.012338400000000000e+07,8.116999816894531250e+01,5.237683105468750000e+01,4.926400184631347656e+00,2.142000000000000000e+03,0.000000000000000000e+00
3.012389800000000000e+07,3.790100097656250000e+02,5.235363006591796875e+01,4.898769855499267578e+00,2.041000000000000000e+03,0.000000000000000000e+00
3.014086000000000000e+07,1.210800018310546875e+02,5.235372161865234375e+01,4.878029823303222656e+00,2.357000000000000000e+03,0.000000000000000000e+00
3.014105200000000000e+07,1.094000015258789062e+02,5.235493087768554688e+01,4.880119800567626953e+00,2.170000000000000000e+03,0.000000000000000000e+00
3.014216000000000000e+07,2.476100006103515625e+02,5.238351821899414062e+01,4.879399776458740234e+00,1.710000000000000000e+03,0.000000000000000000e+00
3.015225400000000000e+07,1.502799987792968750e+02,5.235649871826171875e+01,4.917039871215820312e+00,2.234000000000000000e+03,0.000000000000000000e+00
3.016974400000000000e+07,7.410900268554687500e+02,5.237120056152343750e+01,4.910999774932861328e+00,1.028000000000000000e+03,0.000000000000000000e+00
3.017790000000000000e+07,1.940800018310546875e+02,5.235617828369140625e+01,4.851459980010986328e+00,3.487000000000000000e+03,0.000000000000000000e+00
3.020293200000000000e+07,7.727999877929687500e+01,5.236639022827148438e+01,4.860099792480468750e+00,2.507000000000000000e+03,0.000000000000000000e+00
3.020296000000000000e+07,5.295000076293945312e+01,5.236087036132812500e+01,4.823329925537109375e+00,5.078000000000000000e+03,0.000000000000000000e+00
3.024471600000000000e+07,8.993000030517578125e+01,5.233298873901367188e+01,4.803520202636718750e+00,7.621000000000000000e+03,0.000000000000000000e+00
3.025028000000000000e+07,2.086799926757812500e+02,5.237102890014648438e+01,4.912049770355224609e+00,1.101000000000000000e+03,0.000000000000000000e+00
3.025139400000000000e+07,1.775299987792968750e+02,5.236489105224609375e+01,4.860070228576660156e+00,2.554000000000000000e+03,0.000000000000000000e+00
3.026174800000000000e+07,1.619600067138671875e+02,5.235585021972656250e+01,4.909399986267089844e+00,2.006000000000000000e+03,0.000000000000000000e+00
3.026492400000000000e+07,1.366499938964843750e+02,5.237252044677734375e+01,4.895830154418945312e+00,6.900000000000000000e+01,0.000000000000000000e+00
3.026527800000000000e+07,1.366499938964843750e+02,5.237105941772460938e+01,4.895810127258300781e+00,9.400000000000000000e+01,0.000000000000000000e+00
3.026538800000000000e+07,1.502799987792968750e+02,5.236433029174804688e+01,4.937300205230712891e+00,2.934000000000000000e+03,0.000000000000000000e+00
3.028257200000000000e+07,1.317899932861328125e+02,5.237284088134765625e+01,4.872710227966308594e+00,1.578000000000000000e+03,0.000000000000000000e+00
3.028977200000000000e+07,1.794799957275390625e+02,5.236779022216796875e+01,4.857230186462402344e+00,2.665000000000000000e+03,0.000000000000000000e+00
3.031647400000000000e+07,1.006399993896484375e+02,5.238323974609375000e+01,4.962430000305175781e+00,4.689000000000000000e+03,0.000000000000000000e+00
3.035686200000000000e+07,4.383900146484375000e+02,5.237318038940429688e+01,4.889850139617919922e+00,4.350000000000000000e+02,0.000000000000000000e+00
3.035989200000000000e+07,1.940800018310546875e+02,5.235697174072265625e+01,4.859340190887451172e+00,2.986000000000000000e+03,0.000000000000000000e+00
3.037143000000000000e+07,1.210800018310546875e+02,5.237831115722656250e+01,4.869410037994384766e+00,1.934000000000000000e+03,0.000000000000000000e+00
3.037440600000000000e+07,1.415200042724609375e+02,5.237115097045898438e+01,4.911630153656005859e+00,1.071000000000000000e+03,0.000000000000000000e+00
3.038981600000000000e+07,1.405500030517578125e+02,5.235100936889648438e+01,4.993790149688720703e+00,7.041000000000000000e+03,0.000000000000000000e+00
3.039344400000000000e+07,1.308099975585937500e+02,5.235153961181640625e+01,4.995289802551269531e+00,7.119000000000000000e+03,0.000000000000000000e+00
3.039491200000000000e+07,5.464299926757812500e+02,5.238074874877929688e+01,4.886250019073486328e+00,1.182000000000000000e+03,0.000000000000000000e+00
3.039508600000000000e+07,4.189200134277343750e+02,5.239706039428710938e+01,4.904920101165771484e+00,2.864000000000000000e+03,0.000000000000000000e+00
3.041874600000000000e+07,1.366499938964843750e+02,5.238175964355468750e+01,4.885540008544921875e+00,1.303000000000000000e+03,0.000000000000000000e+00
3.044288400000000000e+07,1.191299972534179688e+02,5.236611938476562500e+01,4.863399982452392578e+00,2.298000000000000000e+03,0.000000000000000000e+00
3.045305200000000000e+07,1.308099975585937500e+02,5.236421966552734375e+01,4.936789989471435547e+00,2.905000000000000000e+03,0.000000000000000000e+00
3.045603600000000000e+07,1.210800018310546875e+02,5.235276031494140625e+01,4.898620128631591797e+00,2.136000000000000000e+03,0.000000000000000000e+00
3.046124400000000000e+07,8.019999694824218750e+01,5.234901809692382812e+01,4.878930091857910156e+00,2.793000000000000000e+03,0.000000000000000000e+00
3.046456000000000000e+07,8.993000030517578125e+01,5.235929870605468750e+01,4.936220169067382812e+00,3.075000000000000000e+03,0.000000000000000000e+00
3.046738200000000000e+07,6.369400024414062500e+02,5.235438156127929688e+01,4.863220214843750000e+00,2.953000000000000000e+03,0.000000000000000000e+00
3.050411600000000000e+07,1.055100021362304688e+02,5.236264038085937500e+01,4.925909996032714844e+00,2.283000000000000000e+03,0.000000000000000000e+00
3.050531200000000000e+07,1.386000061035156250e+02,5.239614105224609375e+01,4.916029930114746094e+00,3.022000000000000000e+03,0.000000000000000000e+00
3.051427200000000000e+07,1.853200073242187500e+02,5.235723114013671875e+01,4.900149822235107422e+00,1.656000000000000000e+03,0.000000000000000000e+00
3.055173000000000000e+07,3.537099914550781250e+02,5.235440063476562500e+01,4.886789798736572266e+00,2.042000000000000000e+03,0.000000000000000000e+00
3.056270800000000000e+07,1.794799957275390625e+02,5.236029815673828125e+01,4.926010131835937500e+00,2.417000000000000000e+03,0.000000000000000000e+00
3.068538000000000000e+07,4.808000183105468750e+01,5.235660171508789062e+01,4.889160156250000000e+00,1.761000000000000000e+03,0.000000000000000000e+00
3.069008600000000000e+07,3.653900146484375000e+02,5.234608840942382812e+01,4.808539867401123047e+00,6.590000000000000000e+03,0.000000000000000000e+00
3.069124800000000000e+07,1.113499984741210938e+02,5.235477066040039062e+01,4.902329921722412109e+00,1.954000000000000000e+03,0.000000000000000000e+00
3.070561800000000000e+07,1.444400024414062500e+02,5.238257980346679688e+01,4.871039867401123047e+00,2.064000000000000000e+03,0.000000000000000000e+00
3.070865200000000000e+07,2.476100006103515625e+02,5.237379837036132812e+01,4.873109817504882812e+00,1.561000000000000000e+03,0.000000000000000000e+00
3.072322600000000000e+07,9.187999725341796875e+01,5.238193893432617188e+01,4.885280132293701172e+00,1.329000000000000000e+03,0.000000000000000000e+00
3.073336400000000000e+07,1.016100006103515625e+02,5.239979934692382812e+01,4.913489818572998047e+00,3.324000000000000000e+03,0.000000000000000000e+00
3.075707000000000000e+07,1.765599975585937500e+02,5.238882827758789062e+01,4.956620216369628906e+00,4.531000000000000000e+03,0.000000000000000000e+00
3.076238400000000000e+07,2.709700012207031250e+02,5.237694931030273438e+01,4.907820224761962891e+00,9.850000000000000000e+02,0.000000000000000000e+00
3.076244000000000000e+07,4.646700134277343750e+02,5.237847137451171875e+01,4.907559871673583984e+00,1.077000000000000000e+03,0.000000000000000000e+00
3.076529200000000000e+07,1.210800018310546875e+02,5.240417098999023438e+01,4.916309833526611328e+00,3.847000000000000000e+03,0.000000000000000000e+00
3.077037400000000000e+07,1.561199951171875000e+02,5.237969970703125000e+01,4.884520053863525391e+00,1.162000000000000000e+03,0.000000000000000000e+00
3.078377600000000000e+07,2.028399963378906250e+02,5.235184097290039062e+01,4.851990222930908203e+00,3.723000000000000000e+03,0.000000000000000000e+00
3.080806400000000000e+07,1.454100036621093750e+02,5.236045074462890625e+01,4.898550033569335938e+00,1.286000000000000000e+03,0.000000000000000000e+00
3.080978800000000000e+07,1.162099990844726562e+02,5.235705947875976562e+01,4.899839878082275391e+00,1.672000000000000000e+03,0.000000000000000000e+00
3.081259600000000000e+07,1.249700012207031250e+02,5.236940002441406250e+01,4.932219982147216797e+00,2.481000000000000000e+03,0.000000000000000000e+00
3.081429400000000000e+07,2.846000061035156250e+02,5.236534881591796875e+01,4.874959945678710938e+00,1.597000000000000000e+03,0.000000000000000000e+00
3.082335600000000000e+07,1.561199951171875000e+02,5.237208175659179688e+01,4.911910057067871094e+00,1.087000000000000000e+03,0.000000000000000000e+00
3.084461000000000000e+07,1.561199951171875000e+02,5.237562942504882812e+01,4.837120056152343750e+00,4.012000000000000000e+03,0.000000000000000000e+00
3.085516800000000000e+07,1.308099975585937500e+02,5.237944030761718750e+01,4.859250068664550781e+00,2.625000000000000000e+03,0.000000000000000000e+00
3.087207600000000000e+07,1.502799987792968750e+02,5.235726165771484375e+01,4.887579917907714844e+00,1.723000000000000000e+03,0.000000000000000000e+00
3.090185200000000000e+07,9.576999664306640625e+01,5.235160827636718750e+01,4.890490055084228516e+00,2.286000000000000000e+03,0.000000000000000000e+00
3.090578600000000000e+07,1.785099945068359375e+02,5.237316894531250000e+01,4.882549762725830078e+00,9.170000000000000000e+02,0.000000000000000000e+00
3.090598000000000000e+07,1.716900024414062500e+02,5.237371826171875000e+01,4.880740165710449219e+00,1.049000000000000000e+03,0.000000000000000000e+00
3.092818800000000000e+07,3.206099853515625000e+02,5.237556838989257812e+01,4.920189857482910156e+00,1.699000000000000000e+03,0.000000000000000000e+00
3.093083600000000000e+07,1.064800033569335938e+02,5.237306976318359375e+01,4.875380039215087891e+00,1.399000000000000000e+03,0.000000000000000000e+00
3.093378600000000000e+07,1.892100067138671875e+02,5.238235855102539062e+01,4.868989944458007812e+00,2.166000000000000000e+03,0.000000000000000000e+00
3.094608400000000000e+07,2.933599853515625000e+02,5.236846923828125000e+01,4.887599945068359375e+00,6.800000000000000000e+02,0.000000000000000000e+00
3.101150400000000000e+07,9.966999816894531250e+01,5.237236022949218750e+01,4.873290061950683594e+00,1.536000000000000000e+03,0.000000000000000000e+00
3.105085600000000000e+07,3.060100097656250000e+02,5.238319015502929688e+01,4.876584053039550781e+00,1.815000000000000000e+03,0.000000000000000000e+00
3.105175200000000000e+07,1.084300003051757812e+02,5.238454818725585938e+01,4.870369911193847656e+00,2.232000000000000000e+03,0.000000000000000000e+00
3.106455800000000000e+07,1.094000015258789062e+02,5.237614822387695312e+01,4.892000198364257812e+00,5.420000000000000000e+02,0.000000000000000000e+00
3.106832200000000000e+07,2.174400024414062500e+02,5.235013961791992188e+01,4.939680099487304688e+00,3.833000000000000000e+03,0.000000000000000000e+00
3.107223000000000000e+07,2.408000030517578125e+02,5.237202072143554688e+01,4.887370109558105469e+00,5.790000000000000000e+02,0.000000000000000000e+00
3.107280000000000000e+07,2.476100006103515625e+02,5.236666870117187500e+01,4.909259796142578125e+00,1.077000000000000000e+03,0.000000000000000000e+00
3.108608600000000000e+07,3.936099853515625000e+02,5.237139129638671875e+01,4.874859809875488281e+00,1.429000000000000000e+03,0.000000000000000000e+00
3.109587400000000000e+07,4.909500122070312500e+02,5.235702514648437500e+01,4.921543121337890625e+00,2.401000000000000000e+03,0.000000000000000000e+00
3.110072400000000000e+07,2.213300018310546875e+02,5.235665893554687500e+01,4.897850036621093750e+00,1.700000000000000000e+03,0.000000000000000000e+00
3.111003600000000000e+07,1.230299987792968750e+02,5.238481140136718750e+01,4.913420200347900391e+00,1.864000000000000000e+03,0.000000000000000000e+00
3.113661600000000000e+07,1.288699951171875000e+02,5.238148880004882812e+01,4.889719963073730469e+00,1.146000000000000000e+03,0.000000000000000000e+00
3.113959000000000000e+07,1.162099990844726562e+02,5.238103866577148438e+01,4.891749858856201172e+00,1.055000000000000000e+03,0.000000000000000000e+00
3.115099600000000000e+07,2.826499938964843750e+02,5.241120910644531250e+01,4.901710033416748047e+00,4.389000000000000000e+03,0.000000000000000000e+00
3.116435600000000000e+07,2.476100006103515625e+02,5.235654067993164062e+01,4.859099864959716797e+00,3.027000000000000000e+03,0.000000000000000000e+00
3.116487400000000000e+07,3.936099853515625000e+02,5.236193084716796875e+01,4.979169845581054688e+00,5.761000000000000000e+03,0.000000000000000000e+00
3.118765400000000000e+07,1.989499969482421875e+02,5.237166976928710938e+01,4.876430034637451172e+00,1.322000000000000000e+03,0.000000000000000000e+00
3.119643200000000000e+07,1.746100006103515625e+02,5.235477066040039062e+01,4.906270027160644531e+00,2.031000000000000000e+03,0.000000000000000000e+00
3.120867600000000000e+07,1.502799987792968750e+02,5.237054824829101562e+01,4.900780200958251953e+00,3.640000000000000000e+02,0.000000000000000000e+00
3.123484800000000000e+07,1.386000061035156250e+02,5.234460067749023438e+01,4.900050163269042969e+00,3.048000000000000000e+03,0.000000000000000000e+00
3.125400400000000000e+07,1.259499969482421875e+02,5.232558059692382812e+01,4.819210052490234375e+00,7.325000000000000000e+03,0.000000000000000000e+00
3.127539200000000000e+07,3.449500122070312500e+02,5.236529159545898438e+01,4.916289806365966797e+00,1.567000000000000000e+03,0.000000000000000000e+00
3.128112800000000000e+07,1.259499969482421875e+02,5.236125946044921875e+01,4.863939762115478516e+00,2.472000000000000000e+03,0.000000000000000000e+00
3.131224400000000000e+07,6.755000305175781250e+01,5.237157821655273438e+01,4.898880004882812500e+00,2.050000000000000000e+02,0.000000000000000000e+00
3.134843200000000000e+07,1.259499969482421875e+02,5.237265014648437500e+01,4.862639904022216797e+00,2.259000000000000000e+03,0.000000000000000000e+00
3.135208000000000000e+07,4.714800109863281250e+02,5.238367080688476562e+01,4.888120174407958984e+00,1.412000000000000000e+03,0.000000000000000000e+00
3.135623600000000000e+07,2.028399963378906250e+02,5.237162017822265625e+01,4.907589912414550781e+00,7.940000000000000000e+02,0.000000000000000000e+00
3.136850000000000000e+07,1.074499969482421875e+02,5.236156845092773438e+01,4.893980026245117188e+00,1.156000000000000000e+03,0.000000000000000000e+00
3.137822000000000000e+07,1.210800018310546875e+02,5.235218048095703125e+01,4.904419898986816406e+00,2.268000000000000000e+03,0.000000000000000000e+00
3.139351800000000000e+07,2.125700073242187500e+02,5.235739135742187500e+01,4.897389888763427734e+00,1.616000000000000000e+03,0.000000000000000000e+00
3.140850800000000000e+07,1.931100006103515625e+02,5.236338043212890625e+01,4.859580039978027344e+00,2.642000000000000000e+03,0.000000000000000000e+00
3.145267200000000000e+07,1.648800048828125000e+02,5.236521148681640625e+01,4.911530017852783203e+00,1.296000000000000000e+03,0.000000000000000000e+00
3.145348000000000000e+07,1.648800048828125000e+02,5.236629104614257812e+01,4.909790039062500000e+00,1.131000000000000000e+03,0.000000000000000000e+00
3.145476800000000000e+07,3.254800109863281250e+02,5.236655044555664062e+01,4.909299850463867188e+00,1.087000000000000000e+03,0.000000000000000000e+00
3.148184000000000000e+07,2.476100006103515625e+02,5.235699081420898438e+01,4.933020114898681641e+00,3.017000000000000000e+03,0.000000000000000000e+00
3.150689200000000000e+07,1.356799926757812500e+02,5.234317016601562500e+01,4.908820152282714844e+00,3.313000000000000000e+03,0.000000000000000000e+00
3.153600400000000000e+07,1.892100067138671875e+02,5.237240982055664062e+01,4.861219882965087891e+00,2.355000000000000000e+03,0.000000000000000000e+00
3.155268400000000000e+07,3.741499938964843750e+02,5.238716125488281250e+01,4.874070167541503906e+00,2.253000000000000000e+03,0.000000000000000000e+00
3.155506000000000000e+07,1.210800018310546875e+02,5.237654113769531250e+01,4.837510108947753906e+00,3.997000000000000000e+03,0.000000000000000000e+00
3.155923600000000000e+07,1.648800048828125000e+02,5.234833145141601562e+01,4.789869785308837891e+00,7.662000000000000000e+03,0.000000000000000000e+00
3.156136400000000000e+07,2.544299926757812500e+02,5.237739944458007812e+01,4.945630073547363281e+00,3.431000000000000000e+03,0.000000000000000000e+00
3.158270800000000000e+07,3.517600097656250000e+02,5.236053848266601562e+01,4.876210212707519531e+00,1.839000000000000000e+03,0.000000000000000000e+00
3.159083600000000000e+07,1.064800033569335938e+02,5.236040115356445312e+01,4.926790237426757812e+00,2.456000000000000000e+03,0.000000000000000000e+00
3.160618600000000000e+07,1.794799957275390625e+02,5.235042953491210938e+01,4.843019962310791016e+00,4.312000000000000000e+03,0.000000000000000000e+00
3.161990800000000000e+07,1.064800033569335938e+02,5.237326812744140625e+01,4.968130111694335938e+00,4.906000000000000000e+03,0.000000000000000000e+00
3.163200400000000000e+07,2.281499938964843750e+02,5.239289093017578125e+01,4.916329860687255859e+00,2.715000000000000000e+03,0.000000000000000000e+00
3.170156800000000000e+07,1.989499969482421875e+02,5.233914184570312500e+01,4.917940139770507812e+00,3.938000000000000000e+03,0.000000000000000000e+00
3.170702600000000000e+07,3.916700134277343750e+02,5.235435104370117188e+01,4.889729976654052734e+00,1.996000000000000000e+03,0.000000000000000000e+00
3.170913200000000000e+07,2.193899993896484375e+02,5.237649154663085938e+01,4.890429973602294922e+00,6.310000000000000000e+02,0.000000000000000000e+00
3.170918600000000000e+07,3.332699890136718750e+02,5.235662078857421875e+01,4.903230190277099609e+00,1.770000000000000000e+03,0.000000000000000000e+00
3.173113600000000000e+07,9.675000000000000000e+01,5.237770080566406250e+01,4.892199993133544922e+00,6.920000000000000000e+02,0.000000000000000000e+00
3.174207200000000000e+07,2.573500061035156250e+02,5.234735107421875000e+01,4.904109954833984375e+00,2.786000000000000000e+03,0.000000000000000000e+00
3.175863000000000000e+07,2.622099914550781250e+02,5.237403106689453125e+01,4.889689922332763672e+00,4.840000000000000000e+02,0.000000000000000000e+00
3.182029400000000000e+07,2.758399963378906250e+02,5.237977981567382812e+01,4.884449958801269531e+00,1.171000000000000000e+03,0.000000000000000000e+00
3.183141600000000000e+07,1.989499969482421875e+02,5.238103866577148438e+01,4.888130187988281250e+00,1.145000000000000000e+03,0.000000000000000000e+00
3.185690000000000000e+07,1.142699966430664062e+02,5.236431884765625000e+01,4.862530231475830078e+00,2.417000000000000000e+03,0.000000000000000000e+00
3.187008000000000000e+07,2.320399932861328125e+02,5.237537002563476562e+01,4.889249801635742188e+00,5.940000000000000000e+02,0.000000000000000000e+00
3.187146000000000000e+07,1.356799926757812500e+02,5.237662124633789062e+01,4.881169795989990234e+00,1.129000000000000000e+03,0.000000000000000000e+00
3.191740600000000000e+07,1.502799987792968750e+02,5.237147140502929688e+01,4.950429916381835938e+00,3.702000000000000000e+03,0.000000000000000000e+00
3.194017400000000000e+07,1.600099945068359375e+02,5.237775039672851562e+01,4.870550155639648438e+00,1.840000000000000000e+03,0.000000000000000000e+00
3.194276600000000000e+07,1.629299926757812500e+02,5.237631988525390625e+01,4.943220138549804688e+00,3.250000000000000000e+03,0.000000000000000000e+00
3.194492800000000000e+07,9.091000366210937500e+01,5.237673950195312500e+01,4.896240234375000000e+00,5.390000000000000000e+02,0.000000000000000000e+00
3.194495400000000000e+07,2.174400024414062500e+02,5.237673950195312500e+01,4.896240234375000000e+00,5.390000000000000000e+02,0.000000000000000000e+00
3.194503200000000000e+07,8.798999786376953125e+01,5.237673950195312500e+01,4.896240234375000000e+00,5.390000000000000000e+02,0.000000000000000000e+00
3.194505600000000000e+07,6.462999725341796875e+01,5.236032104492187500e+01,4.878399848937988281e+00,1.752000000000000000e+03,0.000000000000000000e+00
3.194507800000000000e+07,6.948999786376953125e+01,5.236032104492187500e+01,4.878399848937988281e+00,1.752000000000000000e+03,0.000000000000000000e+00
3.194512400000000000e+07,8.019999694824218750e+01,5.237392044067382812e+01,4.896349906921386719e+00,2.270000000000000000e+02,0.000000000000000000e+00
3.194518200000000000e+07,2.125700073242187500e+02,5.237392044067382812e+01,4.896349906921386719e+00,2.270000000000000000e+02,0.000000000000000000e+00
3.194526000000000000e+07,7.727999877929687500e+01,5.237392044067382812e+01,4.896349906921386719e+00,2.270000000000000000e+02,0.000000000000000000e+00
3.194534200000000000e+07,2.300899963378906250e+02,5.237392044067382812e+01,4.896349906921386719e+00,2.270000000000000000e+02,0.000000000000000000e+00
3.194859000000000000e+07,1.395700073242187500e+02,5.236384963989257812e+01,4.936940193176269531e+00,2.927000000000000000e+03,0.000000000000000000e+00
3.195399200000000000e+07,1.989499969482421875e+02,5.236714935302734375e+01,4.866219997406005859e+00,2.083000000000000000e+03,0.000000000000000000e+00
3.197991200000000000e+07,1.892100067138671875e+02,5.235032272338867188e+01,4.816837787628173828e+00,5.880000000000000000e+03,0.000000000000000000e+00
3.199251400000000000e+07,3.449500122070312500e+02,5.236943817138671875e+01,4.881040096282958984e+00,1.045000000000000000e+03,0.000000000000000000e+00
3.199790400000000000e+07,5.882800292968750000e+02,5.235905075073242188e+01,4.876949787139892578e+00,1.923000000000000000e+03,0.000000000000000000e+00
3.200990400000000000e+07,2.018699951171875000e+02,5.236283874511718750e+01,4.892000198364257812e+00,1.042000000000000000e+03,0.000000000000000000e+00
3.202162600000000000e+07,1.016100006103515625e+02,5.236774826049804688e+01,4.875500202178955078e+00,1.460000000000000000e+03,0.000000000000000000e+00
3.206735000000000000e+07,3.975100097656250000e+02,5.237878036499023438e+01,4.887239933013916016e+00,9.650000000000000000e+02,0.000000000000000000e+00
3.206825600000000000e+07,2.544299926757812500e+02,5.237360000610351562e+01,4.883180141448974609e+00,8.840000000000000000e+02,0.000000000000000000e+00
3.209024800000000000e+07,2.495599975585937500e+02,5.236600112915039062e+01,4.874639987945556641e+00,1.585000000000000000e+03,0.000000000000000000e+00
3.209917200000000000e+07,3.274299926757812500e+02,5.234878921508789062e+01,4.808629989624023438e+00,6.459000000000000000e+03,0.000000000000000000e+00
3.210677600000000000e+07,2.476100006103515625e+02,5.237591934204101562e+01,4.938819885253906250e+00,2.948000000000000000e+03,0.000000000000000000e+00
3.213580000000000000e+07,6.268000030517578125e+01,5.239368057250976562e+01,4.924129962921142578e+00,3.088000000000000000e+03,0.000000000000000000e+00
3.215504400000000000e+07,1.736399993896484375e+02,5.235171890258789062e+01,4.892829895019531250e+00,2.254000000000000000e+03,0.000000000000000000e+00
3.215580600000000000e+07,1.259499969482421875e+02,5.238093948364257812e+01,4.888199806213378906e+00,1.133000000000000000e+03,0.000000000000000000e+00
3.217998800000000000e+07,2.135500030517578125e+02,5.237307739257812500e+01,4.877079963684082031e+00,1.284000000000000000e+03,0.000000000000000000e+00
3.218045200000000000e+07,2.086799926757812500e+02,5.237307739257812500e+01,4.877079963684082031e+00,1.284000000000000000e+03,0.000000000000000000e+00
3.218420000000000000e+07,8.312000274658203125e+01,5.238277053833007812e+01,4.871860027313232422e+00,2.031000000000000000e+03,0.000000000000000000e+00
3.220021200000000000e+07,3.585700073242187500e+02,5.234772872924804688e+01,4.806849956512451172e+00,6.617000000000000000e+03,0.000000000000000000e+00
3.223410400000000000e+07,3.206099853515625000e+02,5.236595916748046875e+01,4.908939838409423828e+00,1.105000000000000000e+03,0.000000000000000000e+00
3.223416000000000000e+07,2.145200042724609375e+02,5.236450958251953125e+01,4.909009933471679688e+00,1.211000000000000000e+03,0.000000000000000000e+00
3.223425000000000000e+07,3.079599914550781250e+02,5.236592864990234375e+01,4.910379886627197266e+00,1.186000000000000000e+03,0.000000000000000000e+00
3.223448600000000000e+07,3.303500061035156250e+02,5.236476898193359375e+01,4.909009933471679688e+00,1.192000000000000000e+03,0.000000000000000000e+00
3.223453600000000000e+07,3.439700012207031250e+02,5.236536026000976562e+01,4.908979892730712891e+00,1.148000000000000000e+03,0.000000000000000000e+00
3.223458400000000000e+07,3.303500061035156250e+02,5.236386108398437500e+01,4.911099910736083984e+00,1.365000000000000000e+03,0.000000000000000000e+00
3.223466600000000000e+07,3.215899963378906250e+02,5.236470031738281250e+01,4.908899784088134766e+00,1.192000000000000000e+03,0.000000000000000000e+00
3.223471000000000000e+07,4.267099914550781250e+02,5.236574935913085938e+01,4.908959865570068359e+00,1.120000000000000000e+03,0.000000000000000000e+00
3.223507400000000000e+07,4.617500000000000000e+02,5.236594009399414062e+01,4.910369873046875000e+00,1.185000000000000000e+03,0.000000000000000000e+00
3.223512000000000000e+07,5.269600219726562500e+02,5.236402130126953125e+01,4.910250186920166016e+00,1.310000000000000000e+03,0.000000000000000000e+00
3.223516800000000000e+07,5.065199890136718750e+02,5.236470031738281250e+01,4.910820007324218750e+00,1.291000000000000000e+03,0.000000000000000000e+00
3.223531200000000000e+07,7.985200195312500000e+02,5.236608886718750000e+01,4.910689830780029297e+00,1.194000000000000000e+03,0.000000000000000000e+00
3.223535800000000000e+07,6.038499755859375000e+02,5.236418151855468750e+01,4.910970211029052734e+00,1.335000000000000000e+03,0.000000000000000000e+00
3.223554600000000000e+07,4.490899963378906250e+02,5.236598968505859375e+01,4.910329818725585938e+00,1.180000000000000000e+03,0.000000000000000000e+00
3.225090800000000000e+07,8.215000152587890625e+01,5.237762069702148438e+01,4.873419761657714844e+00,1.653000000000000000e+03,0.000000000000000000e+00
3.225317600000000000e+07,8.215000152587890625e+01,5.237575149536132812e+01,4.875120162963867188e+00,1.474000000000000000e+03,0.000000000000000000e+00
3.227559200000000000e+07,7.727999877929687500e+01,5.239456176757812500e+01,4.878240108489990234e+00,2.791000000000000000e+03,0.000000000000000000e+00
3.227952800000000000e+07,1.999199981689453125e+02,5.236085891723632812e+01,4.893280029296875000e+00,1.240000000000000000e+03,0.000000000000000000e+00
3.228060800000000000e+07,2.077100067138671875e+02,5.239712142944335938e+01,4.932099819183349609e+00,3.729000000000000000e+03,0.000000000000000000e+00
3.228449800000000000e+07,1.502799987792968750e+02,5.236505126953125000e+01,4.850709915161132812e+00,3.161000000000000000e+03,0.000000000000000000e+00
3.230436000000000000e+07,2.476100006103515625e+02,5.236252975463867188e+01,4.977560043334960938e+00,5.641000000000000000e+03,0.000000000000000000e+00
3.232593600000000000e+07,1.989499969482421875e+02,5.235129928588867188e+01,4.848649978637695312e+00,3.942000000000000000e+03,0.000000000000000000e+00
3.233125600000000000e+07,1.989499969482421875e+02,5.236194992065429688e+01,4.987470149993896484e+00,6.315000000000000000e+03,0.000000000000000000e+00
3.233742600000000000e+07,1.483300018310546875e+02,5.237675094604492188e+01,4.893340110778808594e+00,5.670000000000000000e+02,0.000000000000000000e+00
3.234942000000000000e+07,1.541699981689453125e+02,5.239648056030273438e+01,4.924409866333007812e+00,3.349000000000000000e+03,0.000000000000000000e+00
3.235289800000000000e+07,1.016100006103515625e+02,5.235847091674804688e+01,4.994130134582519531e+00,6.835000000000000000e+03,0.000000000000000000e+00
3.237122400000000000e+07,8.215000152587890625e+01,5.236207962036132812e+01,4.908649921417236328e+00,1.393000000000000000e+03,0.000000000000000000e+00
3.239352000000000000e+07,1.989499969482421875e+02,5.236188125610351562e+01,4.896130084991455078e+00,1.114000000000000000e+03,0.000000000000000000e+00
3.239366000000000000e+07,2.281499938964843750e+02,5.235985183715820312e+01,4.894219875335693359e+00,1.344000000000000000e+03,0.000000000000000000e+00
3.241366000000000000e+07,2.914100036621093750e+02,5.237425994873046875e+01,4.905680179595947266e+00,7.140000000000000000e+02,0.000000000000000000e+00
3.242103000000000000e+07,1.785099945068359375e+02,5.237308883666992188e+01,4.907370090484619141e+00,7.900000000000000000e+02,0.000000000000000000e+00
3.245994000000000000e+07,2.816799926757812500e+02,5.238079833984375000e+01,4.880859851837158203e+00,1.422000000000000000e+03,0.000000000000000000e+00
3.248513600000000000e+07,1.502799987792968750e+02,5.236798095703125000e+01,4.866330146789550781e+00,2.054000000000000000e+03,0.000000000000000000e+00
3.248592800000000000e+07,1.502799987792968750e+02,5.235232162475585938e+01,4.897950172424316406e+00,2.181000000000000000e+03,0.000000000000000000e+00
3.248886000000000000e+07,2.807099914550781250e+02,5.236312103271484375e+01,4.875599861145019531e+00,1.689000000000000000e+03,0.000000000000000000e+00
3.253828000000000000e+07,7.727999877929687500e+01,5.235250854492187500e+01,5.008259773254394531e+00,7.928000000000000000e+03,0.000000000000000000e+00
3.254186200000000000e+07,1.434700012207031250e+02,5.236869812011718750e+01,4.860410213470458984e+00,2.436000000000000000e+03,0.000000000000000000e+00
3.255929600000000000e+07,2.028399963378906250e+02,5.238975906372070312e+01,4.918409824371337891e+00,2.506000000000000000e+03,0.000000000000000000e+00
3.256095200000000000e+07,4.812099914550781250e+02,5.237961578369140625e+01,4.891469955444335938e+00,9.090000000000000000e+02,0.000000000000000000e+00
3.260052800000000000e+07,1.512500000000000000e+02,5.235131835937500000e+01,4.913400173187255859e+00,2.579000000000000000e+03,0.000000000000000000e+00
3.262441800000000000e+07,8.116999816894531250e+01,5.238336944580078125e+01,4.904739856719970703e+00,1.410000000000000000e+03,0.000000000000000000e+00
3.262442000000000000e+07,7.338999938964843750e+01,5.238523864746093750e+01,4.904459953308105469e+00,1.593000000000000000e+03,0.000000000000000000e+00
3.262442400000000000e+07,7.533000183105468750e+01,5.238317108154296875e+01,4.902840137481689453e+00,1.339000000000000000e+03,0.000000000000000000e+00
3.262442800000000000e+07,7.144000244140625000e+01,5.238314819335937500e+01,4.904049873352050781e+00,1.368000000000000000e+03,0.000000000000000000e+00
3.262442800000000000e+07,8.798999786376953125e+01,5.238512039184570312e+01,4.904419898986816406e+00,1.580000000000000000e+03,0.000000000000000000e+00
3.262496400000000000e+07,1.639100036621093750e+02,5.238322830200195312e+01,4.904270172119140625e+00,1.382000000000000000e+03,0.000000000000000000e+00
3.262496600000000000e+07,2.232799987792968750e+02,5.238322067260742188e+01,4.902750015258789062e+00,1.342000000000000000e+03,0.000000000000000000e+00
3.262496800000000000e+07,3.897200012207031250e+02,5.238483047485351562e+01,4.904769897460937500e+00,1.559000000000000000e+03,0.000000000000000000e+00
3.262529200000000000e+07,8.798999786376953125e+01,5.238312149047851562e+01,4.904419898986816406e+00,1.375000000000000000e+03,0.000000000000000000e+00
3.263592800000000000e+07,1.356799926757812500e+02,5.236428070068359375e+01,4.934850215911865234e+00,2.777000000000000000e+03,0.000000000000000000e+00
3.267980800000000000e+07,1.405500030517578125e+02,5.237958908081054688e+01,4.882090091705322266e+00,1.269000000000000000e+03,0.000000000000000000e+00
3.268311400000000000e+07,1.570899963378906250e+02,5.235382843017578125e+01,4.901889801025390625e+00,2.050000000000000000e+03,0.000000000000000000e+00
3.269100800000000000e+07,1.590399932861328125e+02,5.236386108398437500e+01,4.872039794921875000e+00,1.850000000000000000e+03,0.000000000000000000e+00
3.269269200000000000e+07,2.125700073242187500e+02,5.238594818115234375e+01,4.882470130920410156e+00,1.809000000000000000e+03,0.000000000000000000e+00
3.270758800000000000e+07,2.057599945068359375e+02,5.236399078369140625e+01,4.886069774627685547e+00,1.104000000000000000e+03,0.000000000000000000e+00
3.271780800000000000e+07,4.808000183105468750e+01,5.237525177001953125e+01,4.849939823150634766e+00,3.142000000000000000e+03,0.000000000000000000e+00
3.272954800000000000e+07,9.966999816894531250e+01,5.237578964233398438e+01,4.837480068206787109e+00,3.989000000000000000e+03,0.000000000000000000e+00
3.277432400000000000e+07,1.600099945068359375e+02,5.236803817749023438e+01,4.866889953613281250e+00,2.016000000000000000e+03,0.000000000000000000e+00
3.278089200000000000e+07,2.096499938964843750e+02,5.235395812988281250e+01,4.865369796752929688e+00,2.877000000000000000e+03,0.000000000000000000e+00
3.279657200000000000e+07,1.989499969482421875e+02,5.237166976928710938e+01,4.853020191192626953e+00,2.911000000000000000e+03,0.000000000000000000e+00
3.280665200000000000e+07,7.727999877929687500e+01,5.235594177246093750e+01,4.854660034179687500e+00,3.315000000000000000e+03,0.000000000000000000e+00
3.280699000000000000e+07,1.502799987792968750e+02,5.236915969848632812e+01,4.858359813690185547e+00,2.567000000000000000e+03,0.000000000000000000e+00
3.286141200000000000e+07,1.162099990844726562e+02,5.238753890991210938e+01,4.887020111083984375e+00,1.841000000000000000e+03,0.000000000000000000e+00
3.287914000000000000e+07,4.627200012207031250e+02,5.237136840820312500e+01,4.856910228729248047e+00,2.648000000000000000e+03,0.000000000000000000e+00
3.288804400000000000e+07,1.113499984741210938e+02,5.237760162353515625e+01,4.895460128784179688e+00,6.350000000000000000e+02,0.000000000000000000e+00
3.290583000000000000e+07,7.829400024414062500e+02,5.236194992065429688e+01,4.902289867401123047e+00,1.188000000000000000e+03,0.000000000000000000e+00
3.291952800000000000e+07,1.882400054931640625e+02,5.238582611083984375e+01,4.887268066406250000e+00,1.656000000000000000e+03,0.000000000000000000e+00
3.294815600000000000e+07,1.502799987792968750e+02,5.237533950805664062e+01,4.856060028076171875e+00,2.731000000000000000e+03,0.000000000000000000e+00
3.295641400000000000e+07,1.989499969482421875e+02,5.236069869995117188e+01,4.982900142669677734e+00,6.037000000000000000e+03,0.000000000000000000e+00
3.297307200000000000e+07,2.047899932861328125e+02,5.235604095458984375e+01,4.893400192260742188e+00,1.771000000000000000e+03,0.000000000000000000e+00
3.297482800000000000e+07,9.091000366210937500e+01,5.237662887573242188e+01,4.861730098724365234e+00,2.378000000000000000e+03,0.000000000000000000e+00
3.298233600000000000e+07,1.308099975585937500e+02,5.234054183959960938e+01,4.845610141754150391e+00,4.881000000000000000e+03,0.000000000000000000e+00
3.298865200000000000e+07,4.276799926757812500e+02,5.231856918334960938e+01,4.958280086517333984e+00,7.288000000000000000e+03,0.000000000000000000e+00
3.300870400000000000e+07,2.923900146484375000e+02,5.235391998291015625e+01,4.882820129394531250e+00,2.188000000000000000e+03,0.000000000000000000e+00
3.300883000000000000e+07,3.225599975585937500e+02,5.235406875610351562e+01,4.881579875946044922e+00,2.208000000000000000e+03,0.000000000000000000e+00
3.300892000000000000e+07,2.661099853515625000e+02,5.235586929321289062e+01,4.881859779357910156e+00,2.021000000000000000e+03,0.000000000000000000e+00
3.301391600000000000e+07,1.405500030517578125e+02,5.236780166625976562e+01,4.850699901580810547e+00,3.102000000000000000e+03,0.000000000000000000e+00
3.302682800000000000e+07,5.318300170898437500e+02,5.234053039550781250e+01,4.920000076293945312e+00,3.853000000000000000e+03,0.000000000000000000e+00
3.302968600000000000e+07,1.483300018310546875e+02,5.235142898559570312e+01,4.892849922180175781e+00,2.286000000000000000e+03,0.000000000000000000e+00
3.303683600000000000e+07,1.502799987792968750e+02,5.238518142700195312e+01,4.886010169982910156e+00,1.622000000000000000e+03,0.000000000000000000e+00
3.304233600000000000e+07,1.502799987792968750e+02,5.239450836181640625e+01,4.931499958038330078e+00,3.487000000000000000e+03,0.000000000000000000e+00
3.306179600000000000e+07,1.989499969482421875e+02,5.233927917480468750e+01,4.942180156707763672e+00,4.799000000000000000e+03,0.000000000000000000e+00
3.308768400000000000e+07,1.502799987792968750e+02,5.234806060791015625e+01,4.906579971313476562e+00,2.748000000000000000e+03,0.000000000000000000e+00
3.308919200000000000e+07,1.502799987792968750e+02,5.236333084106445312e+01,4.842420101165771484e+00,3.754000000000000000e+03,0.000000000000000000e+00
3.312914000000000000e+07,1.989499969482421875e+02,5.237747955322265625e+01,4.863399982452392578e+00,2.292000000000000000e+03,0.000000000000000000e+00
3.316003000000000000e+07,1.794799957275390625e+02,5.233433151245117188e+01,4.848340034484863281e+00,5.280000000000000000e+03,0.000000000000000000e+00
3.318077200000000000e+07,1.940800018310546875e+02,5.236368942260742188e+01,4.879509925842285156e+00,1.439000000000000000e+03,0.000000000000000000e+00
3.318080800000000000e+07,2.193899993896484375e+02,5.236518096923828125e+01,4.855939865112304688e+00,2.814000000000000000e+03,0.000000000000000000e+00
3.318444000000000000e+07,1.940800018310546875e+02,5.235430908203125000e+01,4.998410224914550781e+00,7.230000000000000000e+03,0.000000000000000000e+00
3.325923600000000000e+07,6.846400146484375000e+02,5.234244155883789062e+01,4.856560230255126953e+00,4.227000000000000000e+03,0.000000000000000000e+00
3.326595200000000000e+07,1.405500030517578125e+02,5.235390090942382812e+01,4.921370029449462891e+00,2.645000000000000000e+03,0.000000000000000000e+00
3.328091600000000000e+07,1.940800018310546875e+02,5.236466979980468750e+01,4.910099983215332031e+00,1.255000000000000000e+03,0.000000000000000000e+00
3.330457000000000000e+07,1.308099975585937500e+02,5.236199188232421875e+01,4.869810104370117188e+00,2.086000000000000000e+03,0.000000000000000000e+00
3.330560000000000000e+07,2.184100036621093750e+02,5.237047958374023438e+01,4.894499778747558594e+00,1.840000000000000000e+02,0.000000000000000000e+00
3.331280400000000000e+07,1.493099975585937500e+02,5.239366149902343750e+01,4.916190147399902344e+00,2.784000000000000000e+03,0.000000000000000000e+00
3.332630200000000000e+07,1.395700073242187500e+02,5.236445999145507812e+01,4.859720230102539062e+00,2.592000000000000000e+03,0.000000000000000000e+00
3.335770400000000000e+07,1.298399963378906250e+02,5.234127044677734375e+01,4.915080070495605469e+00,3.646000000000000000e+03,0.000000000000000000e+00
3.335929200000000000e+07,1.405500030517578125e+02,5.237059020996093750e+01,4.850309848785400391e+00,3.098000000000000000e+03,0.000000000000000000e+00
3.335953200000000000e+07,2.914100036621093750e+02,5.239056015014648438e+01,4.887189865112304688e+00,2.158000000000000000e+03,0.000000000000000000e+00
3.336146400000000000e+07,2.846000061035156250e+02,5.239056015014648438e+01,4.887189865112304688e+00,2.158000000000000000e+03,0.000000000000000000e+00
3.336500000000000000e+07,3.449500122070312500e+02,5.236188125610351562e+01,4.896289825439453125e+00,1.114000000000000000e+03,0.000000000000000000e+00
3.341285200000000000e+07,1.736399993896484375e+02,5.238785934448242188e+01,4.886040210723876953e+00,1.897000000000000000e+03,0.000000000000000000e+00
3.341297600000000000e+07,1.940800018310546875e+02,5.238615036010742188e+01,4.886650085449218750e+00,1.705000000000000000e+03,0.000000000000000000e+00
3.341316000000000000e+07,2.047899932861328125e+02,5.238619995117187500e+01,4.886590003967285156e+00,1.711000000000000000e+03,0.000000000000000000e+00
3.341318000000000000e+07,2.047899932861328125e+02,5.238769149780273438e+01,4.886099815368652344e+00,1.878000000000000000e+03,0.000000000000000000e+00
3.341629200000000000e+07,1.609900054931640625e+02,5.236985015869140625e+01,4.873660087585449219e+00,1.527000000000000000e+03,0.000000000000000000e+00
3.341693200000000000e+07,1.590399932861328125e+02,5.237129974365234375e+01,4.874390125274658203e+00,1.462000000000000000e+03,0.000000000000000000e+00
3.342451200000000000e+07,1.502799987792968750e+02,5.237327957153320312e+01,4.821000099182128906e+00,5.087000000000000000e+03,0.000000000000000000e+00
3.342649200000000000e+07,2.700000000000000000e+02,5.237398147583007812e+01,4.908040046691894531e+00,8.560000000000000000e+02,0.000000000000000000e+00
3.343971600000000000e+07,2.145200042724609375e+02,5.236225891113281250e+01,4.864049911499023438e+00,2.414000000000000000e+03,0.000000000000000000e+00
3.344178000000000000e+07,1.853200073242187500e+02,5.238928985595703125e+01,4.937280178070068359e+00,3.410000000000000000e+03,0.000000000000000000e+00
3.344859200000000000e+07,2.077100067138671875e+02,5.236011123657226562e+01,4.888510227203369141e+00,1.403000000000000000e+03,0.000000000000000000e+00
3.350322400000000000e+07,1.794799957275390625e+02,5.235778045654296875e+01,4.796989917755126953e+00,6.897000000000000000e+03,0.000000000000000000e+00
3.350445600000000000e+07,2.476100006103515625e+02,5.236846160888671875e+01,4.868490219116210938e+00,1.900000000000000000e+03,0.000000000000000000e+00
3.351646400000000000e+07,1.502799987792968750e+02,5.235633087158203125e+01,4.895709991455078125e+00,1.731000000000000000e+03,0.000000000000000000e+00
3.353982800000000000e+07,1.454100036621093750e+02,5.236697006225585938e+01,4.865409851074218750e+00,2.141000000000000000e+03,0.000000000000000000e+00
3.355322800000000000e+07,1.415200042724609375e+02,5.234527969360351562e+01,4.910540103912353516e+00,3.122000000000000000e+03,0.000000000000000000e+00
3.355555200000000000e+07,9.675000000000000000e+01,5.237477111816406250e+01,4.881840229034423828e+00,1.006000000000000000e+03,0.000000000000000000e+00
3.356815200000000000e+07,1.502799987792968750e+02,5.241511917114257812e+01,4.900720119476318359e+00,4.817000000000000000e+03,0.000000000000000000e+00
3.357140000000000000e+07,1.356799926757812500e+02,5.236724090576171875e+01,4.859099864959716797e+00,2.552000000000000000e+03,0.000000000000000000e+00
3.357528000000000000e+07,1.298399963378906250e+02,5.242467117309570312e+01,4.892300128936767578e+00,5.873000000000000000e+03,0.000000000000000000e+00
3.358798800000000000e+07,1.210800018310546875e+02,5.239112091064453125e+01,4.905089855194091797e+00,2.227000000000000000e+03,0.000000000000000000e+00
3.360340800000000000e+07,1.921300048828125000e+02,5.236606979370117188e+01,4.926690101623535156e+00,2.189000000000000000e+03,0.000000000000000000e+00
3.360576800000000000e+07,2.291199951171875000e+02,5.235464096069335938e+01,4.897930145263671875e+00,1.924000000000000000e+03,0.000000000000000000e+00
3.360666800000000000e+07,2.914100036621093750e+02,5.234761047363281250e+01,5.014629840850830078e+00,8.503000000000000000e+03,0.000000000000000000e+00
3.361057600000000000e+07,1.123199996948242188e+02,5.236661911010742188e+01,4.890689849853515625e+00,6.850000000000000000e+02,0.000000000000000000e+00
3.363369200000000000e+07,2.466399993896484375e+02,5.237667083740234375e+01,4.870890140533447266e+00,1.779000000000000000e+03,0.000000000000000000e+00
3.364932000000000000e+07,8.798999786376953125e+01,5.237170028686523438e+01,4.853169918060302734e+00,2.901000000000000000e+03,0.000000000000000000e+00
3.365034800000000000e+07,7.241000366210937500e+01,5.237052917480468750e+01,4.853000164031982422e+00,2.916000000000000000e+03,0.000000000000000000e+00
3.365823200000000000e+07,1.210800018310546875e+02,5.237303924560546875e+01,4.847400188446044922e+00,3.295000000000000000e+03,0.000000000000000000e+00
3.366015200000000000e+07,2.943299865722656250e+02,5.238024902343750000e+01,4.882269859313964844e+00,1.311000000000000000e+03,0.000000000000000000e+00
3.367763200000000000e+07,2.680499877929687500e+02,5.235655975341796875e+01,4.995699882507324219e+00,6.988000000000000000e+03,0.000000000000000000e+00
3.367786400000000000e+07,1.502799987792968750e+02,5.236513137817382812e+01,4.887869834899902344e+00,9.290000000000000000e+02,0.000000000000000000e+00
3.368413600000000000e+07,8.215000152587890625e+01,5.235306930541992188e+01,4.920440196990966797e+00,2.676000000000000000e+03,0.000000000000000000e+00
3.371393600000000000e+07,1.502799987792968750e+02,5.238246154785156250e+01,4.830049991607666016e+00,4.622000000000000000e+03,0.000000000000000000e+00
3.372754400000000000e+07,1.746100006103515625e+02,5.236568069458007812e+01,4.929049968719482422e+00,2.354000000000000000e+03,0.000000000000000000e+00
3.373017600000000000e+07,4.354700012207031250e+02,5.234439849853515625e+01,4.857180118560791016e+00,4.033000000000000000e+03,0.000000000000000000e+00
3.373023600000000000e+07,4.062699890136718750e+02,5.234254074096679688e+01,4.858150005340576172e+00,4.151000000000000000e+03,0.000000000000000000e+00
3.373380800000000000e+07,7.630999755859375000e+01,5.235260009765625000e+01,5.005330085754394531e+00,7.734000000000000000e+03,0.000000000000000000e+00
3.373440800000000000e+07,7.630999755859375000e+01,5.235282897949218750e+01,5.005280017852783203e+00,7.724000000000000000e+03,0.000000000000000000e+00
3.373441600000000000e+07,1.347100067138671875e+02,5.231729888916015625e+01,4.955379962921142578e+00,7.293000000000000000e+03,0.000000000000000000e+00
3.376705600000000000e+07,7.727999877929687500e+01,5.238302993774414062e+01,4.871409893035888672e+00,2.073000000000000000e+03,0.000000000000000000e+00
3.379363200000000000e+07,1.989499969482421875e+02,5.237530899047851562e+01,4.856830120086669922e+00,2.679000000000000000e+03,0.000000000000000000e+00
3.382320000000000000e+07,7.241000366210937500e+01,5.239245986938476562e+01,4.927599906921386719e+00,3.139000000000000000e+03,0.000000000000000000e+00
3.386562800000000000e+07,8.019999694824218750e+01,5.236291885375976562e+01,4.886280059814453125e+00,1.193000000000000000e+03,0.000000000000000000e+00
3.387578400000000000e+07,1.317899932861328125e+02,5.241801071166992188e+01,4.895289897918701172e+00,5.128000000000000000e+03,0.000000000000000000e+00
3.387775200000000000e+07,2.534499969482421875e+02,5.240684509277343750e+01,4.932962894439697266e+00,4.629000000000000000e+03,0.000000000000000000e+00
3.388997600000000000e+07,2.962799987792968750e+02,5.235152816772460938e+01,4.848476886749267578e+00,3.937000000000000000e+03,0.000000000000000000e+00
3.390443200000000000e+07,5.873099975585937500e+02,5.236558914184570312e+01,4.871840000152587891e+00,1.778000000000000000e+03,0.000000000000000000e+00
3.392611600000000000e+07,1.843500061035156250e+02,5.235900115966796875e+01,4.824140071868896484e+00,5.079000000000000000e+03,0.000000000000000000e+00
3.393236400000000000e+07,1.668300018310546875e+02,5.238005065917968750e+01,4.846950054168701172e+00,3.444000000000000000e+03,0.000000000000000000e+00
3.393703200000000000e+07,4.013999938964843750e+02,5.237517166137695312e+01,4.906849861145019531e+00,8.280000000000000000e+02,0.000000000000000000e+00
3.398076800000000000e+07,2.018699951171875000e+02,5.236188888549804688e+01,4.864550113677978516e+00,2.402000000000000000e+03,0.000000000000000000e+00
3.398611200000000000e+07,1.210800018310546875e+02,5.237266921997070312e+01,4.902860164642333984e+00,4.800000000000000000e+02,0.000000000000000000e+00
3.400885600000000000e+07,1.055100021362304688e+02,5.235961914062500000e+01,4.936100006103515625e+00,3.052000000000000000e+03,0.000000000000000000e+00
3.401193200000000000e+07,3.235299987792968750e+02,5.238026809692382812e+01,4.849430084228515625e+00,3.289000000000000000e+03,0.000000000000000000e+00
3.401245600000000000e+07,1.551499938964843750e+02,5.237659835815429688e+01,4.870490074157714844e+00,1.802000000000000000e+03,0.000000000000000000e+00
3.403278400000000000e+07,1.823999938964843750e+02,5.236188888549804688e+01,4.864550113677978516e+00,2.402000000000000000e+03,0.000000000000000000e+00
3.405069600000000000e+07,1.502799987792968750e+02,5.235549926757812500e+01,4.925859928131103516e+00,2.732000000000000000e+03,0.000000000000000000e+00
3.405307200000000000e+07,9.187999725341796875e+01,5.237069702148437500e+01,4.941571235656738281e+00,3.103000000000000000e+03,0.000000000000000000e+00
3.407060000000000000e+07,4.422799987792968750e+02,5.239205169677734375e+01,4.926439762115478516e+00,3.053000000000000000e+03,0.000000000000000000e+00
3.408777600000000000e+07,1.892100067138671875e+02,5.234542846679687500e+01,4.864980220794677734e+00,3.616000000000000000e+03,0.000000000000000000e+00
3.409966400000000000e+07,5.781000137329101562e+01,5.239184951782226562e+01,4.870269775390625000e+00,2.819000000000000000e+03,0.000000000000000000e+00
3.410897600000000000e+07,2.261999969482421875e+02,5.236188888549804688e+01,4.864550113677978516e+00,2.402000000000000000e+03,0.000000000000000000e+00
3.411051200000000000e+07,3.254800109863281250e+02,5.239173126220703125e+01,4.885499954223632812e+00,2.315000000000000000e+03,0.000000000000000000e+00
3.413757600000000000e+07,1.210800018310546875e+02,5.239265823364257812e+01,4.870500087738037109e+00,2.881000000000000000e+03,0.000000000000000000e+00
3.414651600000000000e+07,1.989499969482421875e+02,5.235884857177734375e+01,4.906579971313476562e+00,1.622000000000000000e+03,0.000000000000000000e+00
3.417482000000000000e+07,9.966999816894531250e+01,5.235795974731445312e+01,4.936089992523193359e+00,3.138000000000000000e+03,0.000000000000000000e+00
3.418885600000000000e+07,1.259499969482421875e+02,5.235459136962890625e+01,4.895589828491210938e+00,1.925000000000000000e+03,0.000000000000000000e+00
3.424275200000000000e+07,1.502799987792968750e+02,5.235454177856445312e+01,4.992380142211914062e+00,6.830000000000000000e+03,0.000000000000000000e+00
3.426509600000000000e+07,7.727999877929687500e+01,5.234687042236328125e+01,4.898739814758300781e+00,2.790000000000000000e+03,0.000000000000000000e+00
3.426893200000000000e+07,2.184100036621093750e+02,5.236576080322265625e+01,4.939270019531250000e+00,3.023000000000000000e+03,0.000000000000000000e+00
3.427009600000000000e+07,1.308099975585937500e+02,5.235168838500976562e+01,4.896880149841308594e+00,2.248000000000000000e+03,0.000000000000000000e+00
3.427407600000000000e+07,1.979700012207031250e+02,5.235609054565429688e+01,4.908720016479492188e+00,1.962000000000000000e+03,0.000000000000000000e+00
3.429833200000000000e+07,1.989499969482421875e+02,5.237039947509765625e+01,4.919549942016601562e+00,1.614000000000000000e+03,0.000000000000000000e+00
3.430512800000000000e+07,2.164700012207031250e+02,5.238222885131835938e+01,4.872250080108642578e+00,1.974000000000000000e+03,0.000000000000000000e+00
3.431284000000000000e+07,5.781000137329101562e+01,5.234939956665039062e+01,4.815149784088134766e+00,6.027000000000000000e+03,0.000000000000000000e+00
3.434993600000000000e+07,2.164700012207031250e+02,5.237812042236328125e+01,4.886629104614257812e+00,9.350000000000000000e+02,0.000000000000000000e+00
3.434993600000000000e+07,2.271699981689453125e+02,5.236862945556640625e+01,4.881309032440185547e+00,1.055000000000000000e+03,0.000000000000000000e+00
3.434994000000000000e+07,2.378800048828125000e+02,5.236885833740234375e+01,4.880440235137939453e+00,1.103000000000000000e+03,0.000000000000000000e+00
3.434995200000000000e+07,2.077100067138671875e+02,5.237812042236328125e+01,4.886629104614257812e+00,9.350000000000000000e+02,0.000000000000000000e+00
3.438271600000000000e+07,7.241000366210937500e+01,5.235868835449218750e+01,4.913340091705322266e+00,1.887000000000000000e+03,0.000000000000000000e+00
3.438492000000000000e+07,2.719500122070312500e+02,5.234381866455078125e+01,4.904029846191406250e+00,3.171000000000000000e+03,0.000000000000000000e+00
3.438617600000000000e+07,1.853200073242187500e+02,5.236742019653320312e+01,4.884620189666748047e+00,9.130000000000000000e+02,0.000000000000000000e+00
3.439287600000000000e+07,1.794799957275390625e+02,5.235569000244140625e+01,4.995900154113769531e+00,7.025000000000000000e+03,0.000000000000000000e+00
3.443325600000000000e+07,9.675000000000000000e+01,5.238993072509765625e+01,4.926159858703613281e+00,2.870000000000000000e+03,0.000000000000000000e+00
3.444440800000000000e+07,8.895999908447265625e+01,5.232712173461914062e+01,4.976220130920410156e+00,7.386000000000000000e+03,0.000000000000000000e+00
3.446312000000000000e+07,1.600099945068359375e+02,5.236896133422851562e+01,4.876029968261718750e+00,1.388000000000000000e+03,0.000000000000000000e+00
3.449267200000000000e+07,1.502799987792968750e+02,5.236785888671875000e+01,4.861320018768310547e+00,2.390000000000000000e+03,0.000000000000000000e+00
3.449644800000000000e+07,1.502799987792968750e+02,5.234959030151367188e+01,4.891880035400390625e+00,2.496000000000000000e+03,0.000000000000000000e+00
3.450512000000000000e+07,1.989499969482421875e+02,5.241434860229492188e+01,4.890110015869140625e+00,4.737000000000000000e+03,0.000000000000000000e+00
3.450585200000000000e+07,3.430000000000000000e+02,5.238129043579101562e+01,4.876110076904296875e+00,1.702000000000000000e+03,0.000000000000000000e+00
3.453938800000000000e+07,1.064800033569335938e+02,5.237557983398437500e+01,4.839069843292236328e+00,3.880000000000000000e+03,0.000000000000000000e+00
3.455544000000000000e+07,2.145200042724609375e+02,5.237230682373046875e+01,4.881441116333007812e+00,9.830000000000000000e+02,0.000000000000000000e+00
3.455848800000000000e+07,1.415200042724609375e+02,5.236120986938476562e+01,4.859489917755126953e+00,2.743000000000000000e+03,0.000000000000000000e+00
3.455998800000000000e+07,1.600099945068359375e+02,5.235247039794921875e+01,4.855370044708251953e+00,3.499000000000000000e+03,0.000000000000000000e+00
3.456178400000000000e+07,1.561199951171875000e+02,5.236363983154296875e+01,4.908140182495117188e+00,1.239000000000000000e+03,0.000000000000000000e+00
3.457956800000000000e+07,1.502799987792968750e+02,5.241907119750976562e+01,4.883490085601806641e+00,5.313000000000000000e+03,0.000000000000000000e+00
3.458153600000000000e+07,1.356799926757812500e+02,5.240843963623046875e+01,4.930650234222412109e+00,4.698000000000000000e+03,0.000000000000000000e+00
3.458724400000000000e+07,2.476100006103515625e+02,5.236996841430664062e+01,4.882549762725830078e+00,9.310000000000000000e+02,0.000000000000000000e+00
3.461178400000000000e+07,4.422799987792968750e+02,5.237689971923828125e+01,4.881249904632568359e+00,1.139000000000000000e+03,0.000000000000000000e+00
3.463126000000000000e+07,1.502799987792968750e+02,5.236265182495117188e+01,4.944379806518554688e+00,3.448000000000000000e+03,0.000000000000000000e+00
3.464004800000000000e+07,4.607699890136718750e+02,5.236783981323242188e+01,4.907259941101074219e+00,8.940000000000000000e+02,0.000000000000000000e+00
3.464458400000000000e+07,1.746100006103515625e+02,5.234715270996093750e+01,4.860641956329345703e+00,3.647000000000000000e+03,0.000000000000000000e+00
3.464676800000000000e+07,1.600099945068359375e+02,5.236946868896484375e+01,4.855329990386962891e+00,2.768000000000000000e+03,0.000000000000000000e+00
3.466297200000000000e+07,1.493099975585937500e+02,5.239521026611328125e+01,4.906050205230712891e+00,2.682000000000000000e+03,0.000000000000000000e+00
3.467755600000000000e+07,4.413099975585937500e+02,5.236392974853515625e+01,4.875319957733154297e+00,1.655000000000000000e+03,0.000000000000000000e+00
3.468465200000000000e+07,1.502799987792968750e+02,5.235231018066406250e+01,4.897520065307617188e+00,2.181000000000000000e+03,0.000000000000000000e+00
3.471447600000000000e+07,1.405500030517578125e+02,5.236112213134765625e+01,4.916616439819335938e+00,1.848000000000000000e+03,0.000000000000000000e+00
3.473378400000000000e+07,1.259499969482421875e+02,5.235641860961914062e+01,4.904439926147460938e+00,1.816000000000000000e+03,0.000000000000000000e+00
3.475076800000000000e+07,2.680499877929687500e+02,5.237646102905273438e+01,4.893610000610351562e+00,5.310000000000000000e+02,0.000000000000000000e+00
3.479835600000000000e+07,3.449500122070312500e+02,5.236003875732421875e+01,4.898139953613281250e+00,1.328000000000000000e+03,0.000000000000000000e+00
3.483048000000000000e+07,1.493099975585937500e+02,5.237210845947265625e+01,4.969439983367919922e+00,4.993000000000000000e+03,0.000000000000000000e+00
3.483697200000000000e+07,2.086799926757812500e+02,5.236299133300781250e+01,4.899759769439697266e+00,1.025000000000000000e+03,0.000000000000000000e+00
3.485033200000000000e+07,1.600099945068359375e+02,5.239300918579101562e+01,4.882490158081054688e+00,2.518000000000000000e+03,0.000000000000000000e+00
3.485040800000000000e+07,1.697500000000000000e+02,5.236962890625000000e+01,4.876890182495117188e+00,1.315000000000000000e+03,0.000000000000000000e+00
3.486212400000000000e+07,1.551499938964843750e+02,5.235860061645507812e+01,4.925730228424072266e+00,2.508000000000000000e+03,0.000000000000000000e+00
3.487732800000000000e+07,8.993000030517578125e+01,5.234157180786132812e+01,4.905950069427490234e+00,3.441000000000000000e+03,0.000000000000000000e+00
3.489454400000000000e+07,1.210800018310546875e+02,5.237963867187500000e+01,4.846970081329345703e+00,3.431000000000000000e+03,0.000000000000000000e+00
3.493651600000000000e+07,1.746100006103515625e+02,5.235372924804687500e+01,4.856669902801513672e+00,3.343000000000000000e+03,0.000000000000000000e+00
3.498249600000000000e+07,2.962799987792968750e+02,5.236814117431640625e+01,4.864089965820312500e+00,2.200000000000000000e+03,0.000000000000000000e+00
3.499975200000000000e+07,7.342800292968750000e+02,5.237554168701171875e+01,4.881490230560302734e+00,1.059000000000000000e+03,0.000000000000000000e+00
3.503881600000000000e+07,3.449500122070312500e+02,5.239139175415039062e+01,4.880620002746582031e+00,2.403000000000000000e+03,0.000000000000000000e+00
3.507840400000000000e+07,3.887500000000000000e+02,5.235559844970703125e+01,4.894509792327880859e+00,1.815000000000000000e+03,0.000000000000000000e+00
3.510048000000000000e+07,2.369100036621093750e+02,5.235660171508789062e+01,4.899539947509765625e+00,1.719000000000000000e+03,0.000000000000000000e+00
3.510498000000000000e+07,4.335199890136718750e+02,5.237263870239257812e+01,4.892879962921142578e+00,2.210000000000000000e+02,0.000000000000000000e+00
3.510605600000000000e+07,8.215000152587890625e+01,5.237261962890625000e+01,4.950409889221191406e+00,3.701000000000000000e+03,0.000000000000000000e+00
3.511866000000000000e+07,3.449500122070312500e+02,5.236423873901367188e+01,4.982570171356201172e+00,5.946000000000000000e+03,0.000000000000000000e+00
3.511996400000000000e+07,2.894700012207031250e+02,5.236972045898437500e+01,4.880760192871093750e+00,1.056000000000000000e+03,0.000000000000000000e+00
3.513913600000000000e+07,1.084300003051757812e+02,5.237479019165039062e+01,4.863810062408447266e+00,2.202000000000000000e+03,0.000000000000000000e+00
3.514062400000000000e+07,2.330099945068359375e+02,5.236212158203125000e+01,4.866040229797363281e+00,2.300000000000000000e+03,0.000000000000000000e+00
3.514303600000000000e+07,1.940800018310546875e+02,5.238745117187500000e+01,4.881529808044433594e+00,1.985000000000000000e+03,0.000000000000000000e+00
3.514594800000000000e+07,3.936099853515625000e+02,5.237646865844726562e+01,4.877049922943115234e+00,1.377000000000000000e+03,0.000000000000000000e+00
3.515794000000000000e+07,8.215000152587890625e+01,5.241149902343750000e+01,4.916014194488525391e+00,4.610000000000000000e+03,0.000000000000000000e+00
3.516274800000000000e+07,1.210800018310546875e+02,5.239036941528320312e+01,4.910200119018554688e+00,2.272000000000000000e+03,0.000000000000000000e+00
3.517617600000000000e+07,1.989499969482421875e+02,5.235984039306640625e+01,4.853909969329833984e+00,3.151000000000000000e+03,0.000000000000000000e+00
3.521297600000000000e+07,2.232799987792968750e+02,5.234767150878906250e+01,4.833920001983642578e+00,4.997000000000000000e+03,0.000000000000000000e+00
3.525676800000000000e+07,1.989499969482421875e+02,5.239575958251953125e+01,4.916870117187500000e+00,3.011000000000000000e+03,0.000000000000000000e+00
3.527337600000000000e+07,1.989499969482421875e+02,5.238734054565429688e+01,4.918779850006103516e+00,2.315000000000000000e+03,0.000000000000000000e+00
3.530242400000000000e+07,2.135500030517578125e+02,5.235660171508789062e+01,4.895299911499023438e+00,1.701000000000000000e+03,0.000000000000000000e+00
3.532683600000000000e+07,1.882400054931640625e+02,5.237882995605468750e+01,4.873000144958496094e+00,1.735000000000000000e+03,0.000000000000000000e+00
3.532974800000000000e+07,5.295000076293945312e+01,5.238253021240234375e+01,4.848840236663818359e+00,3.406000000000000000e+03,0.000000000000000000e+00
3.533275600000000000e+07,1.210800018310546875e+02,5.241637039184570312e+01,4.891990184783935547e+00,4.952000000000000000e+03,0.000000000000000000e+00
3.533808400000000000e+07,1.755899963378906250e+02,5.236268997192382812e+01,4.923110008239746094e+00,2.112000000000000000e+03,0.000000000000000000e+00
3.534298000000000000e+07,2.914100036621093750e+02,5.236252975463867188e+01,4.914579868316650391e+00,1.641000000000000000e+03,0.000000000000000000e+00
3.534480000000000000e+07,1.843500061035156250e+02,5.235660171508789062e+01,4.897389888763427734e+00,1.704000000000000000e+03,0.000000000000000000e+00
3.536218400000000000e+07,1.794799957275390625e+02,5.241632080078125000e+01,4.898479938507080078e+00,4.943000000000000000e+03,0.000000000000000000e+00
3.536420400000000000e+07,1.970000000000000000e+02,5.235028839111328125e+01,4.913249969482421875e+00,2.676000000000000000e+03,0.000000000000000000e+00
3.536720800000000000e+07,1.989499969482421875e+02,5.236468124389648438e+01,4.866330146789550781e+00,2.162000000000000000e+03,0.000000000000000000e+00
3.536735200000000000e+07,1.989499969482421875e+02,5.235581970214843750e+01,4.904049873352050781e+00,1.872000000000000000e+03,0.000000000000000000e+00
3.536760800000000000e+07,2.369100036621093750e+02,5.234606170654296875e+01,4.897520065307617188e+00,2.875000000000000000e+03,0.000000000000000000e+00
3.537720400000000000e+07,1.055100021362304688e+02,5.239670181274414062e+01,4.938920021057128906e+00,4.016000000000000000e+03,0.000000000000000000e+00
3.539432400000000000e+07,2.729200134277343750e+02,5.235358047485351562e+01,4.913529872894287109e+00,2.363000000000000000e+03,0.000000000000000000e+00
3.539616000000000000e+07,1.395700073242187500e+02,5.236014175415039062e+01,4.860410213470458984e+00,2.741000000000000000e+03,0.000000000000000000e+00
3.541900800000000000e+07,1.979700012207031250e+02,5.239059066772460938e+01,4.887380123138427734e+00,2.157000000000000000e+03,0.000000000000000000e+00
3.542107200000000000e+07,1.746100006103515625e+02,5.236660003662109375e+01,4.873010158538818359e+00,1.662000000000000000e+03,0.000000000000000000e+00
3.544195200000000000e+07,6.365000152587890625e+01,5.235352706909179688e+01,4.846999645233154297e+00,3.899000000000000000e+03,0.000000000000000000e+00
3.548449600000000000e+07,1.502799987792968750e+02,5.236373901367187500e+01,4.852570056915283203e+00,3.079000000000000000e+03,0.000000000000000000e+00
3.550419200000000000e+07,1.502799987792968750e+02,5.236225891113281250e+01,4.864049911499023438e+00,2.414000000000000000e+03,0.000000000000000000e+00
3.550717200000000000e+07,1.006399993896484375e+02,5.237197113037109375e+01,4.873079776763916016e+00,1.549000000000000000e+03,0.000000000000000000e+00
3.550785200000000000e+07,1.989499969482421875e+02,5.236034011840820312e+01,4.852039813995361328e+00,3.243000000000000000e+03,0.000000000000000000e+00
3.552608400000000000e+07,1.210800018310546875e+02,5.236745834350585938e+01,4.907269954681396484e+00,9.160000000000000000e+02,0.000000000000000000e+00
3.553802400000000000e+07,1.123199996948242188e+02,5.237171936035156250e+01,4.937479972839355469e+00,2.823000000000000000e+03,0.000000000000000000e+00
3.554293600000000000e+07,6.755000305175781250e+01,5.237118911743164062e+01,4.937880039215087891e+00,2.851000000000000000e+03,0.000000000000000000e+00
3.557038000000000000e+07,2.184100036621093750e+02,5.237845993041992188e+01,4.887139797210693359e+00,9.410000000000000000e+02,0.000000000000000000e+00
3.559265200000000000e+07,2.184100036621093750e+02,5.237102127075195312e+01,4.875979900360107422e+00,1.356000000000000000e+03,0.000000000000000000e+00
3.561094800000000000e+07,1.648800048828125000e+02,5.236555862426757812e+01,4.876669883728027344e+00,1.484000000000000000e+03,0.000000000000000000e+00
3.561294800000000000e+07,9.772000122070312500e+01,5.237519836425781250e+01,4.847189903259277344e+00,3.327000000000000000e+03,0.000000000000000000e+00
3.562852800000000000e+07,1.882400054931640625e+02,5.238087081909179688e+01,4.849219799041748047e+00,3.322000000000000000e+03,0.000000000000000000e+00
3.563230400000000000e+07,1.940800018310546875e+02,5.236180877685546875e+01,4.919400215148925781e+00,1.951000000000000000e+03,0.000000000000000000e+00
3.563234400000000000e+07,3.410499877929687500e+02,5.236191940307617188e+01,4.919660091400146484e+00,1.958000000000000000e+03,0.000000000000000000e+00
3.563445600000000000e+07,1.648800048828125000e+02,5.235121917724609375e+01,4.846529960632324219e+00,4.065000000000000000e+03,0.000000000000000000e+00
3.563704800000000000e+07,1.989499969482421875e+02,5.236109924316406250e+01,4.942560195922851562e+00,3.388000000000000000e+03,0.000000000000000000e+00
3.564486000000000000e+07,1.794799957275390625e+02,5.236627960205078125e+01,4.862919807434082031e+00,2.325000000000000000e+03,0.000000000000000000e+00
3.565916800000000000e+07,1.794799957275390625e+02,5.239630889892578125e+01,4.924449920654296875e+00,3.335000000000000000e+03,0.000000000000000000e+00
3.566287200000000000e+07,1.113499984741210938e+02,5.235525131225585938e+01,4.874730110168457031e+00,2.344000000000000000e+03,0.000000000000000000e+00
3.566304000000000000e+07,1.989499969482421875e+02,5.231853103637695312e+01,4.965479850769042969e+00,7.586000000000000000e+03,0.000000000000000000e+00
3.569382400000000000e+07,1.940800018310546875e+02,5.236968994140625000e+01,4.869040012359619141e+00,1.840000000000000000e+03,0.000000000000000000e+00
3.569657600000000000e+07,6.755000305175781250e+01,5.237726974487304688e+01,4.862549781799316406e+00,2.341000000000000000e+03,0.000000000000000000e+00
3.572410800000000000e+07,1.970000000000000000e+02,5.235744857788085938e+01,4.894760131835937500e+00,1.609000000000000000e+03,0.000000000000000000e+00
3.573210800000000000e+07,1.240000000000000000e+02,5.234170150756835938e+01,4.895470142364501953e+00,3.358000000000000000e+03,0.000000000000000000e+00
3.574771200000000000e+07,1.493099975585937500e+02,5.237660980224609375e+01,4.873139858245849609e+00,1.631000000000000000e+03,0.000000000000000000e+00
3.576421600000000000e+07,1.249700012207031250e+02,5.237036132812500000e+01,4.850319862365722656e+00,3.099000000000000000e+03,0.000000000000000000e+00
3.579156800000000000e+07,8.312000274658203125e+01,5.241297912597656250e+01,4.888710021972656250e+00,4.594000000000000000e+03,0.000000000000000000e+00
3.580005600000000000e+07,1.084300003051757812e+02,5.235702896118164062e+01,4.921539783477783203e+00,2.401000000000000000e+03,0.000000000000000000e+00
3.581608000000000000e+07,1.454100036621093750e+02,5.241275405883789062e+01,4.884312152862548828e+00,4.610000000000000000e+03,0.000000000000000000e+00
3.582232400000000000e+07,1.989499969482421875e+02,5.235459136962890625e+01,4.900519847869873047e+00,1.950000000000000000e+03,0.000000000000000000e+00
3.582508400000000000e+07,1.405500030517578125e+02,5.235469818115234375e+01,4.886839866638183594e+00,2.009000000000000000e+03,0.000000000000000000e+00
3.582632000000000000e+07,3.449500122070312500e+02,5.237363815307617188e+01,4.898769855499267578e+00,2.750000000000000000e+02,0.000000000000000000e+00
3.585535200000000000e+07,8.116999816894531250e+01,5.235987854003906250e+01,4.920169830322265625e+00,2.122000000000000000e+03,0.000000000000000000e+00
3.585540400000000000e+07,3.975100097656250000e+02,5.235961914062500000e+01,4.919849872589111328e+00,2.123000000000000000e+03,0.000000000000000000e+00
3.585940000000000000e+07,1.707200012207031250e+02,5.235240936279296875e+01,4.893249988555908203e+00,2.175000000000000000e+03,0.000000000000000000e+00
3.585955600000000000e+07,1.794799957275390625e+02,5.237113189697265625e+01,4.875010013580322266e+00,1.421000000000000000e+03,0.000000000000000000e+00
3.586012000000000000e+07,1.911600036621093750e+02,5.237136840820312500e+01,4.873579978942871094e+00,1.516000000000000000e+03,0.000000000000000000e+00
3.586455600000000000e+07,3.449500122070312500e+02,5.236489105224609375e+01,4.883759975433349609e+00,1.134000000000000000e+03,0.000000000000000000e+00
3.587629200000000000e+07,1.502799987792968750e+02,5.236471939086914062e+01,4.876890182495117188e+00,1.518000000000000000e+03,0.000000000000000000e+00
3.588913600000000000e+07,1.016100006103515625e+02,5.234997940063476562e+01,4.849190235137939453e+00,4.000000000000000000e+03,0.000000000000000000e+00
3.592564000000000000e+07,1.892100067138671875e+02,5.237551879882812500e+01,4.820610046386718750e+00,5.127000000000000000e+03,0.000000000000000000e+00
3.592768800000000000e+07,7.436000061035156250e+01,5.236053848266601562e+01,4.919839859008789062e+00,2.059000000000000000e+03,0.000000000000000000e+00
3.604699200000000000e+07,1.016100006103515625e+02,5.232699966430664062e+01,4.947279930114746094e+00,6.091000000000000000e+03,0.000000000000000000e+00
3.609039600000000000e+07,1.162099990844726562e+02,5.229124832153320312e+01,4.970290184020996094e+00,1.029400000000000000e+04,0.000000000000000000e+00
3.609355200000000000e+07,5.298800048828125000e+02,5.236897659301757812e+01,4.870276927947998047e+00,1.770000000000000000e+03,0.000000000000000000e+00
3.609645200000000000e+07,8.215000152587890625e+01,5.241947174072265625e+01,4.906529903411865234e+00,5.339000000000000000e+03,0.000000000000000000e+00
3.611170000000000000e+07,1.259499969482421875e+02,5.233499908447265625e+01,4.871150016784667969e+00,4.434000000000000000e+03,0.000000000000000000e+00
3.611504400000000000e+07,1.707200012207031250e+02,5.237918090820312500e+01,4.792429924011230469e+00,7.070000000000000000e+03,0.000000000000000000e+00
3.613969600000000000e+07,1.746100006103515625e+02,5.235523986816406250e+01,4.923669815063476562e+00,2.643000000000000000e+03,0.000000000000000000e+00
3.614354800000000000e+07,1.794799957275390625e+02,5.236769104003906250e+01,4.867489814758300781e+00,1.985000000000000000e+03,0.000000000000000000e+00
3.616328000000000000e+07,2.378800048828125000e+02,5.238671112060546875e+01,4.958489894866943359e+00,4.557000000000000000e+03,0.000000000000000000e+00
3.619247200000000000e+07,1.765599975585937500e+02,5.239955139160156250e+01,4.904260158538818359e+00,3.127000000000000000e+03,0.000000000000000000e+00
3.623197200000000000e+07,2.047899932861328125e+02,5.234838867187500000e+01,4.886060237884521484e+00,2.698000000000000000e+03,0.000000000000000000e+00
3.625639600000000000e+07,1.016100006103515625e+02,5.236838150024414062e+01,4.931960105895996094e+00,2.479000000000000000e+03,0.000000000000000000e+00
3.625861200000000000e+07,1.648800048828125000e+02,5.234626007080078125e+01,4.861050128936767578e+00,3.705000000000000000e+03,0.000000000000000000e+00
3.625985200000000000e+07,2.378800048828125000e+02,5.241209030151367188e+01,4.906620025634765625e+00,4.528000000000000000e+03,0.000000000000000000e+00
3.626006800000000000e+07,1.006399993896484375e+02,5.236367034912109375e+01,4.939229965209960938e+00,3.081000000000000000e+03,0.000000000000000000e+00
3.627227200000000000e+07,1.162099990844726562e+02,5.238211059570312500e+01,4.852550029754638672e+00,3.154000000000000000e+03,0.000000000000000000e+00
3.629178400000000000e+07,2.476100006103515625e+02,5.237453842163085938e+01,4.873859882354736328e+00,1.525000000000000000e+03,0.000000000000000000e+00
3.629986000000000000e+07,9.576999664306640625e+01,5.237720108032226562e+01,4.852200031280517578e+00,3.025000000000000000e+03,0.000000000000000000e+00
3.630173200000000000e+07,2.271699981689453125e+02,5.235491180419921875e+01,4.886640071868896484e+00,1.991000000000000000e+03,0.000000000000000000e+00
3.630327200000000000e+07,4.422799987792968750e+02,5.234423828125000000e+01,4.896120071411132812e+00,3.076000000000000000e+03,0.000000000000000000e+00
3.630936000000000000e+07,1.162099990844726562e+02,5.238581085205078125e+01,4.915430068969726562e+00,2.037000000000000000e+03,0.000000000000000000e+00
3.631063200000000000e+07,1.356799926757812500e+02,5.236312103271484375e+01,4.899640083312988281e+00,1.009000000000000000e+03,0.000000000000000000e+00
3.632492800000000000e+07,1.171900024414062500e+02,5.239646148681640625e+01,4.906760215759277344e+00,2.829000000000000000e+03,0.000000000000000000e+00
3.632526400000000000e+07,9.091000366210937500e+01,5.230176162719726562e+01,4.975110054016113281e+00,9.476000000000000000e+03,0.000000000000000000e+00
3.632657200000000000e+07,1.016100006103515625e+02,5.237995147705078125e+01,4.847050189971923828e+00,3.435000000000000000e+03,0.000000000000000000e+00
3.633640800000000000e+07,1.979700012207031250e+02,5.234666061401367188e+01,4.856379985809326172e+00,3.883000000000000000e+03,0.000000000000000000e+00
3.633812400000000000e+07,1.502799987792968750e+02,5.237041091918945312e+01,4.860960006713867188e+00,2.378000000000000000e+03,0.000000000000000000e+00
3.634292000000000000e+07,3.206099853515625000e+02,5.238259887695312500e+01,4.886119842529296875e+00,1.362000000000000000e+03,0.000000000000000000e+00
3.634637600000000000e+07,1.259499969482421875e+02,5.236233139038085938e+01,4.855101108551025391e+00,2.967000000000000000e+03,0.000000000000000000e+00
3.634781600000000000e+07,2.437200012207031250e+02,5.236222076416015625e+01,4.939539909362792969e+00,3.152000000000000000e+03,0.000000000000000000e+00
3.636988800000000000e+07,2.330099945068359375e+02,5.236090850830078125e+01,4.826650142669677734e+00,4.858000000000000000e+03,0.000000000000000000e+00
3.637799200000000000e+07,1.259499969482421875e+02,5.237308883666992188e+01,4.908470153808593750e+00,8.640000000000000000e+02,0.000000000000000000e+00
3.639750000000000000e+07,2.865499877929687500e+02,5.235129928588867188e+01,4.904580116271972656e+00,2.365000000000000000e+03,0.000000000000000000e+00
3.640477200000000000e+07,1.502799987792968750e+02,5.236608886718750000e+01,4.867080211639404297e+00,2.061000000000000000e+03,0.000000000000000000e+00
3.641186800000000000e+07,1.794799957275390625e+02,5.238372039794921875e+01,4.890059947967529297e+00,1.373000000000000000e+03,0.000000000000000000e+00
3.641558000000000000e+07,1.405500030517578125e+02,5.236899185180664062e+01,4.850949764251708984e+00,3.069000000000000000e+03,0.000000000000000000e+00
3.644501200000000000e+07,9.772000122070312500e+01,5.238320159912109375e+01,4.918550014495849609e+00,1.986000000000000000e+03,0.000000000000000000e+00
3.644652400000000000e+07,1.901900024414062500e+02,5.236777877807617188e+01,4.881229877471923828e+00,1.096000000000000000e+03,0.000000000000000000e+00
3.646911600000000000e+07,1.502799987792968750e+02,5.235776901245117188e+01,4.894430160522460938e+00,1.574000000000000000e+03,0.000000000000000000e+00
3.648067200000000000e+07,2.232799987792968750e+02,5.238856124877929688e+01,4.885369777679443359e+00,1.986000000000000000e+03,0.000000000000000000e+00
3.649699600000000000e+07,4.549299926757812500e+02,5.235982131958007812e+01,4.851870059967041016e+00,3.277000000000000000e+03,0.000000000000000000e+00
3.651960000000000000e+07,5.295000076293945312e+01,5.236626815795898438e+01,4.848519802093505859e+00,3.277000000000000000e+03,0.000000000000000000e+00
3.654634400000000000e+07,8.215000152587890625e+01,5.235354995727539062e+01,4.808800220489501953e+00,6.256000000000000000e+03,0.000000000000000000e+00
3.655654000000000000e+07,1.989499969482421875e+02,5.238050079345703125e+01,4.891650199890136719e+00,9.990000000000000000e+02,0.000000000000000000e+00
3.655916400000000000e+07,2.184100036621093750e+02,5.235319137573242188e+01,4.900119781494140625e+00,2.100000000000000000e+03,0.000000000000000000e+00
3.656015200000000000e+07,1.502799987792968750e+02,5.237500000000000000e+01,4.859200000762939453e+00,2.515000000000000000e+03,0.000000000000000000e+00
3.656105600000000000e+07,2.914100036621093750e+02,5.235182952880859375e+01,4.905419826507568359e+00,2.323000000000000000e+03,0.000000000000000000e+00
3.656166800000000000e+07,1.220500030517578125e+02,5.237937927246093750e+01,4.888020038604736328e+00,9.890000000000000000e+02,0.000000000000000000e+00
3.656197600000000000e+07,1.746100006103515625e+02,5.238206100463867188e+01,4.885039806365966797e+00,1.349000000000000000e+03,0.000000000000000000e+00
3.658648800000000000e+07,1.502799987792968750e+02,5.237099838256835938e+01,4.862219810485839844e+00,2.289000000000000000e+03,0.000000000000000000e+00
3.659786800000000000e+07,3.692799987792968750e+02,5.236436080932617188e+01,4.875810146331787109e+00,1.601000000000000000e+03,0.000000000000000000e+00
3.660929200000000000e+07,2.417700042724609375e+02,5.236902999877929688e+01,4.887159824371337891e+00,6.740000000000000000e+02,0.000000000000000000e+00
3.661524800000000000e+07,1.308099975585937500e+02,5.236864089965820312e+01,4.930210113525390625e+00,2.357000000000000000e+03,0.000000000000000000e+00
3.661705600000000000e+07,1.201100006103515625e+02,5.241228866577148438e+01,4.953169822692871094e+00,5.939000000000000000e+03,0.000000000000000000e+00
3.661719200000000000e+07,1.648800048828125000e+02,5.239307022094726562e+01,4.914070129394531250e+00,2.658000000000000000e+03,0.000000000000000000e+00
3.661749200000000000e+07,7.241000366210937500e+01,5.237211990356445312e+01,4.853640079498291016e+00,2.869000000000000000e+03,0.000000000000000000e+00
3.661951600000000000e+07,1.113499984741210938e+02,5.236220169067382812e+01,4.931560039520263672e+00,2.650000000000000000e+03,0.000000000000000000e+00
3.662000000000000000e+07,8.993000030517578125e+01,5.237689971923828125e+01,4.878550052642822266e+00,1.302000000000000000e+03,0.000000000000000000e+00
3.662774800000000000e+07,1.220500030517578125e+02,5.241051101684570312e+01,4.953330039978027344e+00,5.798000000000000000e+03,0.000000000000000000e+00
3.662807200000000000e+07,1.259499969482421875e+02,5.241250991821289062e+01,4.954559803009033203e+00,6.020000000000000000e+03,0.000000000000000000e+00
3.662826400000000000e+07,1.259499969482421875e+02,5.241271972656250000e+01,4.952859878540039062e+00,5.962000000000000000e+03,0.000000000000000000e+00
3.663251200000000000e+07,1.259499969482421875e+02,5.241270065307617188e+01,4.954720020294189453e+00,6.043000000000000000e+03,0.000000000000000000e+00
3.663743600000000000e+07,3.867999877929687500e+02,5.238843917846679688e+01,4.892859935760498047e+00,1.851000000000000000e+03,0.000000000000000000e+00
3.666998800000000000e+07,2.485899963378906250e+02,5.235820007324218750e+01,4.923059940338134766e+00,2.392000000000000000e+03,0.000000000000000000e+00
3.668454000000000000e+07,5.781000137329101562e+01,5.239706039428710938e+01,4.908460140228271484e+00,2.925000000000000000e+03,0.000000000000000000e+00
3.669745200000000000e+07,1.191299972534179688e+02,5.237165069580078125e+01,4.963910102844238281e+00,4.617000000000000000e+03,0.000000000000000000e+00
3.671137600000000000e+07,2.904400024414062500e+02,5.237089157104492188e+01,4.884119987487792969e+00,8.080000000000000000e+02,0.000000000000000000e+00
3.673214000000000000e+07,9.675000000000000000e+01,5.235535812377929688e+01,4.930270195007324219e+00,2.971000000000000000e+03,0.000000000000000000e+00
3.675608400000000000e+07,1.989499969482421875e+02,5.234783172607421875e+01,4.836520195007324219e+00,4.840000000000000000e+03,0.000000000000000000e+00
3.675921200000000000e+07,1.678000030517578125e+02,5.238488006591796875e+01,4.878119945526123047e+00,1.882000000000000000e+03,0.000000000000000000e+00
3.676060000000000000e+07,2.476100006103515625e+02,5.236465072631835938e+01,4.863150119781494141e+00,2.365000000000000000e+03,0.000000000000000000e+00
3.678179600000000000e+07,1.259499969482421875e+02,5.237276840209960938e+01,4.852220058441162109e+00,2.967000000000000000e+03,0.000000000000000000e+00
3.678480000000000000e+07,2.378800048828125000e+02,5.238827133178710938e+01,4.886250019073486328e+00,1.935000000000000000e+03,0.000000000000000000e+00
3.679011200000000000e+07,1.103700027465820312e+02,5.237506866455078125e+01,4.874080181121826172e+00,1.523000000000000000e+03,0.000000000000000000e+00
3.679630000000000000e+07,2.953099975585937500e+02,5.235702133178710938e+01,4.902860164642333984e+00,1.720000000000000000e+03,0.000000000000000000e+00
3.680358400000000000e+07,1.600099945068359375e+02,5.241868972778320312e+01,4.879829883575439453e+00,5.316000000000000000e+03,0.000000000000000000e+00
3.682466800000000000e+07,1.502799987792968750e+02,5.236883926391601562e+01,4.862349987030029297e+00,2.303000000000000000e+03,0.000000000000000000e+00
3.682589600000000000e+07,1.084300003051757812e+02,5.235372924804687500e+01,4.901949882507324219e+00,2.062000000000000000e+03,0.000000000000000000e+00
3.682823600000000000e+07,3.449500122070312500e+02,5.237646865844726562e+01,4.880700111389160156e+00,1.150000000000000000e+03,0.000000000000000000e+00
3.682974800000000000e+07,1.502799987792968750e+02,5.237070083618164062e+01,4.862370014190673828e+00,2.280000000000000000e+03,0.000000000000000000e+00
3.684960400000000000e+07,1.259499969482421875e+02,5.234117126464843750e+01,4.908400058746337891e+00,3.521000000000000000e+03,0.000000000000000000e+00
3.685617600000000000e+07,1.755899963378906250e+02,5.237630081176757812e+01,4.838640213012695312e+00,3.918000000000000000e+03,0.000000000000000000e+00
3.686132400000000000e+07,1.210800018310546875e+02,5.241273117065429688e+01,4.906670093536376953e+00,4.599000000000000000e+03,0.000000000000000000e+00
3.686321600000000000e+07,2.320399932861328125e+02,5.235359954833984375e+01,4.914380073547363281e+00,2.391000000000000000e+03,0.000000000000000000e+00
3.686322000000000000e+07,2.408000030517578125e+02,5.235388946533203125e+01,4.914249897003173828e+00,2.359000000000000000e+03,0.000000000000000000e+00
3.686536400000000000e+07,3.108800048828125000e+02,5.237115097045898438e+01,4.913219928741455078e+00,1.179000000000000000e+03,0.000000000000000000e+00
3.686554400000000000e+07,2.914100036621093750e+02,5.236711883544921875e+01,4.906970024108886719e+00,9.210000000000000000e+02,0.000000000000000000e+00
3.686970400000000000e+07,2.086799926757812500e+02,5.236637115478515625e+01,4.867990016937255859e+00,1.992000000000000000e+03,0.000000000000000000e+00
3.687703200000000000e+07,1.989499969482421875e+02,5.235573959350585938e+01,4.922939777374267578e+00,2.569000000000000000e+03,0.000000000000000000e+00
3.689816800000000000e+07,1.386000061035156250e+02,5.235702896118164062e+01,4.851769924163818359e+00,3.422000000000000000e+03,0.000000000000000000e+00
3.690056800000000000e+07,1.113499984741210938e+02,5.234923934936523438e+01,5.010709762573242188e+00,8.193000000000000000e+03,0.000000000000000000e+00
3.692884800000000000e+07,8.312000274658203125e+01,5.232321929931640625e+01,4.879710197448730469e+00,5.523000000000000000e+03,0.000000000000000000e+00
3.695320800000000000e+07,1.210800018310546875e+02,5.235412979125976562e+01,4.996439933776855469e+00,7.107000000000000000e+03,0.000000000000000000e+00
3.696097200000000000e+07,1.415200042724609375e+02,5.237781906127929688e+01,4.881629943847656250e+00,1.171000000000000000e+03,0.000000000000000000e+00
3.696752400000000000e+07,2.573500061035156250e+02,5.236822891235351562e+01,4.884829998016357422e+00,8.550000000000000000e+02,0.000000000000000000e+00
3.697246000000000000e+07,1.600099945068359375e+02,5.236301040649414062e+01,4.862219810485839844e+00,2.491000000000000000e+03,0.000000000000000000e+00
3.699795600000000000e+07,1.629299926757812500e+02,5.240050125122070312e+01,4.914120197296142578e+00,3.412000000000000000e+03,0.000000000000000000e+00
3.701186800000000000e+07,2.719500122070312500e+02,5.235253906250000000e+01,4.848410129547119141e+00,3.877000000000000000e+03,0.000000000000000000e+00
3.701467600000000000e+07,7.533000183105468750e+01,5.241149902343750000e+01,4.916014194488525391e+00,4.610000000000000000e+03,0.000000000000000000e+00
3.704885600000000000e+07,1.502799987792968750e+02,5.236339950561523438e+01,4.925700187683105469e+00,2.233000000000000000e+03,0.000000000000000000e+00
3.707823200000000000e+07,8.215000152587890625e+01,5.236106872558593750e+01,4.825369834899902344e+00,4.938000000000000000e+03,0.000000000000000000e+00
3.707960400000000000e+07,1.931100006103515625e+02,5.235741043090820312e+01,4.888840198516845703e+00,1.681000000000000000e+03,0.000000000000000000e+00
3.708508000000000000e+07,2.719500122070312500e+02,5.237620162963867188e+01,4.886099815368652344e+00,8.190000000000000000e+02,0.000000000000000000e+00
3.709862000000000000e+07,7.436000061035156250e+01,5.235226058959960938e+01,4.928840160369873047e+00,3.126000000000000000e+03,0.000000000000000000e+00
3.709888000000000000e+07,1.347100067138671875e+02,5.236848831176757812e+01,4.908639907836914062e+00,9.440000000000000000e+02,0.000000000000000000e+00
3.711394400000000000e+07,8.215000152587890625e+01,5.237786865234375000e+01,4.855750083923339844e+00,2.805000000000000000e+03,0.000000000000000000e+00
3.711758400000000000e+07,1.794799957275390625e+02,5.236906051635742188e+01,4.860499858856201172e+00,2.424000000000000000e+03,0.000000000000000000e+00
3.713740800000000000e+07,6.268000030517578125e+01,5.232670974731445312e+01,4.874460220336914062e+00,5.232000000000000000e+03,0.000000000000000000e+00
3.716426400000000000e+07,2.826499938964843750e+02,5.238422012329101562e+01,4.848440170288085938e+00,3.501000000000000000e+03,0.000000000000000000e+00
3.720542800000000000e+07,2.077100067138671875e+02,5.237849044799804688e+01,4.892509937286376953e+00,7.680000000000000000e+02,0.000000000000000000e+00
3.721171600000000000e+07,6.559999847412109375e+01,5.235157012939453125e+01,4.847119808197021484e+00,4.010000000000000000e+03,0.000000000000000000e+00
3.723144800000000000e+07,1.405500030517578125e+02,5.237498092651367188e+01,4.876500129699707031e+00,1.361000000000000000e+03,0.000000000000000000e+00
3.727649200000000000e+07,2.125700073242187500e+02,5.236491012573242188e+01,4.879749774932861328e+00,1.344000000000000000e+03,0.000000000000000000e+00
3.731849600000000000e+07,1.502799987792968750e+02,5.237004089355468750e+01,4.926169872283935547e+00,2.065000000000000000e+03,0.000000000000000000e+00
3.732400800000000000e+07,1.259499969482421875e+02,5.239368057250976562e+01,4.879059791564941406e+00,2.678000000000000000e+03,0.000000000000000000e+00
3.732688000000000000e+07,3.936099853515625000e+02,5.238071823120117188e+01,4.885330200195312500e+00,1.215000000000000000e+03,0.000000000000000000e+00
3.734384000000000000e+07,1.395700073242187500e+02,5.235950851440429688e+01,4.980090141296386719e+00,5.880000000000000000e+03,0.000000000000000000e+00
3.734410000000000000e+07,1.278899993896484375e+02,5.237173080444335938e+01,4.872389793395996094e+00,1.596000000000000000e+03,0.000000000000000000e+00
3.734841600000000000e+07,1.580700073242187500e+02,5.234811019897460938e+01,4.907909870147705078e+00,2.768000000000000000e+03,0.000000000000000000e+00
3.735826000000000000e+07,1.356799926757812500e+02,5.234766006469726562e+01,4.859819889068603516e+00,3.642000000000000000e+03,0.000000000000000000e+00
3.735906000000000000e+07,5.781000137329101562e+01,5.231835174560546875e+01,4.989799976348876953e+00,8.726000000000000000e+03,0.000000000000000000e+00
3.737844400000000000e+07,2.378800048828125000e+02,5.238307952880859375e+01,4.875430107116699219e+00,1.864000000000000000e+03,0.000000000000000000e+00
3.738644800000000000e+07,8.019999694824218750e+01,5.237091827392578125e+01,4.853159904479980469e+00,2.904000000000000000e+03,0.000000000000000000e+00
3.741288400000000000e+07,8.993000030517578125e+01,5.236167907714843750e+01,4.942560195922851562e+00,3.366000000000000000e+03,0.000000000000000000e+00
3.745258000000000000e+07,1.064800033569335938e+02,5.238122177124023438e+01,4.890920162200927734e+00,1.090000000000000000e+03,0.000000000000000000e+00
3.749355600000000000e+07,1.434700012207031250e+02,5.237181854248046875e+01,4.871570110321044922e+00,1.652000000000000000e+03,0.000000000000000000e+00
3.750770800000000000e+07,1.298399963378906250e+02,5.235863113403320312e+01,4.939909934997558594e+00,3.333000000000000000e+03,0.000000000000000000e+00
3.751061600000000000e+07,1.405500030517578125e+02,5.236566925048828125e+01,4.931109905242919922e+00,2.489000000000000000e+03,0.000000000000000000e+00
3.751738800000000000e+07,1.337299957275390625e+02,5.235950851440429688e+01,4.895080089569091797e+00,1.379000000000000000e+03,0.000000000000000000e+00
3.752805600000000000e+07,1.502799987792968750e+02,5.238526916503906250e+01,4.857220172882080078e+00,3.017000000000000000e+03,0.000000000000000000e+00
3.755467600000000000e+07,3.215899963378906250e+02,5.237445831298828125e+01,4.882420063018798828e+00,9.580000000000000000e+02,0.000000000000000000e+00
3.757659200000000000e+07,3.030899963378906250e+02,5.236343002319335938e+01,4.885379791259765625e+00,1.182000000000000000e+03,0.000000000000000000e+00
3.758599600000000000e+07,1.308099975585937500e+02,5.241952896118164062e+01,4.898469924926757812e+00,5.299000000000000000e+03,0.000000000000000000e+00
3.759098800000000000e+07,2.184100036621093750e+02,5.234769058227539062e+01,4.908160209655761719e+00,2.818000000000000000e+03,0.000000000000000000e+00
3.759165600000000000e+07,1.502799987792968750e+02,5.235345077514648438e+01,4.912539958953857422e+00,2.342000000000000000e+03,0.000000000000000000e+00
3.759568000000000000e+07,1.308099975585937500e+02,5.237987136840820312e+01,4.868639945983886719e+00,2.052000000000000000e+03,0.000000000000000000e+00
3.761478800000000000e+07,1.113499984741210938e+02,5.236069107055664062e+01,4.941199779510498047e+00,3.319000000000000000e+03,0.000000000000000000e+00
3.764357200000000000e+07,7.727999877929687500e+01,5.235245895385742188e+01,5.010169982910156250e+00,8.055000000000000000e+03,0.000000000000000000e+00
3.764513200000000000e+07,2.914100036621093750e+02,5.236869812011718750e+01,4.929870128631591797e+00,2.334000000000000000e+03,0.000000000000000000e+00
3.768099600000000000e+07,3.867999877929687500e+02,5.237214279174804688e+01,4.820653915405273438e+00,5.108000000000000000e+03,0.000000000000000000e+00
3.773252800000000000e+07,1.113499984741210938e+02,5.236196899414062500e+01,4.905469894409179688e+00,1.281000000000000000e+03,0.000000000000000000e+00
3.776297600000000000e+07,1.707200012207031250e+02,5.239017105102539062e+01,4.935379981994628906e+00,3.363000000000000000e+03,0.000000000000000000e+00
3.779956000000000000e+07,8.798999786376953125e+01,5.235261154174804688e+01,4.907949924468994141e+00,2.295000000000000000e+03,0.000000000000000000e+00
3.780439200000000000e+07,1.025899963378906250e+02,5.236625289916992188e+01,4.934816837310791016e+00,2.716000000000000000e+03,0.000000000000000000e+00
3.780548000000000000e+07,9.772000122070312500e+01,5.236625289916992188e+01,4.934816837310791016e+00,2.716000000000000000e+03,0.000000000000000000e+00
3.780615200000000000e+07,1.989499969482421875e+02,5.237115097045898438e+01,4.819759845733642578e+00,5.170000000000000000e+03,0.000000000000000000e+00
3.783416000000000000e+07,2.281499938964843750e+02,5.235284042358398438e+01,4.847030162811279297e+00,3.937000000000000000e+03,0.000000000000000000e+00
3.786913200000000000e+07,1.843500061035156250e+02,5.235404968261718750e+01,4.927889823913574219e+00,2.942000000000000000e+03,0.000000000000000000e+00
3.793714800000000000e+07,1.600099945068359375e+02,5.235280990600585938e+01,4.922100067138671875e+00,2.770000000000000000e+03,0.000000000000000000e+00
3.795752800000000000e+07,1.570899963378906250e+02,5.236515045166015625e+01,4.924870014190673828e+00,2.105000000000000000e+03,0.000000000000000000e+00
3.795974400000000000e+07,1.648800048828125000e+02,5.235676956176757812e+01,4.898349761962890625e+00,1.690000000000000000e+03,0.000000000000000000e+00
3.796494400000000000e+07,1.502799987792968750e+02,5.234215927124023438e+01,4.809480190277099609e+00,6.736000000000000000e+03,0.000000000000000000e+00
3.797769600000000000e+07,1.327599945068359375e+02,5.234048843383789062e+01,4.920859813690185547e+00,3.882000000000000000e+03,0.000000000000000000e+00
3.798674000000000000e+07,2.330099945068359375e+02,5.236923980712890625e+01,4.870120048522949219e+00,1.775000000000000000e+03,0.000000000000000000e+00
3.799506400000000000e+07,2.962799987792968750e+02,5.234365081787109375e+01,4.865530014038085938e+00,3.758000000000000000e+03,0.000000000000000000e+00
3.801287200000000000e+07,1.220500030517578125e+02,5.235374069213867188e+01,4.911880016326904297e+00,2.292000000000000000e+03,0.000000000000000000e+00
3.803343600000000000e+07,2.836300048828125000e+02,5.235134887695312500e+01,4.888140201568603516e+00,2.345000000000000000e+03,0.000000000000000000e+00
3.805620400000000000e+07,5.684000015258789062e+01,5.229705047607421875e+01,4.969309806823730469e+00,9.703000000000000000e+03,0.000000000000000000e+00
3.808206000000000000e+07,2.116000061035156250e+02,5.235372924804687500e+01,4.928760051727294922e+00,3.010000000000000000e+03,0.000000000000000000e+00
3.814165600000000000e+07,1.016100006103515625e+02,5.234173965454101562e+01,4.902900218963623047e+00,3.387000000000000000e+03,0.000000000000000000e+00
3.816004000000000000e+07,3.157500000000000000e+02,5.235448837280273438e+01,4.850130081176757812e+00,3.661000000000000000e+03,0.000000000000000000e+00
3.816028400000000000e+07,1.600099945068359375e+02,5.237477874755859375e+01,4.880819797515869141e+00,1.073000000000000000e+03,0.000000000000000000e+00
3.816985600000000000e+07,1.094000015258789062e+02,5.235427856445312500e+01,4.914400100708007812e+00,2.327000000000000000e+03,0.000000000000000000e+00
3.817054400000000000e+07,3.838800048828125000e+02,5.239535903930664062e+01,4.881410121917724609e+00,2.788000000000000000e+03,0.000000000000000000e+00
3.817072800000000000e+07,3.644100036621093750e+02,5.239318847656250000e+01,4.882609844207763672e+00,2.533000000000000000e+03,0.000000000000000000e+00
3.817090000000000000e+07,7.683400268554687500e+02,5.239405822753906250e+01,4.882999897003173828e+00,2.615000000000000000e+03,0.000000000000000000e+00
3.818217200000000000e+07,1.220500030517578125e+02,5.236597824096679688e+01,4.928420066833496094e+00,2.304000000000000000e+03,0.000000000000000000e+00
3.821446400000000000e+07,3.546799926757812500e+02,5.237228012084960938e+01,4.911859989166259766e+00,1.084000000000000000e+03,0.000000000000000000e+00
3.821449200000000000e+07,8.408999633789062500e+01,5.236405181884765625e+01,4.916689872741699219e+00,1.659000000000000000e+03,0.000000000000000000e+00
3.824048000000000000e+07,1.386000061035156250e+02,5.235322952270507812e+01,4.918079853057861328e+00,2.565000000000000000e+03,0.000000000000000000e+00
3.826044400000000000e+07,1.210800018310546875e+02,5.234164047241210938e+01,4.905179977416992188e+00,3.423000000000000000e+03,0.000000000000000000e+00
3.827705200000000000e+07,1.502799987792968750e+02,5.236249923706054688e+01,4.866370201110839844e+00,2.261000000000000000e+03,0.000000000000000000e+00
3.827855200000000000e+07,2.602699890136718750e+02,5.236262893676757812e+01,4.892809867858886719e+00,1.052000000000000000e+03,0.000000000000000000e+00
3.830788800000000000e+07,4.140499877929687500e+02,5.237572097778320312e+01,4.891689777374267578e+00,5.120000000000000000e+02,0.000000000000000000e+00
3.833736800000000000e+07,9.187999725341796875e+01,5.238790130615234375e+01,4.954880237579345703e+00,4.381000000000000000e+03,0.000000000000000000e+00
3.833964000000000000e+07,1.025899963378906250e+02,5.239857101440429688e+01,4.904640197753906250e+00,3.025000000000000000e+03,0.000000000000000000e+00
3.833970000000000000e+07,1.502799987792968750e+02,5.239424896240234375e+01,4.903749942779541016e+00,2.542000000000000000e+03,0.000000000000000000e+00
3.834596800000000000e+07,1.210800018310546875e+02,5.237480163574218750e+01,4.876520156860351562e+00,1.355000000000000000e+03,0.000000000000000000e+00
3.837753600000000000e+07,1.600099945068359375e+02,5.235980987548828125e+01,4.913630008697509766e+00,1.804000000000000000e+03,0.000000000000000000e+00
3.838134000000000000e+07,1.405500030517578125e+02,5.235488128662109375e+01,4.811130046844482422e+00,6.059000000000000000e+03,0.000000000000000000e+00
3.838274400000000000e+07,1.269199981689453125e+02,5.235427856445312500e+01,4.992750167846679688e+00,6.862000000000000000e+03,0.000000000000000000e+00
3.841708000000000000e+07,7.727999877929687500e+01,5.234569931030273438e+01,4.892280101776123047e+00,2.924000000000000000e+03,0.000000000000000000e+00
3.842285600000000000e+07,1.356799926757812500e+02,5.236550140380859375e+01,4.900489807128906250e+00,7.770000000000000000e+02,0.000000000000000000e+00
3.842568400000000000e+07,2.310700073242187500e+02,5.238954162597656250e+01,4.886410236358642578e+00,2.065000000000000000e+03,0.000000000000000000e+00
3.845252000000000000e+07,9.675000000000000000e+01,5.236183166503906250e+01,4.905700206756591797e+00,1.302000000000000000e+03,0.000000000000000000e+00
3.845514800000000000e+07,1.308099975585937500e+02,5.234455871582031250e+01,4.891689777374267578e+00,3.053000000000000000e+03,0.000000000000000000e+00
3.848424000000000000e+07,2.476100006103515625e+02,5.236780929565429688e+01,4.875679969787597656e+00,1.446000000000000000e+03,0.000000000000000000e+00
3.848510000000000000e+07,2.476100006103515625e+02,5.236275863647460938e+01,4.868840217590332031e+00,2.100000000000000000e+03,0.000000000000000000e+00
3.851680000000000000e+07,1.600099945068359375e+02,5.235102844238281250e+01,4.919670104980468750e+00,2.827000000000000000e+03,0.000000000000000000e+00
3.853076400000000000e+07,8.604000091552734375e+01,5.238613891601562500e+01,4.889750003814697266e+00,1.638000000000000000e+03,0.000000000000000000e+00
3.853537600000000000e+07,1.502799987792968750e+02,5.237588119506835938e+01,4.871409893035888672e+00,1.720000000000000000e+03,0.000000000000000000e+00
3.853619200000000000e+07,7.241000366210937500e+01,5.238011932373046875e+01,4.819240093231201172e+00,5.283000000000000000e+03,0.000000000000000000e+00
3.854708000000000000e+07,1.619600067138671875e+02,5.241365051269531250e+01,4.888339996337890625e+00,4.671000000000000000e+03,0.000000000000000000e+00
3.856527600000000000e+07,1.823999938964843750e+02,5.239080047607421875e+01,4.888000011444091797e+00,2.169000000000000000e+03,0.000000000000000000e+00
3.856529600000000000e+07,1.493099975585937500e+02,5.236711883544921875e+01,4.865489959716796875e+00,2.132000000000000000e+03,0.000000000000000000e+00
3.857604000000000000e+07,3.449500122070312500e+02,5.232394027709960938e+01,4.862090110778808594e+00,5.806000000000000000e+03,0.000000000000000000e+00
3.859160800000000000e+07,1.746100006103515625e+02,5.237617874145507812e+01,4.880119800567626953e+00,1.172000000000000000e+03,0.000000000000000000e+00
3.861267200000000000e+07,3.206099853515625000e+02,5.234568023681640625e+01,4.892230033874511719e+00,2.926000000000000000e+03,0.000000000000000000e+00
3.863160000000000000e+07,5.879000091552734375e+01,5.235538101196289062e+01,4.796239852905273438e+00,7.012000000000000000e+03,0.000000000000000000e+00
3.863221600000000000e+07,3.206099853515625000e+02,5.238256835937500000e+01,4.873730182647705078e+00,1.916000000000000000e+03,0.000000000000000000e+00
3.863294000000000000e+07,3.931999969482421875e+01,5.235353088378906250e+01,4.794519901275634766e+00,7.181000000000000000e+03,0.000000000000000000e+00
3.863497600000000000e+07,1.989499969482421875e+02,5.237166976928710938e+01,4.906340122222900391e+00,7.090000000000000000e+02,0.000000000000000000e+00
3.866339200000000000e+07,2.476100006103515625e+02,5.236695098876953125e+01,4.864990234375000000e+00,2.169000000000000000e+03,0.000000000000000000e+00
3.866502400000000000e+07,8.116999816894531250e+01,5.234545898437500000e+01,4.867380142211914062e+00,3.521000000000000000e+03,0.000000000000000000e+00
3.866804400000000000e+07,8.993000030517578125e+01,5.233563995361328125e+01,4.799570083618164062e+00,7.685000000000000000e+03,0.000000000000000000e+00
3.869459600000000000e+07,5.879000091552734375e+01,5.236708068847656250e+01,4.838349819183349609e+00,3.944000000000000000e+03,0.000000000000000000e+00
3.869890400000000000e+07,5.586999893188476562e+01,5.236503982543945312e+01,4.840240001678466797e+00,3.855000000000000000e+03,0.000000000000000000e+00
3.871107200000000000e+07,5.882800292968750000e+02,5.237406921386718750e+01,4.888060092926025391e+00,5.840000000000000000e+02,0.000000000000000000e+00
3.872617200000000000e+07,1.386000061035156250e+02,5.237586975097656250e+01,4.918529987335205078e+00,1.598000000000000000e+03,0.000000000000000000e+00
3.875467600000000000e+07,1.074499969482421875e+02,5.236622238159179688e+01,4.934885025024414062e+00,2.721000000000000000e+03,0.000000000000000000e+00
3.875491200000000000e+07,1.074499969482421875e+02,5.236625289916992188e+01,4.934816837310791016e+00,2.716000000000000000e+03,0.000000000000000000e+00
3.877498800000000000e+07,1.016100006103515625e+02,5.234991836547851562e+01,4.913780212402343750e+00,2.729000000000000000e+03,0.000000000000000000e+00
3.878797600000000000e+07,1.259499969482421875e+02,5.236956024169921875e+01,4.871419906616210938e+00,1.682000000000000000e+03,0.000000000000000000e+00
3.880801200000000000e+07,1.113499984741210938e+02,5.235348129272460938e+01,4.894690036773681641e+00,2.050000000000000000e+03,0.000000000000000000e+00
3.881954400000000000e+07,1.405500030517578125e+02,5.236980056762695312e+01,4.862410068511962891e+00,2.286000000000000000e+03,0.000000000000000000e+00
3.881960400000000000e+07,1.502799987792968750e+02,5.237226104736328125e+01,4.848770141601562500e+00,3.200000000000000000e+03,0.000000000000000000e+00
3.883523200000000000e+07,1.006399993896484375e+02,5.236523056030273438e+01,4.881969928741455078e+00,1.202000000000000000e+03,0.000000000000000000e+00
3.886226400000000000e+07,1.113499984741210938e+02,5.235890960693359375e+01,4.923649787902832031e+00,2.374000000000000000e+03,0.000000000000000000e+00
3.886988800000000000e+07,2.184100036621093750e+02,5.236658859252929688e+01,4.899720191955566406e+00,6.450000000000000000e+02,0.000000000000000000e+00
3.887200400000000000e+07,1.444400024414062500e+02,5.234162521362304688e+01,4.898841381072998047e+00,3.372000000000000000e+03,0.000000000000000000e+00
3.887472000000000000e+07,5.879000091552734375e+01,5.236156082153320312e+01,4.980120182037353516e+00,5.833000000000000000e+03,0.000000000000000000e+00
3.888643200000000000e+07,8.215000152587890625e+01,5.236072921752929688e+01,4.845200061798095703e+00,3.660000000000000000e+03,0.000000000000000000e+00
3.888799200000000000e+07,1.843500061035156250e+02,5.238975143432617188e+01,4.880700111389160156e+00,2.237000000000000000e+03,0.000000000000000000e+00
3.889438400000000000e+07,1.619600067138671875e+02,5.235171890258789062e+01,4.904069900512695312e+00,2.311000000000000000e+03,0.000000000000000000e+00
3.890030400000000000e+07,3.449500122070312500e+02,5.235663986206054688e+01,4.896349906921386719e+00,1.697000000000000000e+03,0.000000000000000000e+00
3.890349200000000000e+07,1.746100006103515625e+02,5.235158920288085938e+01,4.854660034179687500e+00,3.597000000000000000e+03,0.000000000000000000e+00
3.893270400000000000e+07,1.794799957275390625e+02,5.236180114746093750e+01,4.850289821624755859e+00,3.294000000000000000e+03,0.000000000000000000e+00
3.896786400000000000e+07,1.308099975585937500e+02,5.234872055053710938e+01,4.915219783782958984e+00,2.892000000000000000e+03,0.000000000000000000e+00
3.897781200000000000e+07,1.600099945068359375e+02,5.241630935668945312e+01,4.894519805908203125e+00,4.939000000000000000e+03,0.000000000000000000e+00
3.897882800000000000e+07,1.502799987792968750e+02,5.235583877563476562e+01,4.820960044860839844e+00,5.393000000000000000e+03,0.000000000000000000e+00
3.902252800000000000e+07,1.989499969482421875e+02,5.237773132324218750e+01,4.882999897003173828e+00,1.090000000000000000e+03,0.000000000000000000e+00
3.902685200000000000e+07,2.631900024414062500e+02,5.236540985107421875e+01,4.876510143280029297e+00,1.501000000000000000e+03,0.000000000000000000e+00
3.902807600000000000e+07,1.249700012207031250e+02,5.235794067382812500e+01,4.907660007476806641e+00,1.745000000000000000e+03,0.000000000000000000e+00
3.904003200000000000e+07,2.476100006103515625e+02,5.237213897705078125e+01,4.875939846038818359e+00,1.355000000000000000e+03,0.000000000000000000e+00
3.904082400000000000e+07,9.383000183105468750e+01,5.237002944946289062e+01,4.877655029296875000e+00,1.256000000000000000e+03,0.000000000000000000e+00
3.907290400000000000e+07,7.727999877929687500e+01,5.234392166137695312e+01,4.792359828948974609e+00,7.689000000000000000e+03,0.000000000000000000e+00
3.907653200000000000e+07,9.772000122070312500e+01,5.235514068603515625e+01,4.925449848175048828e+00,2.738000000000000000e+03,0.000000000000000000e+00
3.907981600000000000e+07,8.215000152587890625e+01,5.236631011962890625e+01,4.874909877777099609e+00,1.555000000000000000e+03,0.000000000000000000e+00
3.908425600000000000e+07,2.962799987792968750e+02,5.242475891113281250e+01,4.886929988861083984e+00,5.909000000000000000e+03,0.000000000000000000e+00
3.908520000000000000e+07,6.755000305175781250e+01,5.240744018554687500e+01,4.896520137786865234e+00,3.952000000000000000e+03,0.000000000000000000e+00
3.908556400000000000e+07,8.895999908447265625e+01,5.238578033447265625e+01,4.901760101318359375e+00,1.594000000000000000e+03,0.000000000000000000e+00
3.908574800000000000e+07,5.197000122070312500e+01,5.238132095336914062e+01,4.806230068206787109e+00,6.176000000000000000e+03,0.000000000000000000e+00
3.909671600000000000e+07,1.522299957275390625e+02,5.236664962768554688e+01,4.874219894409179688e+00,1.583000000000000000e+03,0.000000000000000000e+00
3.914357600000000000e+07,1.794799957275390625e+02,5.236156845092773438e+01,4.859570026397705078e+00,2.721000000000000000e+03,0.000000000000000000e+00
3.914379200000000000e+07,1.405500030517578125e+02,5.235602188110351562e+01,4.909589767456054688e+00,1.995000000000000000e+03,0.000000000000000000e+00
3.916710800000000000e+07,1.989499969482421875e+02,5.236045837402343750e+01,4.915170192718505859e+00,1.825000000000000000e+03,0.000000000000000000e+00
3.916855600000000000e+07,1.288699951171875000e+02,5.236262130737304688e+01,4.858270168304443359e+00,2.755000000000000000e+03,0.000000000000000000e+00
3.917359600000000000e+07,1.648800048828125000e+02,5.235758972167968750e+01,4.932089805603027344e+00,2.927000000000000000e+03,0.000000000000000000e+00
3.919425600000000000e+07,4.422799987792968750e+02,5.237496948242187500e+01,4.872940063476562500e+00,1.596000000000000000e+03,0.000000000000000000e+00
3.921528800000000000e+07,1.541699981689453125e+02,5.235675048828125000e+01,4.900020122528076172e+00,1.707000000000000000e+03,0.000000000000000000e+00
3.922518800000000000e+07,1.132900009155273438e+02,5.237035751342773438e+01,4.877598762512207031e+00,1.254000000000000000e+03,0.000000000000000000e+00
3.926740000000000000e+07,2.145200042724609375e+02,5.233163070678710938e+01,4.887919902801513672e+00,4.510000000000000000e+03,0.000000000000000000e+00
3.926814000000000000e+07,7.727999877929687500e+01,5.237110137939453125e+01,4.835490226745605469e+00,4.102000000000000000e+03,0.000000000000000000e+00
3.926814400000000000e+07,7.727999877929687500e+01,5.237113189697265625e+01,4.835750102996826172e+00,4.084000000000000000e+03,0.000000000000000000e+00
3.926946400000000000e+07,1.989499969482421875e+02,5.236780929565429688e+01,4.881720066070556641e+00,1.065000000000000000e+03,0.000000000000000000e+00
3.927516800000000000e+07,2.476100006103515625e+02,5.238277816772460938e+01,4.851280212402343750e+00,3.261000000000000000e+03,0.000000000000000000e+00
3.932839600000000000e+07,9.187999725341796875e+01,5.235594940185546875e+01,4.908299922943115234e+00,1.963000000000000000e+03,0.000000000000000000e+00
3.933379200000000000e+07,3.936099853515625000e+02,5.235707092285156250e+01,4.925630092620849609e+00,2.606000000000000000e+03,0.000000000000000000e+00
3.934961600000000000e+07,1.308099975585937500e+02,5.236196136474609375e+01,4.855340003967285156e+00,2.967000000000000000e+03,0.000000000000000000e+00
3.936128800000000000e+07,2.300899963378906250e+02,5.235979080200195312e+01,4.889480113983154297e+00,1.415000000000000000e+03,0.000000000000000000e+00
3.938184400000000000e+07,2.962799987792968750e+02,5.237799835205078125e+01,4.850299835205078125e+00,3.169000000000000000e+03,0.000000000000000000e+00
3.940130400000000000e+07,9.675000000000000000e+01,5.238940811157226562e+01,4.878940105438232422e+00,2.262000000000000000e+03,0.000000000000000000e+00
3.943113600000000000e+07,1.926609985351562500e+03,5.238264083862304688e+01,4.885719776153564453e+00,1.380000000000000000e+03,0.000000000000000000e+00
3.947221600000000000e+07,1.502799987792968750e+02,5.240711975097656250e+01,4.898910045623779297e+00,3.922000000000000000e+03,0.000000000000000000e+00
3.949618400000000000e+07,7.342800292968750000e+02,5.236811065673828125e+01,4.849909782409667969e+00,3.151000000000000000e+03,0.000000000000000000e+00
3.949742800000000000e+07,2.476100006103515625e+02,5.237068176269531250e+01,4.878980159759521484e+00,1.157000000000000000e+03,0.000000000000000000e+00
3.951619200000000000e+07,1.785099945068359375e+02,5.236489105224609375e+01,4.929379940032958984e+00,2.403000000000000000e+03,0.000000000000000000e+00
3.952104400000000000e+07,6.462999725341796875e+01,5.240483093261718750e+01,4.941180229187011719e+00,4.780000000000000000e+03,0.000000000000000000e+00
3.952400000000000000e+07,2.962799987792968750e+02,5.237651824951171875e+01,4.894805908203125000e+00,5.190000000000000000e+02,0.000000000000000000e+00
3.952928000000000000e+07,3.906900024414062500e+02,5.237154006958007812e+01,4.886539936065673828e+00,6.370000000000000000e+02,0.000000000000000000e+00
3.952947200000000000e+07,4.500700073242187500e+02,5.237274169921875000e+01,4.887159824371337891e+00,6.010000000000000000e+02,0.000000000000000000e+00
3.954373200000000000e+07,6.072999954223632812e+01,5.232595062255859375e+01,4.944960117340087891e+00,6.100000000000000000e+03,0.000000000000000000e+00
3.960738400000000000e+07,1.697500000000000000e+02,5.237136077880859375e+01,4.882050037384033203e+00,9.420000000000000000e+02,0.000000000000000000e+00
3.960794000000000000e+07,2.476100006103515625e+02,5.235387039184570312e+01,4.907080173492431641e+00,2.144000000000000000e+03,0.000000000000000000e+00
3.961521600000000000e+07,1.648800048828125000e+02,5.236997985839843750e+01,4.849130153656005859e+00,3.182000000000000000e+03,0.000000000000000000e+00
3.961981200000000000e+07,1.716900024414062500e+02,5.238264846801757812e+01,4.828720092773437500e+00,4.714000000000000000e+03,0.000000000000000000e+00
3.963068400000000000e+07,1.132900009155273438e+02,5.241567993164062500e+01,4.891920089721679688e+00,4.876000000000000000e+03,0.000000000000000000e+00
3.963195200000000000e+07,1.055100021362304688e+02,5.238462829589843750e+01,4.831749916076660156e+00,4.579000000000000000e+03,0.000000000000000000e+00
3.964232000000000000e+07,5.879000091552734375e+01,5.237189102172851562e+01,4.835669994354248047e+00,4.089000000000000000e+03,0.000000000000000000e+00
3.964531600000000000e+07,1.940800018310546875e+02,5.233333969116210938e+01,4.858620166778564453e+00,4.979000000000000000e+03,0.000000000000000000e+00
3.964605600000000000e+07,3.303500061035156250e+02,5.236138916015625000e+01,4.933919906616210938e+00,2.834000000000000000e+03,0.000000000000000000e+00
3.966448000000000000e+07,1.016100006103515625e+02,5.234416961669921875e+01,4.859220027923583984e+00,3.964000000000000000e+03,0.000000000000000000e+00
3.966662000000000000e+07,1.327599945068359375e+02,5.237300109863281250e+01,4.874149799346923828e+00,1.482000000000000000e+03,0.000000000000000000e+00
3.966955600000000000e+07,1.979700012207031250e+02,5.235943984985351562e+01,4.824820041656494141e+00,5.021000000000000000e+03,0.000000000000000000e+00
3.968405600000000000e+07,1.493099975585937500e+02,5.235927963256835938e+01,4.894720077514648438e+00,1.405000000000000000e+03,0.000000000000000000e+00
3.970883200000000000e+07,1.269199981689453125e+02,5.236045074462890625e+01,4.862559795379638672e+00,2.597000000000000000e+03,0.000000000000000000e+00
3.971096400000000000e+07,6.072999954223632812e+01,5.236510086059570312e+01,4.840179920196533203e+00,3.858000000000000000e+03,0.000000000000000000e+00
3.971198800000000000e+07,2.213300018310546875e+02,5.236022186279296875e+01,4.925799846649169922e+00,2.410000000000000000e+03,0.000000000000000000e+00
3.972524000000000000e+07,5.639500122070312500e+02,5.240108108520507812e+01,4.893290042877197266e+00,3.250000000000000000e+03,0.000000000000000000e+00
3.973792800000000000e+07,1.707200012207031250e+02,5.236063003540039062e+01,4.927989959716796875e+00,2.513000000000000000e+03,0.000000000000000000e+00
3.974802400000000000e+07,1.502799987792968750e+02,5.236315155029296875e+01,4.911149978637695312e+00,1.421000000000000000e+03,0.000000000000000000e+00
3.975290400000000000e+07,1.016100006103515625e+02,5.238407897949218750e+01,4.880440235137939453e+00,1.713000000000000000e+03,0.000000000000000000e+00
3.979518400000000000e+07,1.327599945068359375e+02,5.237152862548828125e+01,4.870309829711914062e+00,1.738000000000000000e+03,0.000000000000000000e+00
3.979858000000000000e+07,3.449500122070312500e+02,5.236624908447265625e+01,4.880249977111816406e+00,1.234000000000000000e+03,0.000000000000000000e+00
3.980932800000000000e+07,1.016100006103515625e+02,5.236759948730468750e+01,4.929049968719482422e+00,2.301000000000000000e+03,0.000000000000000000e+00
3.982661600000000000e+07,9.576999664306640625e+01,5.239587020874023438e+01,4.943349838256835938e+00,4.180000000000000000e+03,0.000000000000000000e+00
3.983025600000000000e+07,1.940800018310546875e+02,5.238058853149414062e+01,4.871709823608398438e+00,1.905000000000000000e+03,0.000000000000000000e+00
3.983081600000000000e+07,1.648800048828125000e+02,5.236513900756835938e+01,4.856460094451904297e+00,2.781000000000000000e+03,0.000000000000000000e+00
3.983318000000000000e+07,1.570899963378906250e+02,5.235297012329101562e+01,4.889160156250000000e+00,2.154000000000000000e+03,0.000000000000000000e+00
3.983416000000000000e+07,2.378800048828125000e+02,5.237224960327148438e+01,4.858580112457275391e+00,2.534000000000000000e+03,0.000000000000000000e+00
3.983724400000000000e+07,8.604000091552734375e+01,5.237665176391601562e+01,4.851650238037109375e+00,3.050000000000000000e+03,0.000000000000000000e+00
3.983783600000000000e+07,2.086799926757812500e+02,5.234841918945312500e+01,4.896709918975830078e+00,2.611000000000000000e+03,0.000000000000000000e+00
3.985591600000000000e+07,7.241000366210937500e+01,5.234518814086914062e+01,4.948259830474853516e+00,4.633000000000000000e+03,0.000000000000000000e+00
3.988594000000000000e+07,2.563699951171875000e+02,5.236293029785156250e+01,4.856659889221191406e+00,2.845000000000000000e+03,0.000000000000000000e+00
3.989119200000000000e+07,1.405500030517578125e+02,5.238090133666992188e+01,4.870079994201660156e+00,2.018000000000000000e+03,0.000000000000000000e+00
3.989632800000000000e+07,2.612399902343750000e+02,5.237322998046875000e+01,4.900760173797607422e+00,3.620000000000000000e+02,0.000000000000000000e+00
3.989648000000000000e+07,1.502799987792968750e+02,5.235971832275390625e+01,4.913109779357910156e+00,1.789000000000000000e+03,0.000000000000000000e+00
3.991498800000000000e+07,3.157500000000000000e+02,5.237171936035156250e+01,4.875080108642578125e+00,1.414000000000000000e+03,0.000000000000000000e+00
3.991832800000000000e+07,8.116999816894531250e+01,5.235763931274414062e+01,4.889190196990966797e+00,1.650000000000000000e+03,0.000000000000000000e+00
3.993305200000000000e+07,2.184100036621093750e+02,5.235226821899414062e+01,4.913370132446289062e+00,2.484000000000000000e+03,0.000000000000000000e+00
3.993499600000000000e+07,1.892100067138671875e+02,5.237125015258789062e+01,4.894740104675292969e+00,1.070000000000000000e+02,0.000000000000000000e+00
3.995713600000000000e+07,1.531999969482421875e+02,5.236671066284179688e+01,4.898839950561523438e+00,6.100000000000000000e+02,0.000000000000000000e+00
3.996919200000000000e+07,1.210800018310546875e+02,5.238137817382812500e+01,4.871099948883056641e+00,1.986000000000000000e+03,0.000000000000000000e+00
3.998365200000000000e+07,1.590399932861328125e+02,5.236391830444335938e+01,4.867489814758300781e+00,2.123000000000000000e+03,0.000000000000000000e+00
3.999831200000000000e+07,1.697500000000000000e+02,5.236030960083007812e+01,4.860310077667236328e+00,2.739000000000000000e+03,0.000000000000000000e+00
4.000261600000000000e+07,1.405500030517578125e+02,5.237321853637695312e+01,4.852900028228759766e+00,2.923000000000000000e+03,0.000000000000000000e+00
4.004486400000000000e+07,3.303500061035156250e+02,5.237620162963867188e+01,4.884349822998046875e+00,9.190000000000000000e+02,0.000000000000000000e+00
4.005972800000000000e+07,1.210800018310546875e+02,5.236172866821289062e+01,4.854030132293701172e+00,3.059000000000000000e+03,0.000000000000000000e+00
4.010011200000000000e+07,1.804499969482421875e+02,5.236977005004882812e+01,4.910600185394287109e+00,1.026000000000000000e+03,0.000000000000000000e+00
4.010324400000000000e+07,1.308099975585937500e+02,5.237612915039062500e+01,4.882730007171630859e+00,1.010000000000000000e+03,0.000000000000000000e+00
4.010434400000000000e+07,2.184100036621093750e+02,5.238103103637695312e+01,4.886600017547607422e+00,1.196000000000000000e+03,0.000000000000000000e+00
4.011076000000000000e+07,3.936099853515625000e+02,5.234085845947265625e+01,4.895780086517333984e+00,3.452000000000000000e+03,0.000000000000000000e+00
4.013985600000000000e+07,3.060100097656250000e+02,5.237532043457031250e+01,4.873410224914550781e+00,1.573000000000000000e+03,0.000000000000000000e+00
4.014646400000000000e+07,3.352099914550781250e+02,5.237012863159179688e+01,4.848149776458740234e+00,3.248000000000000000e+03,0.000000000000000000e+00
4.015032000000000000e+07,1.016100006103515625e+02,5.238116836547851562e+01,4.880519866943359375e+00,1.467000000000000000e+03,0.000000000000000000e+00
4.017134000000000000e+07,1.132900009155273438e+02,5.238000869750976562e+01,4.873219966888427734e+00,1.784000000000000000e+03,0.000000000000000000e+00
4.017319200000000000e+07,1.016100006103515625e+02,5.237929916381835938e+01,4.855690002441406250e+00,2.851000000000000000e+03,0.000000000000000000e+00
4.019125600000000000e+07,1.551499938964843750e+02,5.235577011108398438e+01,4.904580116271972656e+00,1.888000000000000000e+03,0.000000000000000000e+00
4.019656800000000000e+07,2.232799987792968750e+02,5.237419891357421875e+01,4.879300117492675781e+00,1.156000000000000000e+03,0.000000000000000000e+00
4.022270800000000000e+07,1.259499969482421875e+02,5.234292984008789062e+01,4.822060108184814453e+00,5.960000000000000000e+03,0.000000000000000000e+00
4.022517600000000000e+07,1.074499969482421875e+02,5.237102890014648438e+01,4.879529953002929688e+00,1.116000000000000000e+03,0.000000000000000000e+00
4.023186800000000000e+07,1.814299926757812500e+02,5.236600112915039062e+01,4.875559806823730469e+00,1.529000000000000000e+03,0.000000000000000000e+00
4.024548800000000000e+07,1.639100036621093750e+02,5.238164901733398438e+01,4.887929916381835938e+00,1.212000000000000000e+03,0.000000000000000000e+00
4.024704000000000000e+07,8.215000152587890625e+01,5.236272811889648438e+01,4.843500137329101562e+00,3.701000000000000000e+03,0.000000000000000000e+00
4.024875600000000000e+07,3.352099914550781250e+02,5.235210037231445312e+01,4.911650180816650391e+00,2.448000000000000000e+03,0.000000000000000000e+00
4.024972000000000000e+07,3.546799926757812500e+02,5.237044906616210938e+01,4.876999855041503906e+00,1.293000000000000000e+03,0.000000000000000000e+00
4.025338000000000000e+07,1.210800018310546875e+02,5.238492965698242188e+01,4.914430141448974609e+00,1.919000000000000000e+03,0.000000000000000000e+00
4.027301200000000000e+07,1.882400054931640625e+02,5.237461853027343750e+01,4.935229778289794922e+00,2.687000000000000000e+03,0.000000000000000000e+00
4.029603200000000000e+07,1.502799987792968750e+02,5.236415100097656250e+01,4.887189865112304688e+00,1.045000000000000000e+03,0.000000000000000000e+00
4.030410000000000000e+07,5.882800292968750000e+02,5.238912963867187500e+01,4.881720066070556641e+00,2.144000000000000000e+03,0.000000000000000000e+00
4.031726800000000000e+07,1.356799926757812500e+02,5.235496902465820312e+01,4.928110122680664062e+00,2.886000000000000000e+03,0.000000000000000000e+00
4.033524800000000000e+07,3.595499877929687500e+02,5.236310958862304688e+01,4.933440208435058594e+00,2.730000000000000000e+03,0.000000000000000000e+00
4.033548000000000000e+07,2.777900085449218750e+02,5.236983108520507812e+01,4.882349967956542969e+00,9.480000000000000000e+02,0.000000000000000000e+00
4.034412800000000000e+07,1.035599975585937500e+02,5.236252975463867188e+01,4.933619976043701172e+00,2.765000000000000000e+03,0.000000000000000000e+00
4.036281200000000000e+07,3.391099853515625000e+02,5.237321090698242188e+01,4.904980182647705078e+00,6.330000000000000000e+02,0.000000000000000000e+00
4.036398400000000000e+07,1.259499969482421875e+02,5.235710144042968750e+01,4.891359806060791016e+00,1.674000000000000000e+03,0.000000000000000000e+00
4.036721200000000000e+07,3.936099853515625000e+02,5.237596893310546875e+01,4.896319866180419922e+00,4.530000000000000000e+02,0.000000000000000000e+00
4.036851200000000000e+07,5.736799926757812500e+02,5.237553024291992188e+01,4.895279884338378906e+00,4.060000000000000000e+02,0.000000000000000000e+00
4.037072800000000000e+07,1.356799926757812500e+02,5.236381149291992188e+01,4.933609962463378906e+00,2.714000000000000000e+03,0.000000000000000000e+00
4.037267200000000000e+07,9.187999725341796875e+01,5.237366104125976562e+01,4.856319904327392578e+00,2.694000000000000000e+03,0.000000000000000000e+00
4.038150000000000000e+07,1.220500030517578125e+02,5.236074829101562500e+01,4.892809867858886719e+00,1.257000000000000000e+03,0.000000000000000000e+00
4.039556000000000000e+07,3.186700134277343750e+02,5.237026977539062500e+01,4.874969959259033203e+00,1.432000000000000000e+03,0.000000000000000000e+00
4.041725600000000000e+07,1.113499984741210938e+02,5.234878921508789062e+01,4.848010063171386719e+00,4.145000000000000000e+03,0.000000000000000000e+00
4.042411200000000000e+07,1.103700027465820312e+02,5.236405944824218750e+01,4.985072135925292969e+00,6.117000000000000000e+03,0.000000000000000000e+00
4.042772000000000000e+07,2.427500000000000000e+02,5.237894058227539062e+01,4.892980098724365234e+00,8.080000000000000000e+02,0.000000000000000000e+00
4.042817600000000000e+07,2.047899932861328125e+02,5.237997055053710938e+01,4.893169879913330078e+00,9.160000000000000000e+02,0.000000000000000000e+00
4.043805200000000000e+07,1.561609985351562500e+03,5.237437820434570312e+01,4.900109767913818359e+00,3.970000000000000000e+02,0.000000000000000000e+00
4.048483200000000000e+07,1.278899993896484375e+02,5.237218093872070312e+01,4.903860092163085938e+00,5.410000000000000000e+02,0.000000000000000000e+00
4.048642400000000000e+07,3.108800048828125000e+02,5.237723922729492188e+01,4.879389762878417969e+00,1.268000000000000000e+03,0.000000000000000000e+00
4.049867600000000000e+07,1.600099945068359375e+02,5.234233093261718750e+01,4.908909797668457031e+00,3.404000000000000000e+03,0.000000000000000000e+00
4.050273600000000000e+07,9.187999725341796875e+01,5.241151046752929688e+01,4.921800136566162109e+00,4.742000000000000000e+03,0.000000000000000000e+00
4.050399600000000000e+07,1.989499969482421875e+02,5.235681152343750000e+01,4.900330066680908203e+00,1.704000000000000000e+03,0.000000000000000000e+00
4.050879200000000000e+07,7.630999755859375000e+01,5.234294128417968750e+01,4.926630020141601562e+00,3.837000000000000000e+03,0.000000000000000000e+00
4.052437600000000000e+07,1.113499984741210938e+02,5.239516830444335938e+01,4.939730167388916016e+00,3.943000000000000000e+03,0.000000000000000000e+00
4.052578400000000000e+07,2.476100006103515625e+02,5.237310409545898438e+01,4.885465145111083984e+00,7.210000000000000000e+02,0.000000000000000000e+00
4.054304400000000000e+07,1.094000015258789062e+02,5.238367080688476562e+01,4.912777900695800781e+00,1.740000000000000000e+03,0.000000000000000000e+00
4.054703200000000000e+07,1.113499984741210938e+02,5.236301040649414062e+01,4.866059780120849609e+00,2.254000000000000000e+03,0.000000000000000000e+00
4.055256000000000000e+07,2.369100036621093750e+02,5.236013031005859375e+01,4.988920211791992188e+00,6.450000000000000000e+03,0.000000000000000000e+00
4.055342400000000000e+07,1.502799987792968750e+02,5.238140106201171875e+01,4.855569839477539062e+00,2.934000000000000000e+03,0.000000000000000000e+00
4.055971200000000000e+07,4.452000122070312500e+02,5.235549926757812500e+01,4.901599884033203125e+00,1.864000000000000000e+03,0.000000000000000000e+00
4.056392800000000000e+07,4.909500122070312500e+02,5.236373138427734375e+01,4.884399890899658203e+00,1.198000000000000000e+03,0.000000000000000000e+00
4.057211200000000000e+07,1.210800018310546875e+02,5.236701965332031250e+01,4.854800224304199219e+00,2.843000000000000000e+03,0.000000000000000000e+00
4.057353200000000000e+07,3.449500122070312500e+02,5.235250091552734375e+01,4.897850036621093750e+00,2.161000000000000000e+03,0.000000000000000000e+00
4.059176800000000000e+07,1.853200073242187500e+02,5.235245895385742188e+01,4.886290073394775391e+00,2.258000000000000000e+03,0.000000000000000000e+00
4.061132400000000000e+07,1.162099990844726562e+02,5.237568283081054688e+01,4.860003948211669922e+00,2.473000000000000000e+03,0.000000000000000000e+00
4.061474400000000000e+07,1.794799957275390625e+02,5.235297012329101562e+01,4.918580055236816406e+00,2.608000000000000000e+03,0.000000000000000000e+00
4.062632400000000000e+07,4.714800109863281250e+02,5.237649917602539062e+01,4.897150039672851562e+00,5.190000000000000000e+02,0.000000000000000000e+00
4.063571200000000000e+07,2.865499877929687500e+02,5.235168075561523438e+01,4.887639999389648438e+00,2.317000000000000000e+03,0.000000000000000000e+00
4.064605600000000000e+07,2.855700073242187500e+02,5.237297058105468750e+01,4.858300209045410156e+00,2.555000000000000000e+03,0.000000000000000000e+00
4.064607200000000000e+07,1.016100006103515625e+02,5.238125991821289062e+01,4.880539894104003906e+00,1.473000000000000000e+03,0.000000000000000000e+00
4.065198400000000000e+07,1.016100006103515625e+02,5.235411834716796875e+01,4.812849998474121094e+00,5.976000000000000000e+03,0.000000000000000000e+00
4.066472800000000000e+07,3.926400146484375000e+02,5.232395172119140625e+01,4.977799892425537109e+00,7.705000000000000000e+03,0.000000000000000000e+00
4.066830800000000000e+07,6.268000030517578125e+01,5.236222839355468750e+01,4.866149902343750000e+00,2.288000000000000000e+03,0.000000000000000000e+00
4.067186000000000000e+07,1.892100067138671875e+02,5.238106918334960938e+01,4.885240077972412109e+00,1.250000000000000000e+03,0.000000000000000000e+00
4.067408800000000000e+07,9.187999725341796875e+01,5.235995101928710938e+01,4.858389854431152344e+00,2.873000000000000000e+03,0.000000000000000000e+00
4.068581600000000000e+07,1.045299987792968750e+02,5.238367080688476562e+01,4.912777900695800781e+00,1.740000000000000000e+03,0.000000000000000000e+00
4.070123600000000000e+07,1.259499969482421875e+02,5.237247085571289062e+01,4.852779865264892578e+00,2.928000000000000000e+03,0.000000000000000000e+00
4.071211600000000000e+07,1.794799957275390625e+02,5.236241149902343750e+01,4.898499965667724609e+00,1.070000000000000000e+03,0.000000000000000000e+00
4.071799200000000000e+07,1.074499969482421875e+02,5.236326980590820312e+01,4.867909908294677734e+00,2.129000000000000000e+03,0.000000000000000000e+00
4.072640800000000000e+07,2.154900054931640625e+02,5.234730148315429688e+01,4.911359786987304688e+00,2.930000000000000000e+03,0.000000000000000000e+00
4.072660800000000000e+07,9.772000122070312500e+01,5.235240173339843750e+01,4.897220134735107422e+00,2.170000000000000000e+03,0.000000000000000000e+00
4.072865600000000000e+07,6.268000030517578125e+01,5.234143066406250000e+01,4.947289943695068359e+00,4.864000000000000000e+03,0.000000000000000000e+00
4.074582000000000000e+07,1.502799987792968750e+02,5.235099029541015625e+01,4.893149852752685547e+00,2.332000000000000000e+03,0.000000000000000000e+00
4.075698800000000000e+07,1.405500030517578125e+02,5.235564041137695312e+01,4.929430007934570312e+00,2.907000000000000000e+03,0.000000000000000000e+00
4.079216800000000000e+07,1.493099975585937500e+02,5.238077926635742188e+01,4.893549919128417969e+00,1.000000000000000000e+03,0.000000000000000000e+00
4.079893600000000000e+07,1.989499969482421875e+02,5.238399124145507812e+01,4.857940196990966797e+00,2.906000000000000000e+03,0.000000000000000000e+00
4.081511200000000000e+07,1.308099975585937500e+02,5.238710021972656250e+01,4.891029834747314453e+00,1.722000000000000000e+03,0.000000000000000000e+00
4.081599200000000000e+07,1.016100006103515625e+02,5.236663055419921875e+01,4.875279903411865234e+00,1.518000000000000000e+03,0.000000000000000000e+00
4.082213600000000000e+07,1.366499938964843750e+02,5.236914062500000000e+01,4.923950195312500000e+00,1.929000000000000000e+03,0.000000000000000000e+00
4.082965200000000000e+07,1.016100006103515625e+02,5.234265899658203125e+01,4.803810119628906250e+00,7.049000000000000000e+03,0.000000000000000000e+00
4.083263200000000000e+07,1.016100006103515625e+02,5.236225891113281250e+01,4.854080200195312500e+00,3.035000000000000000e+03,0.000000000000000000e+00
4.083287600000000000e+07,1.989499969482421875e+02,5.235900878906250000e+01,4.992109775543212891e+00,6.688000000000000000e+03,0.000000000000000000e+00
4.083331200000000000e+07,1.162099990844726562e+02,5.236214065551757812e+01,4.992839813232421875e+00,6.671000000000000000e+03,0.000000000000000000e+00
4.084910800000000000e+07,1.648800048828125000e+02,5.236502075195312500e+01,4.867139816284179688e+00,2.097000000000000000e+03,0.000000000000000000e+00
4.086207200000000000e+07,1.794799957275390625e+02,5.237968063354492188e+01,4.870979785919189453e+00,1.900000000000000000e+03,0.000000000000000000e+00
4.089427200000000000e+07,2.962799987792968750e+02,5.236611938476562500e+01,4.878610134124755859e+00,1.338000000000000000e+03,0.000000000000000000e+00
4.091115200000000000e+07,8.701000213623046875e+01,5.241260910034179688e+01,4.901370048522949219e+00,4.542000000000000000e+03,0.000000000000000000e+00
4.091551600000000000e+07,1.259499969482421875e+02,5.237488937377929688e+01,4.880980014801025391e+00,1.066000000000000000e+03,0.000000000000000000e+00
4.093596000000000000e+07,2.232799987792968750e+02,5.236798095703125000e+01,4.852340221405029297e+00,2.989000000000000000e+03,0.000000000000000000e+00
4.096006800000000000e+07,1.678000030517578125e+02,5.236727905273437500e+01,4.851319789886474609e+00,3.070000000000000000e+03,0.000000000000000000e+00
4.098573600000000000e+07,2.953099975585937500e+02,5.237128829956054688e+01,4.850100040435791016e+00,3.110000000000000000e+03,0.000000000000000000e+00
4.099552000000000000e+07,1.356799926757812500e+02,5.235253906250000000e+01,4.900469779968261719e+00,2.175000000000000000e+03,0.000000000000000000e+00
4.100314000000000000e+07,8.019999694824218750e+01,5.236782073974609375e+01,4.923890113830566406e+00,1.954000000000000000e+03,0.000000000000000000e+00
4.102915600000000000e+07,1.541699981689453125e+02,5.236199188232421875e+01,4.927199840545654297e+00,2.394000000000000000e+03,0.000000000000000000e+00
4.104196000000000000e+07,1.016100006103515625e+02,5.237240982055664062e+01,4.821990013122558594e+00,5.018000000000000000e+03,0.000000000000000000e+00
4.107401600000000000e+07,1.648800048828125000e+02,5.237356185913085938e+01,4.903789997100830078e+00,5.670000000000000000e+02,0.000000000000000000e+00
4.109951200000000000e+07,6.268000030517578125e+01,5.235705184936523438e+01,4.890230178833007812e+00,1.695000000000000000e+03,0.000000000000000000e+00
4.113949200000000000e+07,1.716900024414062500e+02,5.237181091308593750e+01,4.902259826660156250e+00,4.320000000000000000e+02,0.000000000000000000e+00
4.114139200000000000e+07,2.154900054931640625e+02,5.237845993041992188e+01,4.860990047454833984e+00,2.480000000000000000e+03,0.000000000000000000e+00
4.115060000000000000e+07,1.502799987792968750e+02,5.236537170410156250e+01,4.926479816436767578e+00,2.199000000000000000e+03,0.000000000000000000e+00
4.115120800000000000e+07,1.979700012207031250e+02,5.235573959350585938e+01,4.884669780731201172e+00,1.952000000000000000e+03,0.000000000000000000e+00
4.117466800000000000e+07,1.035599975585937500e+02,5.238499832153320312e+01,4.850140094757080078e+00,3.431000000000000000e+03,0.000000000000000000e+00
4.117715200000000000e+07,2.631900024414062500e+02,5.237300872802734375e+01,4.895559787750244141e+00,1.260000000000000000e+02,0.000000000000000000e+00
4.117865600000000000e+07,2.534499969482421875e+02,5.237295913696289062e+01,4.895380020141601562e+00,1.230000000000000000e+02,0.000000000000000000e+00
4.118615600000000000e+07,1.989499969482421875e+02,5.235686111450195312e+01,4.988299846649169922e+00,6.493000000000000000e+03,0.000000000000000000e+00
4.118630800000000000e+07,5.781000137329101562e+01,5.239677810668945312e+01,4.906479835510253906e+00,2.858000000000000000e+03,0.000000000000000000e+00
4.120450400000000000e+07,2.476100006103515625e+02,5.238243103027343750e+01,4.834159851074218750e+00,4.351000000000000000e+03,0.000000000000000000e+00
4.123666800000000000e+07,2.476100006103515625e+02,5.236370849609375000e+01,4.907450199127197266e+00,1.202000000000000000e+03,0.000000000000000000e+00
4.125466000000000000e+07,2.719500122070312500e+02,5.234473037719726562e+01,4.887780189514160156e+00,3.071000000000000000e+03,0.000000000000000000e+00
4.125836800000000000e+07,1.561199951171875000e+02,5.230556106567382812e+01,4.953169822692871094e+00,8.340000000000000000e+03,0.000000000000000000e+00
4.126091600000000000e+07,6.755000305175781250e+01,5.235289001464843750e+01,4.832970142364501953e+00,4.767000000000000000e+03,0.000000000000000000e+00
4.128333600000000000e+07,4.909500122070312500e+02,5.235541915893554688e+01,5.002759933471679688e+00,7.484000000000000000e+03,0.000000000000000000e+00
4.128492000000000000e+07,1.697500000000000000e+02,5.237297058105468750e+01,4.871789932250976562e+00,1.641000000000000000e+03,0.000000000000000000e+00
4.129026800000000000e+07,1.113499984741210938e+02,5.237613677978515625e+01,4.861830711364746094e+00,2.360000000000000000e+03,0.000000000000000000e+00
4.131914000000000000e+07,1.201100006103515625e+02,5.235076904296875000e+01,4.911449909210205078e+00,2.576000000000000000e+03,0.000000000000000000e+00
4.132938400000000000e+07,2.330099945068359375e+02,5.235314178466796875e+01,4.942920207977294922e+00,3.814000000000000000e+03,0.000000000000000000e+00
4.133368400000000000e+07,1.386000061035156250e+02,5.236439895629882812e+01,4.933829784393310547e+00,2.707000000000000000e+03,0.000000000000000000e+00
4.133430000000000000e+07,3.449500122070312500e+02,5.236695098876953125e+01,4.878159999847412109e+00,1.324000000000000000e+03,0.000000000000000000e+00
4.133656800000000000e+07,2.553999938964843750e+02,5.237392044067382812e+01,4.896349906921386719e+00,2.270000000000000000e+02,0.000000000000000000e+00
4.133952000000000000e+07,8.215000152587890625e+01,5.237392044067382812e+01,4.896349906921386719e+00,2.270000000000000000e+02,0.000000000000000000e+00
4.136344400000000000e+07,4.267099914550781250e+02,5.236434936523437500e+01,4.880949974060058594e+00,1.317000000000000000e+03,0.000000000000000000e+00
4.136534800000000000e+07,9.187999725341796875e+01,5.238193130493164062e+01,4.849009990692138672e+00,3.373000000000000000e+03,0.000000000000000000e+00
4.138944400000000000e+07,1.892100067138671875e+02,5.235194015502929688e+01,4.921740055084228516e+00,2.829000000000000000e+03,0.000000000000000000e+00
4.138961600000000000e+07,2.028399963378906250e+02,5.237131118774414062e+01,4.857920169830322266e+00,2.579000000000000000e+03,0.000000000000000000e+00
4.139423200000000000e+07,1.016100006103515625e+02,5.229793930053710938e+01,4.975299835205078125e+00,9.835000000000000000e+03,0.000000000000000000e+00
4.140103600000000000e+07,2.232799987792968750e+02,5.236072921752929688e+01,4.857850074768066406e+00,2.866000000000000000e+03,0.000000000000000000e+00
4.144887600000000000e+07,1.191299972534179688e+02,5.237668991088867188e+01,4.940289974212646484e+00,3.060000000000000000e+03,0.000000000000000000e+00
4.146683200000000000e+07,1.746100006103515625e+02,5.235998153686523438e+01,4.978730201721191406e+00,5.778000000000000000e+03,0.000000000000000000e+00
4.146860800000000000e+07,3.449500122070312500e+02,5.234049987792968750e+01,4.848370075225830078e+00,4.755000000000000000e+03,0.000000000000000000e+00
4.148996800000000000e+07,1.113499984741210938e+02,5.236523056030273438e+01,4.881969928741455078e+00,1.202000000000000000e+03,0.000000000000000000e+00
4.151332800000000000e+07,1.794799957275390625e+02,5.236697006225585938e+01,4.860569953918457031e+00,2.460000000000000000e+03,0.000000000000000000e+00
4.151480800000000000e+07,1.337299957275390625e+02,5.237527084350585938e+01,4.894149780273437500e+00,3.930000000000000000e+02,0.000000000000000000e+00
4.151513200000000000e+07,1.191299972534179688e+02,5.237863159179687500e+01,4.939290046691894531e+00,3.039000000000000000e+03,0.000000000000000000e+00
4.152265200000000000e+07,2.135500030517578125e+02,5.237419891357421875e+01,4.879300117492675781e+00,1.156000000000000000e+03,0.000000000000000000e+00
4.152946400000000000e+07,3.449500122070312500e+02,5.234819030761718750e+01,4.869440078735351562e+00,3.190000000000000000e+03,0.000000000000000000e+00
4.154242400000000000e+07,1.502799987792968750e+02,5.235744857788085938e+01,4.924429893493652344e+00,2.517000000000000000e+03,0.000000000000000000e+00
4.154822400000000000e+07,3.235299987792968750e+02,5.237866973876953125e+01,4.886940002441406250e+00,9.680000000000000000e+02,0.000000000000000000e+00
4.155157200000000000e+07,1.502799987792968750e+02,5.237036895751953125e+01,4.905950069427490234e+00,7.030000000000000000e+02,0.000000000000000000e+00
4.160356400000000000e+07,2.223099975585937500e+02,5.238512039184570312e+01,4.882009983062744141e+00,1.747000000000000000e+03,0.000000000000000000e+00
4.161982000000000000e+07,2.291199951171875000e+02,5.235027694702148438e+01,4.886881351470947266e+00,2.481000000000000000e+03,0.000000000000000000e+00
4.162970400000000000e+07,5.295000076293945312e+01,5.229944992065429688e+01,4.997950077056884766e+00,1.062900000000000000e+04,0.000000000000000000e+00
4.166098400000000000e+07,2.953099975585937500e+02,5.234910964965820312e+01,4.914609909057617188e+00,2.835000000000000000e+03,0.000000000000000000e+00
4.168083600000000000e+07,3.994500122070312500e+02,5.237459945678710938e+01,4.878260135650634766e+00,1.235000000000000000e+03,0.000000000000000000e+00
4.168129200000000000e+07,2.865499877929687500e+02,5.237665939331054688e+01,4.892270088195800781e+00,5.840000000000000000e+02,0.000000000000000000e+00
4.170908800000000000e+07,7.923000335693359375e+01,5.237392044067382812e+01,4.896349906921386719e+00,2.270000000000000000e+02,0.000000000000000000e+00
4.171022400000000000e+07,2.417700042724609375e+02,5.237392044067382812e+01,4.896349906921386719e+00,2.270000000000000000e+02,0.000000000000000000e+00
4.171030400000000000e+07,1.726699981689453125e+02,5.237392044067382812e+01,4.896349906921386719e+00,2.270000000000000000e+02,0.000000000000000000e+00
4.171610400000000000e+07,5.882800292968750000e+02,5.236574172973632812e+01,4.939549922943115234e+00,3.042000000000000000e+03,0.000000000000000000e+00
4.172824000000000000e+07,3.137999877929687500e+02,5.238063812255859375e+01,4.884870052337646484e+00,1.227000000000000000e+03,0.000000000000000000e+00
4.175481200000000000e+07,1.892100067138671875e+02,5.237200927734375000e+01,4.901289939880371094e+00,3.660000000000000000e+02,0.000000000000000000e+00
4.176802800000000000e+07,1.658500061035156250e+02,5.235580825805664062e+01,4.899580001831054688e+00,1.807000000000000000e+03,0.000000000000000000e+00
4.178105200000000000e+07,4.909500122070312500e+02,5.237557983398437500e+01,4.923840045928955078e+00,1.940000000000000000e+03,0.000000000000000000e+00
4.178336400000000000e+07,2.028399963378906250e+02,5.240475845336914062e+01,4.925059795379638672e+00,4.155000000000000000e+03,0.000000000000000000e+00
4.179309600000000000e+07,2.135500030517578125e+02,5.237250137329101562e+01,4.913300037384033203e+00,1.183000000000000000e+03,0.000000000000000000e+00
4.179862000000000000e+07,1.502799987792968750e+02,5.239867019653320312e+01,4.928160190582275391e+00,3.695000000000000000e+03,0.000000000000000000e+00
4.182448000000000000e+07,1.298399963378906250e+02,5.238845825195312500e+01,4.917039871215820312e+00,2.334000000000000000e+03,0.000000000000000000e+00
4.183101600000000000e+07,1.940800018310546875e+02,5.241685104370117188e+01,4.905570030212402344e+00,5.041000000000000000e+03,0.000000000000000000e+00
4.185694000000000000e+07,9.187999725341796875e+01,5.236441040039062500e+01,4.863039970397949219e+00,2.381000000000000000e+03,0.000000000000000000e+00
4.186652000000000000e+07,2.962799987792968750e+02,5.234975051879882812e+01,4.996230125427246094e+00,7.244000000000000000e+03,0.000000000000000000e+00
4.188028800000000000e+07,1.794799957275390625e+02,5.240531921386718750e+01,4.902470111846923828e+00,3.743000000000000000e+03,0.000000000000000000e+00
4.190812400000000000e+07,1.016100006103515625e+02,5.237173843383789062e+01,4.863490104675292969e+00,2.200000000000000000e+03,0.000000000000000000e+00
4.191001200000000000e+07,4.160000000000000000e+02,5.237054061889648438e+01,4.888649940490722656e+00,5.150000000000000000e+02,0.000000000000000000e+00
4.191200400000000000e+07,4.743999938964843750e+02,5.237054061889648438e+01,4.888649940490722656e+00,5.150000000000000000e+02,0.000000000000000000e+00
4.192623200000000000e+07,1.103700027465820312e+02,5.237379074096679688e+01,4.966410160064697266e+00,4.791000000000000000e+03,0.000000000000000000e+00
4.193176800000000000e+07,8.215000152587890625e+01,5.239170837402343750e+01,4.930220127105712891e+00,3.206000000000000000e+03,0.000000000000000000e+00
4.193607200000000000e+07,2.962799987792968750e+02,5.237458038330078125e+01,4.821129798889160156e+00,5.085000000000000000e+03,0.000000000000000000e+00
4.194267600000000000e+07,1.502799987792968750e+02,5.236217117309570312e+01,4.893949985504150391e+00,1.090000000000000000e+03,0.000000000000000000e+00
4.196792400000000000e+07,3.867999877929687500e+02,5.237654113769531250e+01,4.889070034027099609e+00,6.940000000000000000e+02,0.000000000000000000e+00
4.197284000000000000e+07,3.030899963378906250e+02,5.236260223388671875e+01,4.876399040222167969e+00,1.680000000000000000e+03,0.000000000000000000e+00
4.197891200000000000e+07,1.356799926757812500e+02,5.234387969970703125e+01,4.893670082092285156e+00,3.119000000000000000e+03,0.000000000000000000e+00
4.199613200000000000e+07,1.288699951171875000e+02,5.236005020141601562e+01,4.907400131225585938e+00,1.531000000000000000e+03,0.000000000000000000e+00
4.199652000000000000e+07,1.094000015258789062e+02,5.236484146118164062e+01,4.866710186004638672e+00,2.131000000000000000e+03,0.000000000000000000e+00
4.200243200000000000e+07,6.755000305175781250e+01,5.237337112426757812e+01,4.966720104217529297e+00,4.811000000000000000e+03,0.000000000000000000e+00
4.200819200000000000e+07,8.215000152587890625e+01,5.236623001098632812e+01,4.936110019683837891e+00,2.802000000000000000e+03,0.000000000000000000e+00
4.201525600000000000e+07,1.541699981689453125e+02,5.236087417602539062e+01,4.898341178894042969e+00,1.237000000000000000e+03,0.000000000000000000e+00
4.201996400000000000e+07,1.746100006103515625e+02,5.231874084472656250e+01,4.954780101776123047e+00,7.137000000000000000e+03,0.000000000000000000e+00
4.202927200000000000e+07,3.741499938964843750e+02,5.236754989624023438e+01,4.913149833679199219e+00,1.267000000000000000e+03,0.000000000000000000e+00
4.203417200000000000e+07,7.338999938964843750e+01,5.233673095703125000e+01,4.931469917297363281e+00,4.596000000000000000e+03,0.000000000000000000e+00
4.203501600000000000e+07,7.338999938964843750e+01,5.233676910400390625e+01,4.933090209960937500e+00,4.652000000000000000e+03,0.000000000000000000e+00
4.205829600000000000e+07,4.179500122070312500e+02,5.236621093750000000e+01,4.896580219268798828e+00,6.340000000000000000e+02,0.000000000000000000e+00
4.206103200000000000e+07,5.781000137329101562e+01,5.237022018432617188e+01,4.872010231018066406e+00,1.633000000000000000e+03,0.000000000000000000e+00
4.210997600000000000e+07,1.862899932861328125e+02,5.235747909545898438e+01,4.897349834442138672e+00,1.606000000000000000e+03,0.000000000000000000e+00
4.211214000000000000e+07,7.825000000000000000e+01,5.232865905761718750e+01,4.857970237731933594e+00,5.455000000000000000e+03,0.000000000000000000e+00
4.212877600000000000e+07,2.943299865722656250e+02,5.235227966308593750e+01,4.854424953460693359e+00,3.562000000000000000e+03,0.000000000000000000e+00
4.213009600000000000e+07,2.047899932861328125e+02,5.236207962036132812e+01,4.894919872283935547e+00,1.094000000000000000e+03,0.000000000000000000e+00
4.213425600000000000e+07,1.016100006103515625e+02,5.236936950683593750e+01,4.886950016021728516e+00,6.700000000000000000e+02,0.000000000000000000e+00
4.214856000000000000e+07,1.006399993896484375e+02,5.235937118530273438e+01,4.755710124969482422e+00,9.620000000000000000e+03,0.000000000000000000e+00
4.215055200000000000e+07,1.940800018310546875e+02,5.239464187622070312e+01,4.905539989471435547e+00,2.612000000000000000e+03,0.000000000000000000e+00
4.216600000000000000e+07,2.758399963378906250e+02,5.237977981567382812e+01,4.868229866027832031e+00,2.073000000000000000e+03,0.000000000000000000e+00
4.218401200000000000e+07,1.386000061035156250e+02,5.237425994873046875e+01,4.899260044097900391e+00,3.480000000000000000e+02,0.000000000000000000e+00
4.219215200000000000e+07,1.016100006103515625e+02,5.235913085937500000e+01,4.895549774169921875e+00,1.420000000000000000e+03,0.000000000000000000e+00
4.221140000000000000e+07,2.067299957275390625e+02,5.234600830078125000e+01,4.829349994659423828e+00,5.358000000000000000e+03,0.000000000000000000e+00
4.221143200000000000e+07,2.271699981689453125e+02,5.234775924682617188e+01,4.829080104827880859e+00,5.272000000000000000e+03,0.000000000000000000e+00
4.221169600000000000e+07,2.077100067138671875e+02,5.234614944458007812e+01,4.830639839172363281e+00,5.276000000000000000e+03,0.000000000000000000e+00
4.224124400000000000e+07,7.338999938964843750e+01,5.233644866943359375e+01,4.931139945983886719e+00,4.612000000000000000e+03,0.000000000000000000e+00
4.224137600000000000e+07,7.338999938964843750e+01,5.233700942993164062e+01,4.931359767913818359e+00,4.566000000000000000e+03,0.000000000000000000e+00
4.225027200000000000e+07,8.701000213623046875e+01,5.236307907104492188e+01,4.985119819641113281e+00,6.136000000000000000e+03,0.000000000000000000e+00
4.225132400000000000e+07,5.464299926757812500e+02,5.235279846191406250e+01,4.865789890289306641e+00,2.948000000000000000e+03,0.000000000000000000e+00
4.226799600000000000e+07,1.785099945068359375e+02,5.237007141113281250e+01,4.910759925842285156e+00,1.029000000000000000e+03,0.000000000000000000e+00
4.226922400000000000e+07,1.687700042724609375e+02,5.233473968505859375e+01,4.848420143127441406e+00,5.241000000000000000e+03,0.000000000000000000e+00
4.228740400000000000e+07,3.556499938964843750e+02,5.233695983886718750e+01,4.932010173797607422e+00,4.594000000000000000e+03,0.000000000000000000e+00
4.228824000000000000e+07,7.338999938964843750e+01,5.233681106567382812e+01,4.931009769439697266e+00,4.573000000000000000e+03,0.000000000000000000e+00
4.228916400000000000e+07,2.962799987792968750e+02,5.235739898681640625e+01,4.902949810028076172e+00,1.682000000000000000e+03,0.000000000000000000e+00
4.228953600000000000e+07,7.338999938964843750e+01,5.233687973022460938e+01,4.932569980621337891e+00,4.622000000000000000e+03,0.000000000000000000e+00
4.228986400000000000e+07,3.770700073242187500e+02,5.233620071411132812e+01,4.930630207061767578e+00,4.617000000000000000e+03,0.000000000000000000e+00
4.229080800000000000e+07,7.338999938964843750e+01,5.233644104003906250e+01,4.932559967041015625e+00,4.663000000000000000e+03,0.000000000000000000e+00
4.229116000000000000e+07,7.338999938964843750e+01,5.233652114868164062e+01,4.930640220642089844e+00,4.587000000000000000e+03,0.000000000000000000e+00
4.229121600000000000e+07,1.249700012207031250e+02,5.233663177490234375e+01,4.932600021362304688e+00,4.647000000000000000e+03,0.000000000000000000e+00
4.230984800000000000e+07,1.356799926757812500e+02,5.231584930419921875e+01,4.938879966735839844e+00,6.882000000000000000e+03,0.000000000000000000e+00
4.231247200000000000e+07,2.573500061035156250e+02,5.236677169799804688e+01,4.908349990844726562e+00,1.020000000000000000e+03,0.000000000000000000e+00
4.233027600000000000e+07,2.378800048828125000e+02,5.239775848388671875e+01,4.937310218811035156e+00,4.021000000000000000e+03,0.000000000000000000e+00
4.233040000000000000e+07,3.400799865722656250e+02,5.236743927001953125e+01,4.865779876708984375e+00,2.104000000000000000e+03,0.000000000000000000e+00
4.234180000000000000e+07,1.600099945068359375e+02,5.237260818481445312e+01,4.875259876251220703e+00,1.403000000000000000e+03,0.000000000000000000e+00
4.234244400000000000e+07,8.019999694824218750e+01,5.234035873413085938e+01,4.906109809875488281e+00,3.575000000000000000e+03,0.000000000000000000e+00
4.236720400000000000e+07,1.590399932861328125e+02,5.238360977172851562e+01,4.894549846649169922e+00,1.305000000000000000e+03,0.000000000000000000e+00
4.236765200000000000e+07,1.590399932861328125e+02,5.238381958007812500e+01,4.892680168151855469e+00,1.343000000000000000e+03,0.000000000000000000e+00
4.237409200000000000e+07,1.862899932861328125e+02,5.238508987426757812e+01,4.893829822540283203e+00,1.474000000000000000e+03,0.000000000000000000e+00
4.239304800000000000e+07,3.021199951171875000e+02,5.238357162475585938e+01,4.894350051879882812e+00,1.302000000000000000e+03,0.000000000000000000e+00
4.240043200000000000e+07,2.369100036621093750e+02,5.238481903076171875e+01,4.892730236053466797e+00,1.453000000000000000e+03,0.000000000000000000e+00
4.241739600000000000e+07,1.794799957275390625e+02,5.238204956054687500e+01,4.875999927520751953e+00,1.760000000000000000e+03,0.000000000000000000e+00
4.242411600000000000e+07,1.016100006103515625e+02,5.235998153686523438e+01,4.923540115356445312e+00,2.297000000000000000e+03,0.000000000000000000e+00
4.243038400000000000e+07,4.280000209808349609e+00,5.238322067260742188e+01,4.846250057220458984e+00,3.598000000000000000e+03,0.000000000000000000e+00
4.243110000000000000e+07,8.701000213623046875e+01,5.239078140258789062e+01,4.925559997558593750e+00,2.909000000000000000e+03,0.000000000000000000e+00
4.243127200000000000e+07,4.280000209808349609e+00,5.236278915405273438e+01,4.874579906463623047e+00,1.767000000000000000e+03,0.000000000000000000e+00
4.243144800000000000e+07,4.280000209808349609e+00,5.236964035034179688e+01,4.880040168762207031e+00,1.106000000000000000e+03,0.000000000000000000e+00
4.243236400000000000e+07,3.449500122070312500e+02,5.235531997680664062e+01,4.913809776306152344e+00,2.208000000000000000e+03,0.000000000000000000e+00
4.244618800000000000e+07,3.254800109863281250e+02,5.237754058837890625e+01,4.906990051269531250e+00,9.800000000000000000e+02,0.000000000000000000e+00
4.244622400000000000e+07,5.016499938964843750e+02,5.237754058837890625e+01,4.906990051269531250e+00,9.800000000000000000e+02,0.000000000000000000e+00
4.244637200000000000e+07,8.062999877929687500e+02,5.237754058837890625e+01,4.906990051269531250e+00,9.800000000000000000e+02,0.000000000000000000e+00
4.246490800000000000e+07,2.135500030517578125e+02,5.235651016235351562e+01,4.996809959411621094e+00,7.062000000000000000e+03,0.000000000000000000e+00
4.247002400000000000e+07,9.091000366210937500e+01,5.234526824951171875e+01,4.861770153045654297e+00,3.760000000000000000e+03,0.000000000000000000e+00
4.247919200000000000e+07,1.347100067138671875e+02,5.235681152343750000e+01,4.921639919281005859e+00,2.423000000000000000e+03,0.000000000000000000e+00
4.247923600000000000e+07,1.288699951171875000e+02,5.236912155151367188e+01,4.882249832153320312e+00,9.770000000000000000e+02,0.000000000000000000e+00
4.248102800000000000e+07,5.781000137329101562e+01,5.236832809448242188e+01,4.930819988250732422e+00,2.404000000000000000e+03,0.000000000000000000e+00
4.248203200000000000e+07,1.746100006103515625e+02,5.235177993774414062e+01,4.786200046539306641e+00,7.778000000000000000e+03,0.000000000000000000e+00
4.248250400000000000e+07,6.365000152587890625e+01,5.234069061279296875e+01,4.906030178070068359e+00,3.538000000000000000e+03,0.000000000000000000e+00
4.251049200000000000e+07,3.936099853515625000e+02,5.236548995971679688e+01,4.878870010375976562e+00,1.358000000000000000e+03,0.000000000000000000e+00
4.251092800000000000e+07,7.241000366210937500e+01,5.238150024414062500e+01,4.852709770202636719e+00,3.120000000000000000e+03,0.000000000000000000e+00
4.253072800000000000e+07,2.330099945068359375e+02,5.235512924194335938e+01,4.900710105895996094e+00,1.893000000000000000e+03,0.000000000000000000e+00
4.255074000000000000e+07,3.069899902343750000e+02,5.235871887207031250e+01,4.889110088348388672e+00,1.536000000000000000e+03,0.000000000000000000e+00
4.256058800000000000e+07,1.113499984741210938e+02,5.237445831298828125e+01,4.871290206909179688e+00,1.695000000000000000e+03,0.000000000000000000e+00
4.259512400000000000e+07,1.405500030517578125e+02,5.235633087158203125e+01,4.926869869232177734e+00,2.724000000000000000e+03,0.000000000000000000e+00
4.261500800000000000e+07,1.454100036621093750e+02,5.238367080688476562e+01,4.850609779357910156e+00,3.341000000000000000e+03,0.000000000000000000e+00
4.261734400000000000e+07,1.892100067138671875e+02,5.235335159301757812e+01,4.890649795532226562e+00,2.093000000000000000e+03,0.000000000000000000e+00
4.262227600000000000e+07,1.259499969482421875e+02,5.237284851074218750e+01,4.831540107727050781e+00,4.370000000000000000e+03,0.000000000000000000e+00
4.263612000000000000e+07,1.989499969482421875e+02,5.235673904418945312e+01,4.999559879302978516e+00,7.238000000000000000e+03,0.000000000000000000e+00
4.265892800000000000e+07,5.522700195312500000e+02,5.237633132934570312e+01,4.891190052032470703e+00,5.880000000000000000e+02,0.000000000000000000e+00
4.266173200000000000e+07,2.826499938964843750e+02,5.236785888671875000e+01,4.877359867095947266e+00,1.336000000000000000e+03,0.000000000000000000e+00
4.268348400000000000e+07,1.551499938964843750e+02,5.238191986083984375e+01,4.849020004272460938e+00,3.372000000000000000e+03,0.000000000000000000e+00
4.270646400000000000e+07,1.113499984741210938e+02,5.237265014648437500e+01,4.884170055389404297e+00,8.010000000000000000e+02,0.000000000000000000e+00
4.272886400000000000e+07,2.417700042724609375e+02,5.236785125732421875e+01,4.945380210876464844e+00,3.389000000000000000e+03,0.000000000000000000e+00
4.273028400000000000e+07,1.697500000000000000e+02,5.238029098510742188e+01,4.887310028076171875e+00,1.100000000000000000e+03,0.000000000000000000e+00
4.280170400000000000e+07,2.252299957275390625e+02,5.237493133544921875e+01,4.888929843902587891e+00,5.810000000000000000e+02,0.000000000000000000e+00
4.283413600000000000e+07,1.405500030517578125e+02,5.236750030517578125e+01,4.897679805755615234e+00,5.040000000000000000e+02,0.000000000000000000e+00
4.285514000000000000e+07,2.884899902343750000e+02,5.237913894653320312e+01,4.926549911499023438e+00,2.231000000000000000e+03,0.000000000000000000e+00
4.286901600000000000e+07,1.746100006103515625e+02,5.235115051269531250e+01,4.904290199279785156e+00,2.376000000000000000e+03,0.000000000000000000e+00
4.287891600000000000e+07,1.600099945068359375e+02,5.237725067138671875e+01,4.891860008239746094e+00,6.550000000000000000e+02,0.000000000000000000e+00
4.304240800000000000e+07,2.369100036621093750e+02,5.237799072265625000e+01,4.885489940643310547e+00,9.790000000000000000e+02,0.000000000000000000e+00
4.304310800000000000e+07,1.210800018310546875e+02,5.238457107543945312e+01,4.833189964294433594e+00,4.484000000000000000e+03,0.000000000000000000e+00
4.304623600000000000e+07,1.853200073242187500e+02,5.238431930541992188e+01,4.832950115203857422e+00,4.491000000000000000e+03,0.000000000000000000e+00
4.304994800000000000e+07,2.203600006103515625e+02,5.236092376708984375e+01,4.898328781127929688e+00,1.231000000000000000e+03,0.000000000000000000e+00
4.307336000000000000e+07,2.466399993896484375e+02,5.238460922241210938e+01,4.833640098571777344e+00,4.456000000000000000e+03,0.000000000000000000e+00
4.307360400000000000e+07,2.466399993896484375e+02,5.238457870483398438e+01,4.833250045776367188e+00,4.480000000000000000e+03,0.000000000000000000e+00
4.307377200000000000e+07,1.892100067138671875e+02,5.238455963134765625e+01,4.833079814910888672e+00,4.491000000000000000e+03,0.000000000000000000e+00
4.307383200000000000e+07,2.271699981689453125e+02,5.238431930541992188e+01,4.831809997558593750e+00,4.564000000000000000e+03,0.000000000000000000e+00
4.309456000000000000e+07,2.923900146484375000e+02,5.238845062255859375e+01,4.922619819641113281e+00,2.584000000000000000e+03,0.000000000000000000e+00
4.309592400000000000e+07,4.280000209808349609e+00,5.236531066894531250e+01,4.885779857635498047e+00,1.004000000000000000e+03,0.000000000000000000e+00
4.314841600000000000e+07,4.280000209808349609e+00,5.237036132812500000e+01,4.905739784240722656e+00,6.900000000000000000e+02,0.000000000000000000e+00
4.323313600000000000e+07,1.561199951171875000e+02,5.230751037597656250e+01,4.954219818115234375e+00,8.183000000000000000e+03,0.000000000000000000e+00
4.325474000000000000e+07,1.405500030517578125e+02,5.238066101074218750e+01,4.887259960174560547e+00,1.137000000000000000e+03,0.000000000000000000e+00
4.328279200000000000e+07,1.561199951171875000e+02,5.230752182006835938e+01,4.953410148620605469e+00,8.155000000000000000e+03,0.000000000000000000e+00
4.328299200000000000e+07,5.781000137329101562e+01,5.231457901000976562e+01,4.984769821166992188e+00,8.779000000000000000e+03,0.000000000000000000e+00
4.330691200000000000e+07,2.300899963378906250e+02,5.237469863891601562e+01,4.889259815216064453e+00,5.480000000000000000e+02,0.000000000000000000e+00
4.334398400000000000e+07,3.517600097656250000e+02,5.235134124755859375e+01,5.001530170440673828e+00,7.528000000000000000e+03,0.000000000000000000e+00
4.338876400000000000e+07,1.600099945068359375e+02,5.237248611450195312e+01,4.902688026428222656e+00,4.650000000000000000e+02,0.000000000000000000e+00
4.338888400000000000e+07,1.600099945068359375e+02,5.237253189086914062e+01,4.902609825134277344e+00,4.610000000000000000e+02,0.000000000000000000e+00
4.348664000000000000e+07,9.187999725341796875e+01,5.233860015869140625e+01,4.919469833374023438e+00,4.034000000000000000e+03,0.000000000000000000e+00
4.349583600000000000e+07,3.449500122070312500e+02,5.238389968872070312e+01,4.964240074157714844e+00,4.827000000000000000e+03,0.000000000000000000e+00
4.351313600000000000e+07,1.502799987792968750e+02,5.236331939697265625e+01,4.842659950256347656e+00,3.738000000000000000e+03,0.000000000000000000e+00
4.354642000000000000e+07,9.576999664306640625e+01,5.236788940429687500e+01,4.880939960479736328e+00,1.109000000000000000e+03,0.000000000000000000e+00
4.356845600000000000e+07,1.162099990844726562e+02,5.236006927490234375e+01,4.907269954681396484e+00,1.525000000000000000e+03,0.000000000000000000e+00
4.357490800000000000e+07,2.320399932861328125e+02,5.235293960571289062e+01,4.898230075836181641e+00,2.114000000000000000e+03,0.000000000000000000e+00
4.357491200000000000e+07,2.125700073242187500e+02,5.235271072387695312e+01,4.896699905395507812e+00,2.134000000000000000e+03,0.000000000000000000e+00
4.357491200000000000e+07,3.001700134277343750e+02,5.235469818115234375e+01,4.897870063781738281e+00,1.917000000000000000e+03,0.000000000000000000e+00
4.357491600000000000e+07,2.505299987792968750e+02,5.235477066040039062e+01,4.897819995880126953e+00,1.909000000000000000e+03,0.000000000000000000e+00
4.357492000000000000e+07,3.021199951171875000e+02,5.235461044311523438e+01,4.897850036621093750e+00,1.927000000000000000e+03,0.000000000000000000e+00
4.357582800000000000e+07,1.716900024414062500e+02,5.235456085205078125e+01,4.896450042724609375e+00,1.928000000000000000e+03,0.000000000000000000e+00
4.357585600000000000e+07,2.758399963378906250e+02,5.235282897949218750e+01,4.896989822387695312e+00,2.122000000000000000e+03,0.000000000000000000e+00
4.358477600000000000e+07,2.476100006103515625e+02,5.238003158569335938e+01,4.883100032806396484e+00,1.254000000000000000e+03,0.000000000000000000e+00
4.360028400000000000e+07,1.172280029296875000e+03,5.236331176757812500e+01,4.893070220947265625e+00,9.740000000000000000e+02,0.000000000000000000e+00
4.363584400000000000e+07,1.259499969482421875e+02,5.238171005249023438e+01,4.826330184936523438e+00,4.847000000000000000e+03,0.000000000000000000e+00
4.366106000000000000e+07,1.016100006103515625e+02,5.236019134521484375e+01,4.907589912414550781e+00,1.525000000000000000e+03,0.000000000000000000e+00
4.367212800000000000e+07,1.541699981689453125e+02,5.237490844726562500e+01,4.893109798431396484e+00,3.850000000000000000e+02,0.000000000000000000e+00
4.367251600000000000e+07,1.746100006103515625e+02,5.237477874755859375e+01,4.894259929656982422e+00,3.390000000000000000e+02,0.000000000000000000e+00
4.367358000000000000e+07,1.308099975585937500e+02,5.240145874023437500e+01,4.902180194854736328e+00,3.314000000000000000e+03,0.000000000000000000e+00
4.368256000000000000e+07,9.675000000000000000e+01,5.237678909301757812e+01,4.873859882354736328e+00,1.592000000000000000e+03,0.000000000000000000e+00
4.368672800000000000e+07,1.794799957275390625e+02,5.236750030517578125e+01,4.873730182647705078e+00,1.583000000000000000e+03,0.000000000000000000e+00
4.369258400000000000e+07,5.026300048828125000e+02,5.237076950073242188e+01,4.883210182189941406e+00,8.710000000000000000e+02,0.000000000000000000e+00
4.369358400000000000e+07,1.308099975585937500e+02,5.234737014770507812e+01,4.868989944458007812e+00,3.283000000000000000e+03,0.000000000000000000e+00
4.369954400000000000e+07,1.746100006103515625e+02,5.235031127929687500e+01,4.933239936828613281e+00,3.492000000000000000e+03,0.000000000000000000e+00
4.370576400000000000e+07,4.904999923706054688e+01,5.238584136962890625e+01,4.881239891052246094e+00,1.842000000000000000e+03,0.000000000000000000e+00
4.370675600000000000e+07,9.091000366210937500e+01,5.236817169189453125e+01,4.851830005645751953e+00,3.021000000000000000e+03,0.000000000000000000e+00
4.370702000000000000e+07,2.242500000000000000e+02,5.238727188110351562e+01,4.876430034637451172e+00,2.161000000000000000e+03,0.000000000000000000e+00
4.370765600000000000e+07,2.700000000000000000e+02,5.238732910156250000e+01,4.874400138854980469e+00,2.252000000000000000e+03,0.000000000000000000e+00
4.370791200000000000e+07,3.157500000000000000e+02,5.238777160644531250e+01,4.875010013580322266e+00,2.264000000000000000e+03,0.000000000000000000e+00
4.370844800000000000e+07,3.118500061035156250e+02,5.238552856445312500e+01,4.876309871673583984e+00,2.016000000000000000e+03,0.000000000000000000e+00
4.370900000000000000e+07,2.875199890136718750e+02,5.238790130615234375e+01,4.875529766082763672e+00,2.253000000000000000e+03,0.000000000000000000e+00
4.370907600000000000e+07,2.145200042724609375e+02,5.238586044311523438e+01,4.876440048217773438e+00,2.038000000000000000e+03,0.000000000000000000e+00
4.371387200000000000e+07,1.405500030517578125e+02,5.237017822265625000e+01,4.862800121307373047e+00,2.255000000000000000e+03,0.000000000000000000e+00
4.371910400000000000e+07,1.746100006103515625e+02,5.236339950561523438e+01,4.899219989776611328e+00,9.720000000000000000e+02,0.000000000000000000e+00
4.371946000000000000e+07,1.726699981689453125e+02,5.236149978637695312e+01,4.900300025939941406e+00,1.194000000000000000e+03,0.000000000000000000e+00
4.372380000000000000e+07,2.865499877929687500e+02,5.235554122924804688e+01,4.897049903869628906e+00,1.821000000000000000e+03,0.000000000000000000e+00
4.373373600000000000e+07,8.019999694824218750e+01,5.236579895019531250e+01,4.884809970855712891e+00,1.013000000000000000e+03,0.000000000000000000e+00
4.374069600000000000e+07,1.600099945068359375e+02,5.239276123046875000e+01,4.876389980316162109e+00,2.671000000000000000e+03,0.000000000000000000e+00
4.375615600000000000e+07,1.317899932861328125e+02,5.236893081665039062e+01,4.860909938812255859e+00,2.398000000000000000e+03,0.000000000000000000e+00
4.376678800000000000e+07,1.366499938964843750e+02,5.236931991577148438e+01,4.862599849700927734e+00,2.279000000000000000e+03,0.000000000000000000e+00
4.376740800000000000e+07,8.215000152587890625e+01,5.236862182617187500e+01,4.861440181732177734e+00,2.368000000000000000e+03,0.000000000000000000e+00
4.380002400000000000e+07,2.534499969482421875e+02,5.238872146606445312e+01,4.879580020904541016e+00,2.174000000000000000e+03,0.000000000000000000e+00
4.380044800000000000e+07,1.502799987792968750e+02,5.236405181884765625e+01,4.927909851074218750e+00,2.342000000000000000e+03,0.000000000000000000e+00
4.380448800000000000e+07,6.856099853515625000e+02,5.236410903930664062e+01,4.865809917449951172e+00,2.219000000000000000e+03,0.000000000000000000e+00
4.381015600000000000e+07,1.113499984741210938e+02,5.237762069702148438e+01,4.873549938201904297e+00,1.645000000000000000e+03,0.000000000000000000e+00
4.381508800000000000e+07,4.773200073242187500e+02,5.235348129272460938e+01,4.900780200958251953e+00,2.075000000000000000e+03,0.000000000000000000e+00
4.383027200000000000e+07,1.454100036621093750e+02,5.236848068237304688e+01,4.858379840850830078e+00,2.575000000000000000e+03,0.000000000000000000e+00
4.384181600000000000e+07,2.953099975585937500e+02,5.235667037963867188e+01,4.898700237274169922e+00,1.704000000000000000e+03,0.000000000000000000e+00
4.387554800000000000e+07,1.629299926757812500e+02,5.237447357177734375e+01,4.880252838134765625e+00,1.100000000000000000e+03,0.000000000000000000e+00
4.388210400000000000e+07,4.422799987792968750e+02,5.236367034912109375e+01,4.886410236358642578e+00,1.119000000000000000e+03,0.000000000000000000e+00
4.388671200000000000e+07,2.466399993896484375e+02,5.236029815673828125e+01,4.851119995117187500e+00,3.303000000000000000e+03,0.000000000000000000e+00
4.390460800000000000e+07,2.086799926757812500e+02,5.238496017456054688e+01,4.871419906616210938e+00,2.207000000000000000e+03,0.000000000000000000e+00
4.391366000000000000e+07,3.449500122070312500e+02,5.236053848266601562e+01,4.854070186614990234e+00,3.108000000000000000e+03,0.000000000000000000e+00
4.391960800000000000e+07,4.422799987792968750e+02,5.236211013793945312e+01,4.985179901123046875e+00,6.159000000000000000e+03,0.000000000000000000e+00
4.392089200000000000e+07,1.823999938964843750e+02,5.240512084960937500e+01,4.889780044555664062e+00,3.717000000000000000e+03,0.000000000000000000e+00
4.392242000000000000e+07,2.563699951171875000e+02,5.238727188110351562e+01,4.946199893951416016e+00,3.818000000000000000e+03,0.000000000000000000e+00
4.392531200000000000e+07,1.502799987792968750e+02,5.236198043823242188e+01,4.909029960632324219e+00,1.418000000000000000e+03,0.000000000000000000e+00
4.393308000000000000e+07,1.979700012207031250e+02,5.237406921386718750e+01,4.876780033111572266e+00,1.320000000000000000e+03,0.000000000000000000e+00
4.395301600000000000e+07,9.675000000000000000e+01,5.233197021484375000e+01,4.874740123748779297e+00,4.667000000000000000e+03,0.000000000000000000e+00
4.395354400000000000e+07,3.760899963378906250e+02,5.235535049438476562e+01,4.903940200805664062e+00,1.919000000000000000e+03,0.000000000000000000e+00
4.396210400000000000e+07,1.016100006103515625e+02,5.237503051757812500e+01,4.892419815063476562e+00,4.210000000000000000e+02,0.000000000000000000e+00
4.396972400000000000e+07,1.678000030517578125e+02,5.237079620361328125e+01,4.862832069396972656e+00,2.248000000000000000e+03,0.000000000000000000e+00
4.397614800000000000e+07,9.480000305175781250e+01,5.236431884765625000e+01,4.899320125579833984e+00,8.740000000000000000e+02,0.000000000000000000e+00
4.397631200000000000e+07,1.210800018310546875e+02,5.237556838989257812e+01,4.892539978027343750e+00,4.670000000000000000e+02,0.000000000000000000e+00
4.397854000000000000e+07,2.962799987792968750e+02,5.238124847412109375e+01,4.890069961547851562e+00,1.112000000000000000e+03,0.000000000000000000e+00
4.398913600000000000e+07,8.215000152587890625e+01,5.237031936645507812e+01,4.860700130462646484e+00,2.396000000000000000e+03,0.000000000000000000e+00
4.399076800000000000e+07,4.422799987792968750e+02,5.238613128662109375e+01,4.907189846038818359e+00,1.758000000000000000e+03,0.000000000000000000e+00
4.399309600000000000e+07,1.551499938964843750e+02,5.236893844604492188e+01,4.899879932403564453e+00,4.260000000000000000e+02,0.000000000000000000e+00
4.399521600000000000e+07,4.808000183105468750e+01,5.241252899169921875e+01,4.908130168914794922e+00,4.593000000000000000e+03,0.000000000000000000e+00
4.400176000000000000e+07,2.515099945068359375e+02,5.237313079833984375e+01,4.855879783630371094e+00,2.720000000000000000e+03,0.000000000000000000e+00
4.402514800000000000e+07,1.736399993896484375e+02,5.239178848266601562e+01,4.911640167236328125e+00,2.456000000000000000e+03,0.000000000000000000e+00
4.403872800000000000e+07,1.259499969482421875e+02,5.239038848876953125e+01,4.948140144348144531e+00,4.099000000000000000e+03,0.000000000000000000e+00
4.404334800000000000e+07,8.312000274658203125e+01,5.235427093505859375e+01,4.798600196838378906e+00,6.891000000000000000e+03,0.000000000000000000e+00
4.405716800000000000e+07,1.103700027465820312e+02,5.235625076293945312e+01,4.757239818572998047e+00,9.574000000000000000e+03,0.000000000000000000e+00
4.406783600000000000e+07,1.016100006103515625e+02,5.236928176879882812e+01,4.858079910278320312e+00,2.584000000000000000e+03,0.000000000000000000e+00
4.407443200000000000e+07,1.502799987792968750e+02,5.237044143676757812e+01,4.866509914398193359e+00,2.002000000000000000e+03,0.000000000000000000e+00
4.408310000000000000e+07,5.684000015258789062e+01,5.239588928222656250e+01,4.918210029602050781e+00,3.067000000000000000e+03,0.000000000000000000e+00
4.408540800000000000e+07,1.298399963378906250e+02,5.239559173583984375e+01,4.915410041809082031e+00,2.949000000000000000e+03,0.000000000000000000e+00
4.408708400000000000e+07,1.746100006103515625e+02,5.235295867919921875e+01,4.995399951934814453e+00,7.077000000000000000e+03,0.000000000000000000e+00
4.409551200000000000e+07,1.999199981689453125e+02,5.235525894165039062e+01,4.932439804077148438e+00,3.095000000000000000e+03,0.000000000000000000e+00
4.410201600000000000e+07,6.856099853515625000e+02,5.236199951171875000e+01,4.872119903564453125e+00,1.954000000000000000e+03,0.000000000000000000e+00
4.411884000000000000e+07,9.675000000000000000e+01,5.235152816772460938e+01,4.920479774475097656e+00,2.814000000000000000e+03,0.000000000000000000e+00
4.413090000000000000e+07,1.940800018310546875e+02,5.236853027343750000e+01,4.876220226287841797e+00,1.388000000000000000e+03,0.000000000000000000e+00
4.413124000000000000e+07,1.162099990844726562e+02,5.237744903564453125e+01,4.861770153045654297e+00,2.398000000000000000e+03,0.000000000000000000e+00
4.413266400000000000e+07,1.259499969482421875e+02,5.236927032470703125e+01,4.837580204010009766e+00,3.970000000000000000e+03,0.000000000000000000e+00
4.414954800000000000e+07,1.736399993896484375e+02,5.236608886718750000e+01,4.882050037384033203e+00,1.141000000000000000e+03,0.000000000000000000e+00
4.414977600000000000e+07,1.823999938964843750e+02,5.236608886718750000e+01,4.882050037384033203e+00,1.141000000000000000e+03,0.000000000000000000e+00
4.414988400000000000e+07,3.488399963378906250e+02,5.236608886718750000e+01,4.882050037384033203e+00,1.141000000000000000e+03,0.000000000000000000e+00
4.416078800000000000e+07,9.383000183105468750e+01,5.237031936645507812e+01,4.852580070495605469e+00,2.946000000000000000e+03,0.000000000000000000e+00
4.417177600000000000e+07,2.232799987792968750e+02,5.237395858764648438e+01,4.906149864196777344e+00,7.330000000000000000e+02,0.000000000000000000e+00
4.418464800000000000e+07,1.502799987792968750e+02,5.236822128295898438e+01,4.862229824066162109e+00,2.322000000000000000e+03,0.000000000000000000e+00
4.418692800000000000e+07,2.476100006103515625e+02,5.235459899902343750e+01,4.901740074157714844e+00,1.964000000000000000e+03,0.000000000000000000e+00
4.418942400000000000e+07,1.415200042724609375e+02,5.234122085571289062e+01,4.903079986572265625e+00,3.446000000000000000e+03,0.000000000000000000e+00
4.419228000000000000e+07,1.502799987792968750e+02,5.236428070068359375e+01,4.928092002868652344e+00,2.344000000000000000e+03,0.000000000000000000e+00
4.425586400000000000e+07,4.705100097656250000e+02,5.236656188964843750e+01,4.877480030059814453e+00,1.384000000000000000e+03,0.000000000000000000e+00
4.425998000000000000e+07,3.498099975585937500e+02,5.237451171875000000e+01,4.878739833831787109e+00,1.201000000000000000e+03,0.000000000000000000e+00
4.426982000000000000e+07,1.094000015258789062e+02,5.239070129394531250e+01,4.935659885406494141e+00,3.414000000000000000e+03,0.000000000000000000e+00
4.427129600000000000e+07,4.179500122070312500e+02,5.236938095092773438e+01,4.851850032806396484e+00,3.004000000000000000e+03,0.000000000000000000e+00
4.427686400000000000e+07,3.381300048828125000e+02,5.235095977783203125e+01,4.913619995117187500e+00,2.621000000000000000e+03,0.000000000000000000e+00
4.429736800000000000e+07,1.454100036621093750e+02,5.238410949707031250e+01,4.873310089111328125e+00,2.048000000000000000e+03,0.000000000000000000e+00
4.430486400000000000e+07,1.648800048828125000e+02,5.236449813842773438e+01,4.860249996185302734e+00,2.556000000000000000e+03,0.000000000000000000e+00
4.431095200000000000e+07,2.602699890136718750e+02,5.235784149169921875e+01,4.895800113677978516e+00,1.563000000000000000e+03,0.000000000000000000e+00
4.431095200000000000e+07,2.534499969482421875e+02,5.235734939575195312e+01,4.897679805755615234e+00,1.622000000000000000e+03,0.000000000000000000e+00
4.431463600000000000e+07,3.410499877929687500e+02,5.239474105834960938e+01,4.904160022735595703e+00,2.601000000000000000e+03,0.000000000000000000e+00
4.433136800000000000e+07,2.184100036621093750e+02,5.230797958374023438e+01,4.962160110473632812e+00,8.413000000000000000e+03,0.000000000000000000e+00
4.433140400000000000e+07,1.308099975585937500e+02,5.236713027954101562e+01,4.930459976196289062e+00,2.406000000000000000e+03,0.000000000000000000e+00
4.435258000000000000e+07,3.186700134277343750e+02,5.236698913574218750e+01,4.888110160827636719e+00,7.600000000000000000e+02,0.000000000000000000e+00
4.435272400000000000e+07,2.836300048828125000e+02,5.236660003662109375e+01,4.887989997863769531e+00,7.970000000000000000e+02,0.000000000000000000e+00
4.435276000000000000e+07,2.592900085449218750e+02,5.236838912963867188e+01,4.889760017395019531e+00,5.710000000000000000e+02,0.000000000000000000e+00
4.435283600000000000e+07,2.456699981689453125e+02,5.236634826660156250e+01,4.888440132141113281e+00,7.980000000000000000e+02,0.000000000000000000e+00
4.435301600000000000e+07,2.476100006103515625e+02,5.237345886230468750e+01,4.940949916839599609e+00,3.063000000000000000e+03,0.000000000000000000e+00
4.436570000000000000e+07,1.493099975585937500e+02,5.236092376708984375e+01,4.898328781127929688e+00,1.231000000000000000e+03,0.000000000000000000e+00
4.436571600000000000e+07,1.531999969482421875e+02,5.236092376708984375e+01,4.898328781127929688e+00,1.231000000000000000e+03,0.000000000000000000e+00
4.436698000000000000e+07,1.590399932861328125e+02,5.233663940429687500e+01,4.848519802093505859e+00,5.072000000000000000e+03,0.000000000000000000e+00
4.436854000000000000e+07,1.259499969482421875e+02,5.238940048217773438e+01,4.878600120544433594e+00,2.273000000000000000e+03,0.000000000000000000e+00
4.437497600000000000e+07,1.405500030517578125e+02,5.236500167846679688e+01,4.873219966888427734e+00,1.720000000000000000e+03,0.000000000000000000e+00
4.437835200000000000e+07,1.989499969482421875e+02,5.237530136108398438e+01,4.848370075225830078e+00,3.249000000000000000e+03,0.000000000000000000e+00
4.438448800000000000e+07,2.661099853515625000e+02,5.237076187133789062e+01,4.877580165863037109e+00,1.250000000000000000e+03,0.000000000000000000e+00
4.438777200000000000e+07,1.201100006103515625e+02,5.238053894042968750e+01,4.891530036926269531e+00,1.006000000000000000e+03,0.000000000000000000e+00
4.439781200000000000e+07,1.210800018310546875e+02,5.238621139526367188e+01,4.891310214996337891e+00,1.622000000000000000e+03,0.000000000000000000e+00
4.439968000000000000e+07,1.716900024414062500e+02,5.237023162841796875e+01,4.881830215454101562e+00,9.730000000000000000e+02,0.000000000000000000e+00
4.441192000000000000e+07,4.515999984741210938e+01,5.238602828979492188e+01,4.919509887695312500e+00,2.244000000000000000e+03,0.000000000000000000e+00
4.442333200000000000e+07,1.288699951171875000e+02,5.240050888061523438e+01,4.902349948883056641e+00,3.211000000000000000e+03,0.000000000000000000e+00
4.442394000000000000e+07,2.661099853515625000e+02,5.235638046264648438e+01,4.898089885711669922e+00,1.732000000000000000e+03,0.000000000000000000e+00
4.442396000000000000e+07,2.573500061035156250e+02,5.235715103149414062e+01,4.897699832916259766e+00,1.644000000000000000e+03,0.000000000000000000e+00
4.442397200000000000e+07,2.680499877929687500e+02,5.235668945312500000e+01,4.899789810180664062e+00,1.712000000000000000e+03,0.000000000000000000e+00
4.444508400000000000e+07,1.444400024414062500e+02,5.237778091430664062e+01,4.843490123748779297e+00,3.617000000000000000e+03,0.000000000000000000e+00
4.444888400000000000e+07,2.661099853515625000e+02,5.239553070068359375e+01,4.906670093536376953e+00,2.728000000000000000e+03,0.000000000000000000e+00
4.445524000000000000e+07,1.113499984741210938e+02,5.239648056030273438e+01,4.992619991302490234e+00,7.111000000000000000e+03,0.000000000000000000e+00
4.445651200000000000e+07,7.727999877929687500e+01,5.236486053466796875e+01,4.866889953613281250e+00,2.119000000000000000e+03,0.000000000000000000e+00
4.445864800000000000e+07,2.914100036621093750e+02,5.236883926391601562e+01,4.868120193481445312e+00,1.916000000000000000e+03,0.000000000000000000e+00
4.448513600000000000e+07,1.288699951171875000e+02,5.231911087036132812e+01,4.979849815368652344e+00,8.184000000000000000e+03,0.000000000000000000e+00
4.449760800000000000e+07,1.853200073242187500e+02,5.236526107788085938e+01,4.940020084381103516e+00,3.085000000000000000e+03,0.000000000000000000e+00
4.449823600000000000e+07,3.936099853515625000e+02,5.236511993408203125e+01,4.882410049438476562e+00,1.186000000000000000e+03,0.000000000000000000e+00
4.451554400000000000e+07,2.408000030517578125e+02,5.236331176757812500e+01,4.925930023193359375e+00,2.251000000000000000e+03,0.000000000000000000e+00
4.452624400000000000e+07,1.648800048828125000e+02,5.236621856689453125e+01,4.849629878997802734e+00,3.204000000000000000e+03,0.000000000000000000e+00
4.452980000000000000e+07,2.777900085449218750e+02,5.235691070556640625e+01,4.899869918823242188e+00,1.688000000000000000e+03,0.000000000000000000e+00
4.454459600000000000e+07,1.940800018310546875e+02,5.235990142822265625e+01,4.887020111083984375e+00,1.464000000000000000e+03,0.000000000000000000e+00
4.454996400000000000e+07,8.701000213623046875e+01,5.236040115356445312e+01,4.935460090637207031e+00,2.975000000000000000e+03,0.000000000000000000e+00
4.455003200000000000e+07,7.936500244140625000e+02,5.239976119995117188e+01,4.893270015716552734e+00,3.103000000000000000e+03,0.000000000000000000e+00
4.456852800000000000e+07,2.962799987792968750e+02,5.237168884277343750e+01,4.888390064239501953e+00,5.100000000000000000e+02,0.000000000000000000e+00
4.457365600000000000e+07,9.187999725341796875e+01,5.232321929931640625e+01,4.880000114440917969e+00,5.520000000000000000e+03,0.000000000000000000e+00
4.458313200000000000e+07,2.768099975585937500e+02,5.234748077392578125e+01,4.903379917144775391e+00,2.762000000000000000e+03,0.000000000000000000e+00
4.458658800000000000e+07,2.709700012207031250e+02,5.237733078002929688e+01,4.894770145416259766e+00,6.090000000000000000e+02,0.000000000000000000e+00
4.458735200000000000e+07,1.016100006103515625e+02,5.237384033203125000e+01,4.864210128784179688e+00,2.162000000000000000e+03,0.000000000000000000e+00
4.459051200000000000e+07,7.630999755859375000e+01,5.236864089965820312e+01,4.866630077362060547e+00,2.020000000000000000e+03,0.000000000000000000e+00
4.460785600000000000e+07,1.016100006103515625e+02,5.234043121337890625e+01,4.907680034637451172e+00,3.589000000000000000e+03,0.000000000000000000e+00
4.465459200000000000e+07,1.025899963378906250e+02,5.235139846801757812e+01,4.910759925842285156e+00,2.493000000000000000e+03,0.000000000000000000e+00
4.467541600000000000e+07,1.600099945068359375e+02,5.236738967895507812e+01,4.911799907684326172e+00,1.190000000000000000e+03,0.000000000000000000e+00
4.467902400000000000e+07,1.055100021362304688e+02,5.242274093627929688e+01,4.895050048828125000e+00,5.654000000000000000e+03,0.000000000000000000e+00
4.469512800000000000e+07,1.600099945068359375e+02,5.237783050537109375e+01,4.896329879760742188e+00,6.600000000000000000e+02,0.000000000000000000e+00
4.473344000000000000e+07,1.600099945068359375e+02,5.237791824340820312e+01,4.896689891815185547e+00,6.710000000000000000e+02,0.000000000000000000e+00
4.488039200000000000e+07,2.339900054931640625e+02,5.236413955688476562e+01,4.982150077819824219e+00,5.919000000000000000e+03,0.000000000000000000e+00
4.488762400000000000e+07,1.308099975585937500e+02,5.238063049316406250e+01,4.859690189361572266e+00,2.643000000000000000e+03,0.000000000000000000e+00
4.494767200000000000e+07,2.690299987792968750e+02,5.238737106323242188e+01,4.874189853668212891e+00,2.265000000000000000e+03,0.000000000000000000e+00
4.495554000000000000e+07,2.476100006103515625e+02,5.235356140136718750e+01,4.939030170440673828e+00,3.569000000000000000e+03,0.000000000000000000e+00
4.498637200000000000e+07,1.794799957275390625e+02,5.236022186279296875e+01,4.912179946899414062e+00,1.705000000000000000e+03,0.000000000000000000e+00
4.499792800000000000e+07,4.189200134277343750e+02,5.237274932861328125e+01,4.863349914550781250e+00,2.212000000000000000e+03,0.000000000000000000e+00
4.504504800000000000e+07,1.746100006103515625e+02,5.235815048217773438e+01,4.856269836425781250e+00,3.095000000000000000e+03,0.000000000000000000e+00
4.504772800000000000e+07,2.038099975585937500e+02,5.235728073120117188e+01,4.855390071868896484e+00,3.195000000000000000e+03,0.000000000000000000e+00
4.505167200000000000e+07,2.738900146484375000e+02,5.235412979125976562e+01,4.878210067749023438e+00,2.312000000000000000e+03,0.000000000000000000e+00
4.505199200000000000e+07,3.206099853515625000e+02,5.235554885864257812e+01,4.877999782562255859e+00,2.187000000000000000e+03,0.000000000000000000e+00
4.505208400000000000e+07,3.576000061035156250e+02,5.235490036010742188e+01,4.877319812774658203e+00,2.272000000000000000e+03,0.000000000000000000e+00
4.505240800000000000e+07,3.712300109863281250e+02,5.235580062866210938e+01,4.876580238342285156e+00,2.219000000000000000e+03,0.000000000000000000e+00
4.505249600000000000e+07,1.843500061035156250e+02,5.237559890747070312e+01,4.883609771728515625e+00,9.300000000000000000e+02,0.000000000000000000e+00
4.505316000000000000e+07,5.464299926757812500e+02,5.237551116943359375e+01,4.884640216827392578e+00,8.630000000000000000e+02,0.000000000000000000e+00
4.505887200000000000e+07,3.936099853515625000e+02,5.235873031616210938e+01,4.797760009765625000e+00,6.823000000000000000e+03,0.000000000000000000e+00
4.506100800000000000e+07,2.505299987792968750e+02,5.236402130126953125e+01,4.889120101928710938e+00,9.900000000000000000e+02,0.000000000000000000e+00
4.506193600000000000e+07,8.701000213623046875e+01,5.235195922851562500e+01,5.005980014801025391e+00,7.797000000000000000e+03,0.000000000000000000e+00
4.507226000000000000e+07,6.656999969482421875e+01,5.236032104492187500e+01,4.878403186798095703e+00,1.752000000000000000e+03,0.000000000000000000e+00
4.509490400000000000e+07,5.298800048828125000e+02,5.237641906738281250e+01,4.884930133819580078e+00,8.980000000000000000e+02,0.000000000000000000e+00
4.510909200000000000e+07,1.191299972534179688e+02,5.236375045776367188e+01,4.897029876708984375e+00,9.090000000000000000e+02,0.000000000000000000e+00
4.511082400000000000e+07,9.675000000000000000e+01,5.236418914794921875e+01,4.897049903869628906e+00,8.610000000000000000e+02,0.000000000000000000e+00
4.519664400000000000e+07,1.989499969482421875e+02,5.239250183105468750e+01,4.915929794311523438e+00,2.664000000000000000e+03,0.000000000000000000e+00
4.521076000000000000e+07,1.016100006103515625e+02,5.237115859985351562e+01,4.947760105133056641e+00,3.522000000000000000e+03,0.000000000000000000e+00
4.523778000000000000e+07,1.016100006103515625e+02,5.236119842529296875e+01,4.989689826965332031e+00,6.478000000000000000e+03,0.000000000000000000e+00
4.526315200000000000e+07,3.021199951171875000e+02,5.235136032104492188e+01,4.886680126190185547e+00,2.368000000000000000e+03,0.000000000000000000e+00
4.526391200000000000e+07,1.989499969482421875e+02,5.235372161865234375e+01,4.892129898071289062e+00,2.037000000000000000e+03,0.000000000000000000e+00
4.528000800000000000e+07,2.028399963378906250e+02,5.235430908203125000e+01,4.898519992828369141e+00,1.964000000000000000e+03,0.000000000000000000e+00
4.531093600000000000e+07,9.675000000000000000e+01,5.236988830566406250e+01,4.979159832000732422e+00,5.657000000000000000e+03,0.000000000000000000e+00
4.531145200000000000e+07,1.901900024414062500e+02,5.237929916381835938e+01,4.875989913940429688e+00,1.582000000000000000e+03,0.000000000000000000e+00
4.532737200000000000e+07,2.446900024414062500e+02,5.236260986328125000e+01,4.861159801483154297e+00,2.575000000000000000e+03,0.000000000000000000e+00
4.534180400000000000e+07,2.184100036621093750e+02,5.235689163208007812e+01,4.938099861145019531e+00,3.316000000000000000e+03,0.000000000000000000e+00
4.535414000000000000e+07,1.639100036621093750e+02,5.236608886718750000e+01,4.882050037384033203e+00,1.141000000000000000e+03,0.000000000000000000e+00
4.535699200000000000e+07,1.600099945068359375e+02,5.236125946044921875e+01,4.900660037994384766e+00,1.226000000000000000e+03,0.000000000000000000e+00
4.535781200000000000e+07,1.259499969482421875e+02,5.236021041870117188e+01,4.934239864349365234e+00,2.910000000000000000e+03,0.000000000000000000e+00
4.536152800000000000e+07,1.804499969482421875e+02,5.239546966552734375e+01,4.904890060424804688e+00,2.691000000000000000e+03,0.000000000000000000e+00
4.536480800000000000e+07,2.700000000000000000e+02,5.238737869262695312e+01,4.876200199127197266e+00,2.180000000000000000e+03,0.000000000000000000e+00
4.536622000000000000e+07,1.210800018310546875e+02,5.236151123046875000e+01,4.842830181121826172e+00,3.784000000000000000e+03,0.000000000000000000e+00
4.537274400000000000e+07,1.940800018310546875e+02,5.235665130615234375e+01,4.854609966278076172e+00,3.276000000000000000e+03,0.000000000000000000e+00
4.537600400000000000e+07,1.882400054931640625e+02,5.235837173461914062e+01,4.910039901733398438e+00,1.784000000000000000e+03,0.000000000000000000e+00
4.537701200000000000e+07,4.500700073242187500e+02,5.234732055664062500e+01,4.830900192260742188e+00,5.192000000000000000e+03,0.000000000000000000e+00
4.537704000000000000e+07,1.970000000000000000e+02,5.234553146362304688e+01,4.830140113830566406e+00,5.342000000000000000e+03,0.000000000000000000e+00
4.537720000000000000e+07,2.067299957275390625e+02,5.234690093994140625e+01,4.831329822540283203e+00,5.192000000000000000e+03,0.000000000000000000e+00
4.537778000000000000e+07,2.505299987792968750e+02,5.234772872924804688e+01,4.830090045928955078e+00,5.215000000000000000e+03,0.000000000000000000e+00
4.537780000000000000e+07,2.553999938964843750e+02,5.234701919555664062e+01,4.831429958343505859e+00,5.179000000000000000e+03,0.000000000000000000e+00
4.539419600000000000e+07,1.444400024414062500e+02,5.240024185180664062e+01,4.922080039978027344e+00,3.618000000000000000e+03,0.000000000000000000e+00
4.542089600000000000e+07,1.794799957275390625e+02,5.236864089965820312e+01,4.862887859344482422e+00,2.270000000000000000e+03,0.000000000000000000e+00
4.542911600000000000e+07,2.670799865722656250e+02,5.235643005371093750e+01,4.855700016021728516e+00,3.226000000000000000e+03,0.000000000000000000e+00
4.545769600000000000e+07,1.016100006103515625e+02,5.236579132080078125e+01,4.935229778289794922e+00,2.755000000000000000e+03,0.000000000000000000e+00
4.546117600000000000e+07,4.422799987792968750e+02,5.236075973510742188e+01,4.924980163574218750e+00,2.331000000000000000e+03,0.000000000000000000e+00
4.546332800000000000e+07,1.619600067138671875e+02,5.235998153686523438e+01,4.892640113830566406e+00,1.343000000000000000e+03,0.000000000000000000e+00
4.546434400000000000e+07,1.376300048828125000e+02,5.236166000366210938e+01,4.891379833221435547e+00,1.179000000000000000e+03,0.000000000000000000e+00
4.546444800000000000e+07,1.678000030517578125e+02,5.235990905761718750e+01,4.890470027923583984e+00,1.383000000000000000e+03,0.000000000000000000e+00
4.546481200000000000e+07,1.454100036621093750e+02,5.236991882324218750e+01,4.857574939727783203e+00,2.611000000000000000e+03,0.000000000000000000e+00
4.546505600000000000e+07,2.096499938964843750e+02,5.238293075561523438e+01,4.913879871368408203e+00,1.730000000000000000e+03,0.000000000000000000e+00
4.548882000000000000e+07,1.794799957275390625e+02,5.237091064453125000e+01,4.906939983367919922e+00,7.580000000000000000e+02,0.000000000000000000e+00
4.552555200000000000e+07,9.772000122070312500e+01,5.235937118530273438e+01,4.881919860839843750e+00,1.686000000000000000e+03,0.000000000000000000e+00
4.552564000000000000e+07,1.201100006103515625e+02,5.235929107666015625e+01,4.882500171661376953e+00,1.671000000000000000e+03,0.000000000000000000e+00
4.552574000000000000e+07,1.317899932861328125e+02,5.235913848876953125e+01,4.882279872894287109e+00,1.694000000000000000e+03,0.000000000000000000e+00
4.553942400000000000e+07,9.772000122070312500e+01,5.238809967041015625e+01,4.914380073547363281e+00,2.195000000000000000e+03,0.000000000000000000e+00
4.553946400000000000e+07,1.473600006103515625e+02,5.238809967041015625e+01,4.914380073547363281e+00,2.195000000000000000e+03,0.000000000000000000e+00
4.553950400000000000e+07,1.395700073242187500e+02,5.238809967041015625e+01,4.914380073547363281e+00,2.195000000000000000e+03,0.000000000000000000e+00
4.553956400000000000e+07,1.687700042724609375e+02,5.238809967041015625e+01,4.914380073547363281e+00,2.195000000000000000e+03,0.000000000000000000e+00
4.553960800000000000e+07,2.670799865722656250e+02,5.238809967041015625e+01,4.914380073547363281e+00,2.195000000000000000e+03,0.000000000000000000e+00
4.553964800000000000e+07,2.174400024414062500e+02,5.238809967041015625e+01,4.914380073547363281e+00,2.195000000000000000e+03,0.000000000000000000e+00
4.553968400000000000e+07,1.531999969482421875e+02,5.238809967041015625e+01,4.914380073547363281e+00,2.195000000000000000e+03,0.000000000000000000e+00
4.553973600000000000e+07,1.853200073242187500e+02,5.238809967041015625e+01,4.914380073547363281e+00,2.195000000000000000e+03,0.000000000000000000e+00
4.553979200000000000e+07,2.524799957275390625e+02,5.238809967041015625e+01,4.914380073547363281e+00,2.195000000000000000e+03,0.000000000000000000e+00
4.553983200000000000e+07,2.096499938964843750e+02,5.238809967041015625e+01,4.914380073547363281e+00,2.195000000000000000e+03,0.000000000000000000e+00
4.553987200000000000e+07,3.215899963378906250e+02,5.238809967041015625e+01,4.914380073547363281e+00,2.195000000000000000e+03,0.000000000000000000e+00
4.553992800000000000e+07,2.690299987792968750e+02,5.238809967041015625e+01,4.914380073547363281e+00,2.195000000000000000e+03,0.000000000000000000e+00
4.558695200000000000e+07,3.858299865722656250e+02,5.237236022949218750e+01,4.906929969787597656e+00,7.510000000000000000e+02,0.000000000000000000e+00
4.558899600000000000e+07,2.962799987792968750e+02,5.236872863769531250e+01,4.888569831848144531e+00,6.100000000000000000e+02,0.000000000000000000e+00
4.558940800000000000e+07,3.614899902343750000e+02,5.237469863891601562e+01,4.906340122222900391e+00,7.740000000000000000e+02,0.000000000000000000e+00
4.558954000000000000e+07,3.527300109863281250e+02,5.237377929687500000e+01,4.905049800872802734e+00,6.550000000000000000e+02,0.000000000000000000e+00
4.558962000000000000e+07,3.099100036621093750e+02,5.237247848510742188e+01,4.905220031738281250e+00,6.360000000000000000e+02,0.000000000000000000e+00
4.558968800000000000e+07,3.313200073242187500e+02,5.237446975708007812e+01,4.907189846038818359e+00,8.180000000000000000e+02,0.000000000000000000e+00
4.558975200000000000e+07,3.858299865722656250e+02,5.237421035766601562e+01,4.906720161437988281e+00,7.780000000000000000e+02,0.000000000000000000e+00
4.558982400000000000e+07,4.928900146484375000e+02,5.237430953979492188e+01,4.905379772186279297e+00,6.970000000000000000e+02,0.000000000000000000e+00
4.558992800000000000e+07,3.712300109863281250e+02,5.237424850463867188e+01,4.907229900360107422e+00,8.120000000000000000e+02,0.000000000000000000e+00
4.559140400000000000e+07,2.466399993896484375e+02,5.237007141113281250e+01,4.875669956207275391e+00,1.388000000000000000e+03,0.000000000000000000e+00
4.560090800000000000e+07,2.846000061035156250e+02,5.236695098876953125e+01,4.860179901123046875e+00,2.487000000000000000e+03,0.000000000000000000e+00
4.561505600000000000e+07,1.434700012207031250e+02,5.236526107788085938e+01,4.859690189361572266e+00,2.567000000000000000e+03,0.000000000000000000e+00
4.561519200000000000e+07,1.347100067138671875e+02,5.236729812622070312e+01,4.859590053558349609e+00,2.518000000000000000e+03,0.000000000000000000e+00
4.561527600000000000e+07,1.434700012207031250e+02,5.236735153198242188e+01,4.861460208892822266e+00,2.392000000000000000e+03,0.000000000000000000e+00
4.561530400000000000e+07,2.154900054931640625e+02,5.236565017700195312e+01,4.861569881439208984e+00,2.432000000000000000e+03,0.000000000000000000e+00
4.561532000000000000e+07,1.386000061035156250e+02,5.236540985107421875e+01,4.859200000762939453e+00,2.594000000000000000e+03,0.000000000000000000e+00
4.563587600000000000e+07,1.298399963378906250e+02,5.235921859741210938e+01,4.925789833068847656e+00,2.471000000000000000e+03,0.000000000000000000e+00
4.564600000000000000e+07,1.094000015258789062e+02,5.235533142089843750e+01,4.890629768371582031e+00,1.877000000000000000e+03,0.000000000000000000e+00
4.564684800000000000e+07,1.181600036621093750e+02,5.235512161254882812e+01,4.889090061187744141e+00,1.922000000000000000e+03,0.000000000000000000e+00
4.566292000000000000e+07,3.206099853515625000e+02,5.236370849609375000e+01,4.884668350219726562e+00,1.188000000000000000e+03,0.000000000000000000e+00
4.566542000000000000e+07,3.439700012207031250e+02,5.236592864990234375e+01,4.884829998016357422e+00,1.003000000000000000e+03,0.000000000000000000e+00
4.568126800000000000e+07,9.772000122070312500e+01,5.238388061523437500e+01,4.787869930267333984e+00,7.453000000000000000e+03,0.000000000000000000e+00
4.569423600000000000e+07,1.113499984741210938e+02,5.237731933593750000e+01,4.881249904632568359e+00,1.163000000000000000e+03,0.000000000000000000e+00
4.569571200000000000e+07,1.619600067138671875e+02,5.236137008666992188e+01,4.892370223999023438e+00,1.195000000000000000e+03,0.000000000000000000e+00
4.574493600000000000e+07,2.106300048828125000e+02,5.236146926879882812e+01,4.891019821166992188e+00,1.206000000000000000e+03,0.000000000000000000e+00
4.574787200000000000e+07,1.434700012207031250e+02,5.237115097045898438e+01,4.884880065917968750e+00,7.530000000000000000e+02,0.000000000000000000e+00
4.576139200000000000e+07,2.641600036621093750e+02,5.237628173828125000e+01,4.849229812622070312e+00,3.205000000000000000e+03,0.000000000000000000e+00
4.576393600000000000e+07,4.127000045776367188e+01,5.239038085937500000e+01,4.881909847259521484e+00,2.264000000000000000e+03,0.000000000000000000e+00
4.582252800000000000e+07,1.035599975585937500e+02,5.237228012084960938e+01,4.923880100250244141e+00,1.900000000000000000e+03,0.000000000000000000e+00
4.582297600000000000e+07,9.383000183105468750e+01,5.234199905395507812e+01,4.805469989776611328e+00,6.983000000000000000e+03,0.000000000000000000e+00
4.583687200000000000e+07,3.692799987792968750e+02,5.236558151245117188e+01,4.911069869995117188e+00,1.247000000000000000e+03,0.000000000000000000e+00
4.583890000000000000e+07,1.833699951171875000e+02,5.237173461914062500e+01,4.899028778076171875e+00,2.130000000000000000e+02,0.000000000000000000e+00
4.584164400000000000e+07,1.746100006103515625e+02,5.237173461914062500e+01,4.899028778076171875e+00,2.130000000000000000e+02,0.000000000000000000e+00
4.585977200000000000e+07,1.502799987792968750e+02,5.241600036621093750e+01,4.885330200195312500e+00,4.956000000000000000e+03,0.000000000000000000e+00
4.588976000000000000e+07,1.551499938964843750e+02,5.237059020996093750e+01,4.906390190124511719e+00,7.270000000000000000e+02,0.000000000000000000e+00
4.589100000000000000e+07,5.882800292968750000e+02,5.237601852416992188e+01,4.896999835968017578e+00,4.640000000000000000e+02,0.000000000000000000e+00
4.594943600000000000e+07,2.086799926757812500e+02,5.237643051147460938e+01,4.861660003662109375e+00,2.378000000000000000e+03,0.000000000000000000e+00
4.595400000000000000e+07,1.746100006103515625e+02,5.237174987792968750e+01,4.880020141601562500e+00,1.078000000000000000e+03,0.000000000000000000e+00
4.596671600000000000e+07,1.210800018310546875e+02,5.238665008544921875e+01,4.923059940338134766e+00,2.468000000000000000e+03,0.000000000000000000e+00
4.598172000000000000e+07,1.055100021362304688e+02,5.236936187744140625e+01,4.905879974365234375e+00,7.340000000000000000e+02,0.000000000000000000e+00
4.598210800000000000e+07,1.113499984741210938e+02,5.237057113647460938e+01,4.905940055847167969e+00,6.970000000000000000e+02,0.000000000000000000e+00
4.598252400000000000e+07,1.405500030517578125e+02,5.237091064453125000e+01,4.905660152435302734e+00,6.720000000000000000e+02,0.000000000000000000e+00
4.598525200000000000e+07,2.339900054931640625e+02,5.237168884277343750e+01,4.894880771636962891e+00,7.300000000000000000e+01,0.000000000000000000e+00
4.599898000000000000e+07,7.338999938964843750e+01,5.236922836303710938e+01,4.906040191650390625e+00,7.500000000000000000e+02,0.000000000000000000e+00
4.599935200000000000e+07,8.604000091552734375e+01,5.237007904052734375e+01,4.907780170440673828e+00,8.320000000000000000e+02,0.000000000000000000e+00
4.604633600000000000e+07,3.449500122070312500e+02,5.238193130493164062e+01,4.885340213775634766e+00,1.326000000000000000e+03,0.000000000000000000e+00
4.604791600000000000e+07,2.232799987792968750e+02,5.235636901855468750e+01,4.918389797210693359e+00,2.305000000000000000e+03,0.000000000000000000e+00
4.611577600000000000e+07,7.825000000000000000e+01,5.236764907836914062e+01,4.880489826202392578e+00,1.148000000000000000e+03,0.000000000000000000e+00
4.613628000000000000e+07,1.064800033569335938e+02,5.235026931762695312e+01,4.891709804534912109e+00,2.422000000000000000e+03,0.000000000000000000e+00
4.615968800000000000e+07,2.661099853515625000e+02,5.235221862792968750e+01,4.891839981079101562e+00,2.206000000000000000e+03,0.000000000000000000e+00
4.618500000000000000e+07,4.471499938964843750e+02,5.234328079223632812e+01,5.009749889373779297e+00,8.361000000000000000e+03,0.000000000000000000e+00
4.625449600000000000e+07,1.765599975585937500e+02,5.236669158935546875e+01,4.884230136871337891e+00,9.810000000000000000e+02,0.000000000000000000e+00
4.627317600000000000e+07,4.280000209808349609e+00,5.234125137329101562e+01,4.875496387481689453e+00,3.679000000000000000e+03,0.000000000000000000e+00
4.627373600000000000e+07,4.280000209808349609e+00,5.236144638061523438e+01,4.905932426452636719e+00,1.347000000000000000e+03,0.000000000000000000e+00
4.629376000000000000e+07,2.855700073242187500e+02,5.236820983886718750e+01,4.882740020751953125e+00,9.830000000000000000e+02,0.000000000000000000e+00
4.632799600000000000e+07,7.436000061035156250e+01,5.235591888427734375e+01,4.998370170593261719e+00,7.181000000000000000e+03,0.000000000000000000e+00
4.634572400000000000e+07,1.424900054931640625e+02,5.236286163330078125e+01,4.919990062713623047e+00,1.920000000000000000e+03,0.000000000000000000e+00
4.634610400000000000e+07,1.531999969482421875e+02,5.236051940917968750e+01,4.909460067749023438e+00,1.565000000000000000e+03,0.000000000000000000e+00
4.634616800000000000e+07,1.531999969482421875e+02,5.236090087890625000e+01,4.909430027008056641e+00,1.530000000000000000e+03,0.000000000000000000e+00
4.634656000000000000e+07,1.541699981689453125e+02,5.237042999267578125e+01,4.890200138092041016e+00,4.200000000000000000e+02,0.000000000000000000e+00
4.634681600000000000e+07,1.317899932861328125e+02,5.236680984497070312e+01,4.886020183563232422e+00,8.780000000000000000e+02,0.000000000000000000e+00
4.634706400000000000e+07,1.823999938964843750e+02,5.236706924438476562e+01,4.885600090026855469e+00,8.820000000000000000e+02,0.000000000000000000e+00
4.634764400000000000e+07,1.531999969482421875e+02,5.236605072021484375e+01,4.885910034179687500e+00,9.400000000000000000e+02,0.000000000000000000e+00
4.634779600000000000e+07,1.531999969482421875e+02,5.236772155761718750e+01,4.884260177612304688e+00,9.170000000000000000e+02,0.000000000000000000e+00
4.634803600000000000e+07,1.162099990844726562e+02,5.236722183227539062e+01,4.895309925079345703e+00,5.220000000000000000e+02,0.000000000000000000e+00
4.634818000000000000e+07,1.162099990844726562e+02,5.236729049682617188e+01,4.893899917602539062e+00,5.300000000000000000e+02,0.000000000000000000e+00
4.636896000000000000e+07,2.154900054931640625e+02,5.236571121215820312e+01,4.860670089721679688e+00,2.489000000000000000e+03,0.000000000000000000e+00
4.636907600000000000e+07,2.846000061035156250e+02,5.236698150634765625e+01,4.858570098876953125e+00,2.593000000000000000e+03,0.000000000000000000e+00
4.636916800000000000e+07,1.386000061035156250e+02,5.236666107177734375e+01,4.858630180358886719e+00,2.596000000000000000e+03,0.000000000000000000e+00
4.636923600000000000e+07,1.434700012207031250e+02,5.236508178710937500e+01,4.860370159149169922e+00,2.529000000000000000e+03,0.000000000000000000e+00
4.636928800000000000e+07,1.434700012207031250e+02,5.236574172973632812e+01,4.860589981079101562e+00,2.493000000000000000e+03,0.000000000000000000e+00
4.637424800000000000e+07,2.476100006103515625e+02,5.236397171020507812e+01,4.910329818725585938e+00,1.318000000000000000e+03,0.000000000000000000e+00
4.638996800000000000e+07,1.405500030517578125e+02,5.234946823120117188e+01,4.888339996337890625e+00,2.546000000000000000e+03,0.000000000000000000e+00
4.640382400000000000e+07,2.622099914550781250e+02,5.238026809692382812e+01,4.852069854736328125e+00,3.117000000000000000e+03,0.000000000000000000e+00
4.646512800000000000e+07,3.157500000000000000e+02,5.237394714355468750e+01,4.847940921783447266e+00,3.264000000000000000e+03,0.000000000000000000e+00
4.647863600000000000e+07,3.439700012207031250e+02,5.237567901611328125e+01,4.845580101013183594e+00,3.442000000000000000e+03,0.000000000000000000e+00
4.649860400000000000e+07,1.259499969482421875e+02,5.237509918212890625e+01,4.857429981231689453e+00,2.636000000000000000e+03,0.000000000000000000e+00
4.650218000000000000e+07,1.901900024414062500e+02,5.237428283691406250e+01,4.901813983917236328e+00,4.810000000000000000e+02,0.000000000000000000e+00
4.650242400000000000e+07,1.911600036621093750e+02,5.235684967041015625e+01,4.856929779052734375e+00,3.131000000000000000e+03,0.000000000000000000e+00
4.652144800000000000e+07,2.067299957275390625e+02,5.235699844360351562e+01,4.856190204620361328e+00,3.165000000000000000e+03,0.000000000000000000e+00
4.656148000000000000e+07,2.476100006103515625e+02,5.236045074462890625e+01,4.865369796752929688e+00,2.433000000000000000e+03,0.000000000000000000e+00
4.659196000000000000e+07,2.067299957275390625e+02,5.237599182128906250e+01,4.845119953155517578e+00,3.477000000000000000e+03,0.000000000000000000e+00
4.659198400000000000e+07,2.203600006103515625e+02,5.237794876098632812e+01,4.843579769134521484e+00,3.615000000000000000e+03,0.000000000000000000e+00
4.659200400000000000e+07,3.566300048828125000e+02,5.237575149536132812e+01,4.845230102539062500e+00,3.466000000000000000e+03,0.000000000000000000e+00
4.659204800000000000e+07,3.906900024414062500e+02,5.237636184692382812e+01,4.843560218811035156e+00,3.588000000000000000e+03,0.000000000000000000e+00
4.659207200000000000e+07,4.169700012207031250e+02,5.237580108642578125e+01,4.845389842987060547e+00,3.456000000000000000e+03,0.000000000000000000e+00
4.659212800000000000e+07,6.564099731445312500e+02,5.237775039672851562e+01,4.845650196075439453e+00,3.473000000000000000e+03,0.000000000000000000e+00
4.659214400000000000e+07,6.028800048828125000e+02,5.237751007080078125e+01,4.845409870147705078e+00,3.484000000000000000e+03,0.000000000000000000e+00
4.659219200000000000e+07,7.926799926757812500e+02,5.237765884399414062e+01,4.845280170440673828e+00,3.495000000000000000e+03,0.000000000000000000e+00
4.660727200000000000e+07,1.648800048828125000e+02,5.236528015136718750e+01,4.865149974822998047e+00,2.214000000000000000e+03,0.000000000000000000e+00
4.661566800000000000e+07,1.989499969482421875e+02,5.238248825073242188e+01,4.873139858245849609e+00,1.943000000000000000e+03,0.000000000000000000e+00
4.663190800000000000e+07,2.164700012207031250e+02,5.237160873413085938e+01,4.880179882049560547e+00,1.068000000000000000e+03,0.000000000000000000e+00
4.663505600000000000e+07,3.449500122070312500e+02,5.236083984375000000e+01,4.895420074462890625e+00,1.230000000000000000e+03,0.000000000000000000e+00
4.666838800000000000e+07,3.936099853515625000e+02,5.236346817016601562e+01,4.854209899902343750e+00,2.982000000000000000e+03,0.000000000000000000e+00
4.670180400000000000e+07,1.210800018310546875e+02,5.238288879394531250e+01,4.884309768676757812e+00,1.453000000000000000e+03,0.000000000000000000e+00
4.670562400000000000e+07,3.157500000000000000e+02,5.236722183227539062e+01,4.871210098266601562e+00,1.755000000000000000e+03,0.000000000000000000e+00
4.671876000000000000e+07,1.210800018310546875e+02,5.242166900634765625e+01,4.896329879760742188e+00,5.534000000000000000e+03,0.000000000000000000e+00
4.674576000000000000e+07,1.746100006103515625e+02,5.239561080932617188e+01,4.904789924621582031e+00,2.705000000000000000e+03,0.000000000000000000e+00
4.677372800000000000e+07,1.502799987792968750e+02,5.237424087524414062e+01,4.868480205535888672e+00,1.880000000000000000e+03,0.000000000000000000e+00
4.679616400000000000e+07,1.269199981689453125e+02,5.238344955444335938e+01,4.878190040588378906e+00,1.759000000000000000e+03,0.000000000000000000e+00
4.683630000000000000e+07,5.295000076293945312e+01,5.237039184570312500e+01,4.908830165863037109e+00,8.940000000000000000e+02,0.000000000000000000e+00
4.686282800000000000e+07,1.765599975585937500e+02,5.236725997924804688e+01,4.875909805297851562e+00,1.452000000000000000e+03,0.000000000000000000e+00
4.691112000000000000e+07,3.936099853515625000e+02,5.235628128051757812e+01,4.903890132904052734e+00,1.819000000000000000e+03,0.000000000000000000e+00
4.695375200000000000e+07,1.940800018310546875e+02,5.236103820800781250e+01,4.893599987030029297e+00,1.218000000000000000e+03,0.000000000000000000e+00
4.700274400000000000e+07,1.064800033569335938e+02,5.236130142211914062e+01,4.863279819488525391e+00,2.509000000000000000e+03,0.000000000000000000e+00
4.701735600000000000e+07,2.953099975585937500e+02,5.236486816406250000e+01,4.907450199127197266e+00,1.107000000000000000e+03,0.000000000000000000e+00
4.701738400000000000e+07,2.164700012207031250e+02,5.236315155029296875e+01,4.907489776611328125e+00,1.251000000000000000e+03,0.000000000000000000e+00
4.711076800000000000e+07,4.280000209808349609e+00,5.235558319091796875e+01,4.887072086334228516e+00,1.911000000000000000e+03,0.000000000000000000e+00
4.713004400000000000e+07,1.249700012207031250e+02,5.238446044921875000e+01,4.873680114746093750e+00,2.056000000000000000e+03,0.000000000000000000e+00
4.735218000000000000e+07,1.911600036621093750e+02,5.239430999755859375e+01,4.877709865570068359e+00,2.781000000000000000e+03,0.000000000000000000e+00
4.740489200000000000e+07,9.766400146484375000e+02,5.237446975708007812e+01,4.905910015106201172e+00,7.370000000000000000e+02,0.000000000000000000e+00
4.741688000000000000e+07,3.303500061035156250e+02,5.236140823364257812e+01,4.925350189208984375e+00,2.315000000000000000e+03,0.000000000000000000e+00
4.746904800000000000e+07,4.062699890136718750e+02,5.240605926513671875e+01,4.934589862823486328e+00,4.618000000000000000e+03,0.000000000000000000e+00
4.746916000000000000e+07,3.449500122070312500e+02,5.236267089843750000e+01,4.861599922180175781e+00,2.545000000000000000e+03,0.000000000000000000e+00
4.757314000000000000e+07,2.466399993896484375e+02,5.236381912231445312e+01,4.906789779663085938e+00,1.164000000000000000e+03,0.000000000000000000e+00
4.757370000000000000e+07,2.661099853515625000e+02,5.236315155029296875e+01,4.907790184020996094e+00,1.264000000000000000e+03,0.000000000000000000e+00
4.770990800000000000e+07,2.252299957275390625e+02,5.239448165893554688e+01,4.876289844512939453e+00,2.842000000000000000e+03,0.000000000000000000e+00
4.772824800000000000e+07,1.016100006103515625e+02,5.238288879394531250e+01,4.886229991912841797e+00,1.387000000000000000e+03,0.000000000000000000e+00
4.781006400000000000e+07,2.846000061035156250e+02,5.235186004638671875e+01,4.884309768676757812e+00,2.363000000000000000e+03,0.000000000000000000e+00
4.781007200000000000e+07,3.235299987792968750e+02,5.235371017456054688e+01,4.882810115814208984e+00,2.209000000000000000e+03,0.000000000000000000e+00
4.781008800000000000e+07,3.624700012207031250e+02,5.235187911987304688e+01,4.883409976959228516e+00,2.382000000000000000e+03,0.000000000000000000e+00
4.781144800000000000e+07,4.422799987792968750e+02,5.238471984863281250e+01,4.871359825134277344e+00,2.193000000000000000e+03,0.000000000000000000e+00
4.783953200000000000e+07,2.583200073242187500e+02,5.236479187011718750e+01,4.904580116271972656e+00,9.860000000000000000e+02,0.000000000000000000e+00
4.788246000000000000e+07,3.128299865722656250e+02,5.235472869873046875e+01,4.882400035858154297e+00,2.118000000000000000e+03,0.000000000000000000e+00
4.789917200000000000e+07,2.534499969482421875e+02,5.236131286621093750e+01,4.898549079895019531e+00,1.191000000000000000e+03,0.000000000000000000e+00
4.791708000000000000e+07,2.700000000000000000e+02,5.236857986450195312e+01,4.887119770050048828e+00,7.010000000000000000e+02,0.000000000000000000e+00
4.795889200000000000e+07,2.164700012207031250e+02,5.234963989257812500e+01,4.846459865570068359e+00,4.171000000000000000e+03,0.000000000000000000e+00
4.798906800000000000e+07,1.940800018310546875e+02,5.236333847045898438e+01,4.904890060424804688e+00,1.131000000000000000e+03,0.000000000000000000e+00
4.800443200000000000e+07,2.378800048828125000e+02,5.236682128906250000e+01,4.883880138397216797e+00,9.920000000000000000e+02,0.000000000000000000e+00
4.800471200000000000e+07,3.751199951171875000e+02,5.236893081665039062e+01,4.884689807891845703e+00,8.300000000000000000e+02,0.000000000000000000e+00
4.800484800000000000e+07,1.950500030517578125e+02,5.236964035034179688e+01,4.880229949951171875e+00,1.093000000000000000e+03,0.000000000000000000e+00
4.800487200000000000e+07,2.271699981689453125e+02,5.237889862060546875e+01,4.883780002593994141e+00,1.133000000000000000e+03,0.000000000000000000e+00
4.800492400000000000e+07,3.760899963378906250e+02,5.237118148803710938e+01,4.882860183715820312e+00,8.890000000000000000e+02,0.000000000000000000e+00
4.800500400000000000e+07,2.164700012207031250e+02,5.236154937744140625e+01,4.880640029907226562e+00,1.548000000000000000e+03,0.000000000000000000e+00
4.800511600000000000e+07,3.858299865722656250e+02,5.235712051391601562e+01,4.890979766845703125e+00,1.677000000000000000e+03,0.000000000000000000e+00
4.800804800000000000e+07,1.765599975585937500e+02,5.235707855224609375e+01,4.891129970550537109e+00,1.679000000000000000e+03,0.000000000000000000e+00
4.800809200000000000e+07,1.950500030517578125e+02,5.235589981079101562e+01,4.889480113983154297e+00,1.832000000000000000e+03,0.000000000000000000e+00
4.800812400000000000e+07,2.271699981689453125e+02,5.235774993896484375e+01,4.889450073242187500e+00,1.633000000000000000e+03,0.000000000000000000e+00
4.800814400000000000e+07,2.184100036621093750e+02,5.235712051391601562e+01,4.890910148620605469e+00,1.678000000000000000e+03,0.000000000000000000e+00
4.802868000000000000e+07,1.454100036621093750e+02,5.238631820678710938e+01,4.889999866485595703e+00,1.653000000000000000e+03,0.000000000000000000e+00
4.803696000000000000e+07,2.164700012207031250e+02,5.237590026855468750e+01,4.877349853515625000e+00,1.336000000000000000e+03,0.000000000000000000e+00
4.803718400000000000e+07,3.537099914550781250e+02,5.237744140625000000e+01,4.877180099487304688e+00,1.412000000000000000e+03,0.000000000000000000e+00
4.803728800000000000e+07,1.843500061035156250e+02,5.237786865234375000e+01,4.875579833984375000e+00,1.531000000000000000e+03,0.000000000000000000e+00
4.803730400000000000e+07,2.164700012207031250e+02,5.237559127807617188e+01,4.875669956207275391e+00,1.433000000000000000e+03,0.000000000000000000e+00
4.803788800000000000e+07,2.086799926757812500e+02,5.235816955566406250e+01,4.900690078735351562e+00,1.561000000000000000e+03,0.000000000000000000e+00
4.803790000000000000e+07,1.658500061035156250e+02,5.235797119140625000e+01,4.900919914245605469e+00,1.586000000000000000e+03,0.000000000000000000e+00
4.803791600000000000e+07,3.352099914550781250e+02,5.235839843750000000e+01,4.902810096740722656e+00,1.573000000000000000e+03,0.000000000000000000e+00
4.806602400000000000e+07,1.979700012207031250e+02,5.235490036010742188e+01,4.900740146636962891e+00,1.918000000000000000e+03,0.000000000000000000e+00
4.812762400000000000e+07,2.388500061035156250e+02,5.236009979248046875e+01,4.881929874420166016e+00,1.619000000000000000e+03,0.000000000000000000e+00
4.812763200000000000e+07,3.021199951171875000e+02,5.236009979248046875e+01,4.881929874420166016e+00,1.619000000000000000e+03,0.000000000000000000e+00
4.812764400000000000e+07,2.388500061035156250e+02,5.236009979248046875e+01,4.881929874420166016e+00,1.619000000000000000e+03,0.000000000000000000e+00
4.812765600000000000e+07,3.021199951171875000e+02,5.236009979248046875e+01,4.881929874420166016e+00,1.619000000000000000e+03,0.000000000000000000e+00
4.812766400000000000e+07,3.653900146484375000e+02,5.236009979248046875e+01,4.881929874420166016e+00,1.619000000000000000e+03,0.000000000000000000e+00
4.812766800000000000e+07,2.534499969482421875e+02,5.236009979248046875e+01,4.881929874420166016e+00,1.619000000000000000e+03,0.000000000000000000e+00
4.812771200000000000e+07,3.955599975585937500e+02,5.237887954711914062e+01,4.892169952392578125e+00,8.160000000000000000e+02,0.000000000000000000e+00
4.812771600000000000e+07,3.400799865722656250e+02,5.237887954711914062e+01,4.892169952392578125e+00,8.160000000000000000e+02,0.000000000000000000e+00
4.812771600000000000e+07,3.040700073242187500e+02,5.237887954711914062e+01,4.892169952392578125e+00,8.160000000000000000e+02,0.000000000000000000e+00
4.812772800000000000e+07,2.573500061035156250e+02,5.237887954711914062e+01,4.892169952392578125e+00,8.160000000000000000e+02,0.000000000000000000e+00
4.812773200000000000e+07,2.758399963378906250e+02,5.237887954711914062e+01,4.892169952392578125e+00,8.160000000000000000e+02,0.000000000000000000e+00
4.813225600000000000e+07,1.064800033569335938e+02,5.239730834960937500e+01,4.883749961853027344e+00,2.943000000000000000e+03,0.000000000000000000e+00
4.815367200000000000e+07,1.502799987792968750e+02,5.238291168212890625e+01,4.872109889984130859e+00,2.027000000000000000e+03,0.000000000000000000e+00
4.820292000000000000e+07,2.232799987792968750e+02,5.237628173828125000e+01,4.860400199890136719e+00,2.459000000000000000e+03,0.000000000000000000e+00
4.822098000000000000e+07,2.485899963378906250e+02,5.236869049072265625e+01,4.887949943542480469e+00,6.470000000000000000e+02,0.000000000000000000e+00
4.830562000000000000e+07,1.006399993896484375e+02,5.237113952636718750e+01,4.901390075683593750e+00,3.820000000000000000e+02,0.000000000000000000e+00
4.830643600000000000e+07,1.551499938964843750e+02,5.237496948242187500e+01,4.881130218505859375e+00,1.059000000000000000e+03,0.000000000000000000e+00
4.834285600000000000e+07,3.254800109863281250e+02,5.241048812866210938e+01,4.906599998474121094e+00,4.352000000000000000e+03,0.000000000000000000e+00
4.836237600000000000e+07,3.906900024414062500e+02,5.236103820800781250e+01,4.874919891357421875e+00,1.867000000000000000e+03,0.000000000000000000e+00
4.851486400000000000e+07,1.687700042724609375e+02,5.238528823852539062e+01,4.954949855804443359e+00,4.276000000000000000e+03,0.000000000000000000e+00
4.855936800000000000e+07,1.463899993896484375e+02,5.236272048950195312e+01,4.899310111999511719e+00,1.047000000000000000e+03,0.000000000000000000e+00
4.856749600000000000e+07,1.249700012207031250e+02,5.237388992309570312e+01,4.873239994049072266e+00,1.554000000000000000e+03,0.000000000000000000e+00
4.857956800000000000e+07,1.639100036621093750e+02,5.237722015380859375e+01,4.888639926910400391e+00,7.700000000000000000e+02,0.000000000000000000e+00
4.858377600000000000e+07,3.887500000000000000e+02,5.238079071044921875e+01,4.873710155487060547e+00,1.802000000000000000e+03,0.000000000000000000e+00
4.858557600000000000e+07,1.444400024414062500e+02,5.237841033935546875e+01,4.889830112457275391e+00,8.330000000000000000e+02,0.000000000000000000e+00
4.859812800000000000e+07,2.524799957275390625e+02,5.235083007812500000e+01,4.919229984283447266e+00,2.828000000000000000e+03,0.000000000000000000e+00
4.862085200000000000e+07,1.064800033569335938e+02,5.232627105712890625e+01,4.864620208740234375e+00,5.500000000000000000e+03,0.000000000000000000e+00
4.862532000000000000e+07,8.408999633789062500e+01,5.238167953491210938e+01,4.885459899902343750e+00,1.298000000000000000e+03,0.000000000000000000e+00
4.863563200000000000e+07,1.405500030517578125e+02,5.234968185424804688e+01,4.830339908599853516e+00,5.091000000000000000e+03,0.000000000000000000e+00
4.863618400000000000e+07,3.303500061035156250e+02,5.237611007690429688e+01,4.820740222930908203e+00,5.124000000000000000e+03,0.000000000000000000e+00
4.866876800000000000e+07,2.826499938964843750e+02,5.235216903686523438e+01,4.921529769897460938e+00,2.800000000000000000e+03,0.000000000000000000e+00
4.866890000000000000e+07,2.622099914550781250e+02,5.235200119018554688e+01,4.921189785003662109e+00,2.801000000000000000e+03,0.000000000000000000e+00
4.866895600000000000e+07,2.524799957275390625e+02,5.235031127929687500e+01,4.919380187988281250e+00,2.882000000000000000e+03,0.000000000000000000e+00
4.869772000000000000e+07,6.365000152587890625e+01,5.236200332641601562e+01,4.797711849212646484e+00,6.757000000000000000e+03,0.000000000000000000e+00
4.870818400000000000e+07,1.395700073242187500e+02,5.236442947387695312e+01,4.934669971466064453e+00,2.760000000000000000e+03,0.000000000000000000e+00
4.871475600000000000e+07,7.727999877929687500e+01,5.235591125488281250e+01,4.918129920959472656e+00,2.332000000000000000e+03,0.000000000000000000e+00
4.877836800000000000e+07,2.184100036621093750e+02,5.232806015014648438e+01,4.977169990539550781e+00,7.364000000000000000e+03,0.000000000000000000e+00
4.881844000000000000e+07,1.123199996948242188e+02,5.237231063842773438e+01,4.857480049133300781e+00,2.609000000000000000e+03,0.000000000000000000e+00
4.884148400000000000e+07,2.719500122070312500e+02,5.237532043457031250e+01,4.889510154724121094e+00,5.770000000000000000e+02,0.000000000000000000e+00
4.884275200000000000e+07,1.035599975585937500e+02,5.235942840576171875e+01,4.891560077667236328e+00,1.418000000000000000e+03,0.000000000000000000e+00
4.884295200000000000e+07,1.025899963378906250e+02,5.235934829711914062e+01,4.892730236053466797e+00,1.412000000000000000e+03,0.000000000000000000e+00
4.887530000000000000e+07,2.719500122070312500e+02,5.237733840942382812e+01,4.890830039978027344e+00,6.960000000000000000e+02,0.000000000000000000e+00
4.887568000000000000e+07,1.006399993896484375e+02,5.237635040283203125e+01,4.860620021820068359e+00,2.446000000000000000e+03,0.000000000000000000e+00
4.893552400000000000e+07,1.999199981689453125e+02,5.237435150146484375e+01,4.862810134887695312e+00,2.263000000000000000e+03,0.000000000000000000e+00
4.894566400000000000e+07,1.308099975585937500e+02,5.234487152099609375e+01,4.898829936981201172e+00,3.012000000000000000e+03,0.000000000000000000e+00
4.894753600000000000e+07,3.313200073242187500e+02,5.237615966796875000e+01,4.891099929809570312e+00,5.750000000000000000e+02,0.000000000000000000e+00
4.894940000000000000e+07,2.086799926757812500e+02,5.239448165893554688e+01,4.876359939575195312e+00,2.840000000000000000e+03,0.000000000000000000e+00
4.894941600000000000e+07,2.145200042724609375e+02,5.239403152465820312e+01,4.877409934997558594e+00,2.763000000000000000e+03,0.000000000000000000e+00
4.898511200000000000e+07,2.962799987792968750e+02,5.237660980224609375e+01,4.873859882354736328e+00,1.585000000000000000e+03,0.000000000000000000e+00
4.898564000000000000e+07,6.268000030517578125e+01,5.238069915771484375e+01,4.870389938354492188e+00,1.989000000000000000e+03,0.000000000000000000e+00
4.900837200000000000e+07,1.502799987792968750e+02,5.239202880859375000e+01,4.931039810180664062e+00,3.271000000000000000e+03,0.000000000000000000e+00
4.904201200000000000e+07,1.016100006103515625e+02,5.235372924804687500e+01,4.887149810791015625e+00,2.106000000000000000e+03,0.000000000000000000e+00
4.905121600000000000e+07,5.873099975585937500e+02,5.236592864990234375e+01,4.900420188903808594e+00,7.310000000000000000e+02,0.000000000000000000e+00
4.905170400000000000e+07,7.727999877929687500e+01,5.236207962036132812e+01,4.844910144805908203e+00,3.630000000000000000e+03,0.000000000000000000e+00
4.905211600000000000e+07,7.241000366210937500e+01,5.236373901367187500e+01,4.844910144805908203e+00,3.579000000000000000e+03,0.000000000000000000e+00
4.905222400000000000e+07,4.617500000000000000e+02,5.240285873413085938e+01,4.929500102996826172e+00,4.129000000000000000e+03,0.000000000000000000e+00
4.906795200000000000e+07,1.113499984741210938e+02,5.238008117675781250e+01,4.846250057220458984e+00,3.491000000000000000e+03,0.000000000000000000e+00
4.908536800000000000e+07,1.697500000000000000e+02,5.237220001220703125e+01,4.899260044097900391e+00,2.310000000000000000e+02,0.000000000000000000e+00
4.911946000000000000e+07,2.261999969482421875e+02,5.237466049194335938e+01,4.880549907684326172e+00,1.086000000000000000e+03,0.000000000000000000e+00
4.912009600000000000e+07,2.476100006103515625e+02,5.239025878906250000e+01,4.994540214538574219e+00,6.999000000000000000e+03,0.000000000000000000e+00
4.912859200000000000e+07,1.016100006103515625e+02,5.235364913940429688e+01,4.887300014495849609e+00,2.112000000000000000e+03,0.000000000000000000e+00
4.915644800000000000e+07,1.405500030517578125e+02,5.236056137084960938e+01,4.854290008544921875e+00,3.094000000000000000e+03,0.000000000000000000e+00
4.916147200000000000e+07,2.962799987792968750e+02,5.234257125854492188e+01,4.863009929656982422e+00,3.953000000000000000e+03,0.000000000000000000e+00
4.916534400000000000e+07,1.103700027465820312e+02,5.234030151367187500e+01,4.919330120086669922e+00,3.857000000000000000e+03,0.000000000000000000e+00
4.917052400000000000e+07,9.869000244140625000e+01,5.237757873535156250e+01,4.892210006713867188e+00,6.790000000000000000e+02,0.000000000000000000e+00
4.919386400000000000e+07,1.551499938964843750e+02,5.234627914428710938e+01,4.898960113525390625e+00,2.856000000000000000e+03,0.000000000000000000e+00
4.920772800000000000e+07,2.086799926757812500e+02,5.236227798461914062e+01,4.892758846282958984e+00,1.091000000000000000e+03,0.000000000000000000e+00
4.925733600000000000e+07,3.449500122070312500e+02,5.237221145629882812e+01,4.877220153808593750e+00,1.269000000000000000e+03,0.000000000000000000e+00
4.926476400000000000e+07,9.187999725341796875e+01,5.235311126708984375e+01,4.925670146942138672e+00,2.907000000000000000e+03,0.000000000000000000e+00
4.931561600000000000e+07,1.016100006103515625e+02,5.235591125488281250e+01,4.900139808654785156e+00,1.801000000000000000e+03,0.000000000000000000e+00
4.931885600000000000e+07,1.356799926757812500e+02,5.241704177856445312e+01,4.900109767913818359e+00,5.028000000000000000e+03,0.000000000000000000e+00
4.934236800000000000e+07,6.268000030517578125e+01,5.236632919311523438e+01,4.857150077819824219e+00,2.703000000000000000e+03,0.000000000000000000e+00
4.935776000000000000e+07,2.232799987792968750e+02,5.235401153564453125e+01,4.865200042724609375e+00,2.881000000000000000e+03,0.000000000000000000e+00
4.936082800000000000e+07,3.060100097656250000e+02,5.238446044921875000e+01,4.838140010833740234e+00,4.162000000000000000e+03,0.000000000000000000e+00
4.937583200000000000e+07,2.398300018310546875e+02,5.237675857543945312e+01,4.894559860229492188e+00,5.480000000000000000e+02,0.000000000000000000e+00
4.943402000000000000e+07,1.989499969482421875e+02,5.235961151123046875e+01,4.858459949493408203e+00,2.886000000000000000e+03,0.000000000000000000e+00
4.946668400000000000e+07,2.252299957275390625e+02,5.235987091064453125e+01,4.878739833831787109e+00,1.774000000000000000e+03,0.000000000000000000e+00
4.947330800000000000e+07,2.524799957275390625e+02,5.237876129150390625e+01,4.892630100250244141e+00,7.950000000000000000e+02,0.000000000000000000e+00
4.947344400000000000e+07,1.444400024414062500e+02,5.235358810424804688e+01,4.995759963989257812e+00,7.080000000000000000e+03,0.000000000000000000e+00
4.947347600000000000e+07,2.904400024414062500e+02,5.237673187255859375e+01,4.893700122833251953e+00,5.580000000000000000e+02,0.000000000000000000e+00
4.947355600000000000e+07,2.398300018310546875e+02,5.237879943847656250e+01,4.894100189208984375e+00,7.770000000000000000e+02,0.000000000000000000e+00
4.947361200000000000e+07,2.524799957275390625e+02,5.237815856933593750e+01,4.894269943237304688e+00,7.050000000000000000e+02,0.000000000000000000e+00
4.947371600000000000e+07,2.904400024414062500e+02,5.237847137451171875e+01,4.892640113830566406e+00,7.640000000000000000e+02,0.000000000000000000e+00
4.947377600000000000e+07,3.527300109863281250e+02,5.237678146362304688e+01,4.894559860229492188e+00,5.510000000000000000e+02,0.000000000000000000e+00
4.947505200000000000e+07,1.843500061035156250e+02,5.236684036254882812e+01,4.915639877319335938e+00,1.453000000000000000e+03,0.000000000000000000e+00
4.947860000000000000e+07,1.590399932861328125e+02,5.235712051391601562e+01,5.000939846038818359e+00,7.319000000000000000e+03,0.000000000000000000e+00
4.948460000000000000e+07,2.495599975585937500e+02,5.236072158813476562e+01,4.876570224761962891e+00,1.808000000000000000e+03,0.000000000000000000e+00
4.948467600000000000e+07,2.583200073242187500e+02,5.235913085937500000e+01,4.878159999847412109e+00,1.862000000000000000e+03,0.000000000000000000e+00
4.948472000000000000e+07,2.291199951171875000e+02,5.235926055908203125e+01,4.878469944000244141e+00,1.837000000000000000e+03,0.000000000000000000e+00
4.948475200000000000e+07,4.062699890136718750e+02,5.235924911499023438e+01,4.876850128173828125e+00,1.911000000000000000e+03,0.000000000000000000e+00
4.949300000000000000e+07,3.167200012207031250e+02,5.236378097534179688e+01,4.876299858093261719e+00,1.608000000000000000e+03,0.000000000000000000e+00
4.949632000000000000e+07,2.281499938964843750e+02,5.235905838012695312e+01,4.878809928894042969e+00,1.840000000000000000e+03,0.000000000000000000e+00
4.950888800000000000e+07,1.055100021362304688e+02,5.236500930786132812e+01,4.861010074615478516e+00,2.490000000000000000e+03,0.000000000000000000e+00
4.951330800000000000e+07,1.356799926757812500e+02,5.236180877685546875e+01,4.888329982757568359e+00,1.234000000000000000e+03,0.000000000000000000e+00
4.953643200000000000e+07,1.648800048828125000e+02,5.236400985717773438e+01,4.866640090942382812e+00,2.172000000000000000e+03,0.000000000000000000e+00
4.956010800000000000e+07,1.366499938964843750e+02,5.235292816162109375e+01,4.901790142059326172e+00,2.147000000000000000e+03,0.000000000000000000e+00
4.959284400000000000e+07,2.476100006103515625e+02,5.235940933227539062e+01,4.878399848937988281e+00,1.828000000000000000e+03,0.000000000000000000e+00
4.960417600000000000e+07,2.855700073242187500e+02,5.236120986938476562e+01,4.903530120849609375e+00,1.297000000000000000e+03,0.000000000000000000e+00
4.960478000000000000e+07,1.308099975585937500e+02,5.237550354003906250e+01,4.882843971252441406e+00,9.730000000000000000e+02,0.000000000000000000e+00
4.960702400000000000e+07,1.639100036621093750e+02,5.236463165283203125e+01,4.871689796447753906e+00,1.832000000000000000e+03,0.000000000000000000e+00
4.968126400000000000e+07,2.047899932861328125e+02,5.236544036865234375e+01,4.892469882965087891e+00,7.550000000000000000e+02,0.000000000000000000e+00
4.968865600000000000e+07,1.084300003051757812e+02,5.234706115722656250e+01,4.861470222473144531e+00,3.619000000000000000e+03,0.000000000000000000e+00
4.969827600000000000e+07,9.675000000000000000e+01,5.236212158203125000e+01,4.902309894561767578e+00,1.171000000000000000e+03,0.000000000000000000e+00
4.970014000000000000e+07,2.106300048828125000e+02,5.235755157470703125e+01,4.861889839172363281e+00,2.807000000000000000e+03,0.000000000000000000e+00
4.971192800000000000e+07,2.408000030517578125e+02,5.237492370605468750e+01,4.879498004913330078e+00,1.163000000000000000e+03,0.000000000000000000e+00
4.972036400000000000e+07,1.327599945068359375e+02,5.237583160400390625e+01,4.881929874420166016e+00,1.044000000000000000e+03,0.000000000000000000e+00
4.972568000000000000e+07,3.128299865722656250e+02,5.235573959350585938e+01,4.911839962005615234e+00,2.098000000000000000e+03,0.000000000000000000e+00
4.973995600000000000e+07,1.843500061035156250e+02,5.235802841186523438e+01,4.931270122528076172e+00,2.854000000000000000e+03,0.000000000000000000e+00
4.976912800000000000e+07,2.476100006103515625e+02,5.238054656982421875e+01,4.877464771270751953e+00,1.578000000000000000e+03,0.000000000000000000e+00
4.977210400000000000e+07,1.678000030517578125e+02,5.237371063232421875e+01,4.859799861907958984e+00,2.459000000000000000e+03,0.000000000000000000e+00
4.978839200000000000e+07,2.106300048828125000e+02,5.234230041503906250e+01,4.907869815826416016e+00,3.390000000000000000e+03,0.000000000000000000e+00
4.978870400000000000e+07,1.794799957275390625e+02,5.235747146606445312e+01,4.856080055236816406e+00,3.144000000000000000e+03,0.000000000000000000e+00
4.982052400000000000e+07,1.590399932861328125e+02,5.238460922241210938e+01,4.895410060882568359e+00,1.414000000000000000e+03,0.000000000000000000e+00
4.982127600000000000e+07,2.077100067138671875e+02,5.237668991088867188e+01,4.893050193786621094e+00,5.670000000000000000e+02,0.000000000000000000e+00
4.983334400000000000e+07,1.454100036621093750e+02,5.238822174072265625e+01,4.926499843597412109e+00,2.758000000000000000e+03,0.000000000000000000e+00
4.983372800000000000e+07,6.559999847412109375e+01,5.235145187377929688e+01,5.014780044555664062e+00,8.387000000000000000e+03,0.000000000000000000e+00
4.983385600000000000e+07,1.424900054931640625e+02,5.238394165039062500e+01,4.893660068511962891e+00,1.348000000000000000e+03,0.000000000000000000e+00
4.983436000000000000e+07,1.979700012207031250e+02,5.241780090332031250e+01,4.899479866027832031e+00,5.110000000000000000e+03,0.000000000000000000e+00
4.984344800000000000e+07,1.678000030517578125e+02,5.238402938842773438e+01,4.893410205841064453e+00,1.359000000000000000e+03,0.000000000000000000e+00
4.984487600000000000e+07,2.476100006103515625e+02,5.238394165039062500e+01,4.852489948272705078e+00,3.237000000000000000e+03,0.000000000000000000e+00
4.984692800000000000e+07,1.697500000000000000e+02,5.237789916992187500e+01,4.846290111541748047e+00,3.433000000000000000e+03,0.000000000000000000e+00
4.985238000000000000e+07,1.502799987792968750e+02,5.237827301025390625e+01,4.858683109283447266e+00,2.624000000000000000e+03,0.000000000000000000e+00
4.986750000000000000e+07,1.395700073242187500e+02,5.237099838256835938e+01,4.887030124664306641e+00,6.100000000000000000e+02,0.000000000000000000e+00
4.987487600000000000e+07,4.023699951171875000e+02,5.237633895874023438e+01,4.860330104827880859e+00,2.465000000000000000e+03,0.000000000000000000e+00
4.988059600000000000e+07,1.989499969482421875e+02,5.238351058959960938e+01,4.880549907684326172e+00,1.659000000000000000e+03,0.000000000000000000e+00
4.988088000000000000e+07,1.405500030517578125e+02,5.235351181030273438e+01,4.916540145874023438e+00,2.479000000000000000e+03,0.000000000000000000e+00
4.988226400000000000e+07,9.187999725341796875e+01,5.235070037841796875e+01,4.917930126190185547e+00,2.792000000000000000e+03,0.000000000000000000e+00
4.988228800000000000e+07,1.016100006103515625e+02,5.237012100219726562e+01,4.931920051574707031e+00,2.453000000000000000e+03,0.000000000000000000e+00
4.989242000000000000e+07,1.502799987792968750e+02,5.236648941040039062e+01,4.854469776153564453e+00,2.876000000000000000e+03,0.000000000000000000e+00
4.989843200000000000e+07,1.064800033569335938e+02,5.238121032714843750e+01,4.869900226593017578e+00,2.046000000000000000e+03,0.000000000000000000e+00
4.990464000000000000e+07,3.712300109863281250e+02,5.236606979370117188e+01,4.892310142517089844e+00,6.920000000000000000e+02,0.000000000000000000e+00
4.991799200000000000e+07,1.746100006103515625e+02,5.239002990722656250e+01,4.882850170135498047e+00,2.202000000000000000e+03,0.000000000000000000e+00
4.994002000000000000e+07,1.999199981689453125e+02,5.235831832885742188e+01,4.929619789123535156e+00,2.743000000000000000e+03,0.000000000000000000e+00
4.994010000000000000e+07,2.116000061035156250e+02,5.235646820068359375e+01,4.931320190429687500e+00,2.954000000000000000e+03,0.000000000000000000e+00
4.994020000000000000e+07,2.242500000000000000e+02,5.235673904418945312e+01,4.929669857025146484e+00,2.846000000000000000e+03,0.000000000000000000e+00
4.994027200000000000e+07,2.894700012207031250e+02,5.235874176025390625e+01,4.930140018463134766e+00,2.747000000000000000e+03,0.000000000000000000e+00
4.994033600000000000e+07,2.300899963378906250e+02,5.235829162597656250e+01,4.931489944458007812e+00,2.851000000000000000e+03,0.000000000000000000e+00
4.994040800000000000e+07,2.446900024414062500e+02,5.235717010498046875e+01,4.929220199584960938e+00,2.793000000000000000e+03,0.000000000000000000e+00
4.994479600000000000e+07,1.892100067138671875e+02,5.238153076171875000e+01,4.851650238037109375e+00,3.189000000000000000e+03,0.000000000000000000e+00
4.996316800000000000e+07,1.132900009155273438e+02,5.236754989624023438e+01,4.873579978942871094e+00,1.591000000000000000e+03,0.000000000000000000e+00
5.002198000000000000e+07,9.091000366210937500e+01,5.238502883911132812e+01,4.879220008850097656e+00,1.848000000000000000e+03,0.000000000000000000e+00
5.002799200000000000e+07,2.378800048828125000e+02,5.235245132446289062e+01,4.941979885101318359e+00,3.804000000000000000e+03,0.000000000000000000e+00
5.002836000000000000e+07,9.187999725341796875e+01,5.237168884277343750e+01,4.863860130310058594e+00,2.175000000000000000e+03,0.000000000000000000e+00
5.006808000000000000e+07,7.047000122070312500e+01,5.236931991577148438e+01,4.867040157318115234e+00,1.980000000000000000e+03,0.000000000000000000e+00
5.006879200000000000e+07,1.152399978637695312e+02,5.239896011352539062e+01,4.903009891510009766e+00,3.048000000000000000e+03,0.000000000000000000e+00
5.007676800000000000e+07,1.210800018310546875e+02,5.236922073364257812e+01,4.874390125274658203e+00,1.490000000000000000e+03,0.000000000000000000e+00
5.007843200000000000e+07,2.816799926757812500e+02,5.237369155883789062e+01,4.856289863586425781e+00,2.696000000000000000e+03,0.000000000000000000e+00
5.007980000000000000e+07,1.308099975585937500e+02,5.236951065063476562e+01,4.874450206756591797e+00,1.480000000000000000e+03,0.000000000000000000e+00
5.008164800000000000e+07,2.378800048828125000e+02,5.237776947021484375e+01,4.887619972229003906e+00,8.610000000000000000e+02,0.000000000000000000e+00
5.011611600000000000e+07,1.979700012207031250e+02,5.235324859619140625e+01,4.935359954833984375e+00,3.388000000000000000e+03,0.000000000000000000e+00
5.011622400000000000e+07,1.746100006103515625e+02,5.236145401000976562e+01,4.865254878997802734e+00,2.383000000000000000e+03,0.000000000000000000e+00
5.012342400000000000e+07,1.016100006103515625e+02,5.238650131225585938e+01,4.875850200653076172e+00,2.119000000000000000e+03,0.000000000000000000e+00
5.012601600000000000e+07,9.187999725341796875e+01,5.234360122680664062e+01,4.822640419006347656e+00,5.887000000000000000e+03,0.000000000000000000e+00
5.013318400000000000e+07,2.962799987792968750e+02,5.236341857910156250e+01,4.884490013122558594e+00,1.220000000000000000e+03,0.000000000000000000e+00
5.013512800000000000e+07,1.551499938964843750e+02,5.237356567382812500e+01,4.903822898864746094e+00,5.690000000000000000e+02,0.000000000000000000e+00
5.015092800000000000e+07,1.356799926757812500e+02,5.236132049560546875e+01,4.859399795532226562e+00,2.743000000000000000e+03,0.000000000000000000e+00
5.016162000000000000e+07,1.794799957275390625e+02,5.235757064819335938e+01,4.899809837341308594e+00,1.615000000000000000e+03,0.000000000000000000e+00
5.016412800000000000e+07,3.069899902343750000e+02,5.236164855957031250e+01,4.914330005645751953e+00,1.693000000000000000e+03,0.000000000000000000e+00
5.016472000000000000e+07,1.016100006103515625e+02,5.238864135742187500e+01,4.885169982910156250e+00,1.999000000000000000e+03,0.000000000000000000e+00
5.016598400000000000e+07,1.210800018310546875e+02,5.238858032226562500e+01,4.885449886322021484e+00,1.986000000000000000e+03,0.000000000000000000e+00
5.016624800000000000e+07,1.201100006103515625e+02,5.237981033325195312e+01,4.849870204925537109e+00,3.246000000000000000e+03,0.000000000000000000e+00
5.016765200000000000e+07,2.271699981689453125e+02,5.236220169067382812e+01,4.937990188598632812e+00,3.054000000000000000e+03,0.000000000000000000e+00
5.018093200000000000e+07,1.697500000000000000e+02,5.235165023803710938e+01,4.900010108947753906e+00,2.269000000000000000e+03,0.000000000000000000e+00
5.018833600000000000e+07,1.794799957275390625e+02,5.237012863159179688e+01,4.878920078277587891e+00,1.169000000000000000e+03,0.000000000000000000e+00
5.018841600000000000e+07,2.622099914550781250e+02,5.237044906616210938e+01,4.879079818725585938e+00,1.153000000000000000e+03,0.000000000000000000e+00
5.019334800000000000e+07,2.154900054931640625e+02,5.236600875854492188e+01,4.880780220031738281e+00,1.218000000000000000e+03,0.000000000000000000e+00
5.019379600000000000e+07,1.794799957275390625e+02,5.237060165405273438e+01,4.880330085754394531e+00,1.067000000000000000e+03,0.000000000000000000e+00
5.022433200000000000e+07,3.206099853515625000e+02,5.240063095092773438e+01,4.908269882202148438e+00,3.303000000000000000e+03,0.000000000000000000e+00
5.023554800000000000e+07,1.843500061035156250e+02,5.236772918701171875e+01,4.874169826507568359e+00,1.546000000000000000e+03,0.000000000000000000e+00
5.023615600000000000e+07,1.746100006103515625e+02,5.237641143798828125e+01,4.890779972076416016e+00,6.100000000000000000e+02,0.000000000000000000e+00
5.024264800000000000e+07,1.697500000000000000e+02,5.236835861206054688e+01,4.852059841156005859e+00,3.002000000000000000e+03,0.000000000000000000e+00
5.024396800000000000e+07,1.434700012207031250e+02,5.237055969238281250e+01,4.883349895477294922e+00,8.650000000000000000e+02,0.000000000000000000e+00
5.025440800000000000e+07,1.629299926757812500e+02,5.238481903076171875e+01,4.919270038604736328e+00,2.140000000000000000e+03,0.000000000000000000e+00
5.025960400000000000e+07,1.502799987792968750e+02,5.235042953491210938e+01,4.915780067443847656e+00,2.743000000000000000e+03,0.000000000000000000e+00
5.027179600000000000e+07,9.776099853515625000e+02,5.236488342285156250e+01,4.880225181579589844e+00,1.319000000000000000e+03,0.000000000000000000e+00
5.027397200000000000e+07,1.308099975585937500e+02,5.234408187866210938e+01,4.826779842376708984e+00,5.621000000000000000e+03,0.000000000000000000e+00
5.032166400000000000e+07,1.999199981689453125e+02,5.235285949707031250e+01,4.933549880981445312e+00,3.319000000000000000e+03,0.000000000000000000e+00
5.032443200000000000e+07,3.176900024414062500e+02,5.234952163696289062e+01,4.878260135650634766e+00,2.762000000000000000e+03,0.000000000000000000e+00
5.032562800000000000e+07,3.936099853515625000e+02,5.234999847412109375e+01,4.887519836425781250e+00,2.501000000000000000e+03,0.000000000000000000e+00
5.033550800000000000e+07,2.437200012207031250e+02,5.235264968872070312e+01,4.898349761962890625e+00,2.147000000000000000e+03,0.000000000000000000e+00
5.034134400000000000e+07,4.705100097656250000e+02,5.235261917114257812e+01,4.993659973144531250e+00,6.976000000000000000e+03,0.000000000000000000e+00
5.034145600000000000e+07,8.701000213623046875e+01,5.235632705688476562e+01,4.889801025390625000e+00,1.780000000000000000e+03,0.000000000000000000e+00
5.034210800000000000e+07,1.999199981689453125e+02,5.237543106079101562e+01,4.896120071411132812e+00,3.930000000000000000e+02,0.000000000000000000e+00
5.034211600000000000e+07,1.862899932861328125e+02,5.237343978881835938e+01,4.896160125732421875e+00,1.720000000000000000e+02,0.000000000000000000e+00
5.035183200000000000e+07,1.940800018310546875e+02,5.236088943481445312e+01,4.855649948120117188e+00,2.994000000000000000e+03,0.000000000000000000e+00
5.035334800000000000e+07,9.966999816894531250e+01,5.237277984619140625e+01,4.864120006561279297e+00,2.160000000000000000e+03,0.000000000000000000e+00
5.036158400000000000e+07,1.746100006103515625e+02,5.235438919067382812e+01,4.904170036315917969e+00,2.026000000000000000e+03,0.000000000000000000e+00
5.036904000000000000e+07,2.923900146484375000e+02,5.235049819946289062e+01,4.891590118408203125e+00,2.398000000000000000e+03,0.000000000000000000e+00
5.036912000000000000e+07,9.091000366210937500e+01,5.238166046142578125e+01,4.869579792022705078e+00,2.091000000000000000e+03,0.000000000000000000e+00
5.037084800000000000e+07,1.940800018310546875e+02,5.236074066162109375e+01,4.863379955291748047e+00,2.533000000000000000e+03,0.000000000000000000e+00
5.037103600000000000e+07,1.405500030517578125e+02,5.237675094604492188e+01,4.942460060119628906e+00,3.206000000000000000e+03,0.000000000000000000e+00
5.037228000000000000e+07,1.016100006103515625e+02,5.236315155029296875e+01,4.933596134185791016e+00,2.738000000000000000e+03,0.000000000000000000e+00
5.038384800000000000e+07,1.347100067138671875e+02,5.235831069946289062e+01,4.803349971771240234e+00,6.463000000000000000e+03,0.000000000000000000e+00
5.039433600000000000e+07,1.210800018310546875e+02,5.238512039184570312e+01,4.867000102996826172e+00,2.451000000000000000e+03,0.000000000000000000e+00
5.039646000000000000e+07,1.940800018310546875e+02,5.238591003417968750e+01,4.878359794616699219e+00,1.961000000000000000e+03,0.000000000000000000e+00
5.039758400000000000e+07,1.746100006103515625e+02,5.229280090332031250e+01,4.992539882659912109e+00,1.097600000000000000e+04,0.000000000000000000e+00
5.039844800000000000e+07,1.775299987792968750e+02,5.237924957275390625e+01,4.850379943847656250e+00,3.196000000000000000e+03,0.000000000000000000e+00
5.040518400000000000e+07,2.476100006103515625e+02,5.236906051635742188e+01,4.928390026092529297e+00,2.228000000000000000e+03,0.000000000000000000e+00
5.040928000000000000e+07,1.911600036621093750e+02,5.237128829956054688e+01,4.885950088500976562e+00,6.790000000000000000e+02,0.000000000000000000e+00
5.041645200000000000e+07,3.206099853515625000e+02,5.235972976684570312e+01,4.877840042114257812e+00,1.826000000000000000e+03,0.000000000000000000e+00
5.041778400000000000e+07,1.210800018310546875e+02,5.234577178955078125e+01,4.847620010375976562e+00,4.381000000000000000e+03,0.000000000000000000e+00
5.043564000000000000e+07,1.395700073242187500e+02,5.232218170166015625e+01,4.881999969482421875e+00,5.608000000000000000e+03,0.000000000000000000e+00
5.043907200000000000e+07,1.395700073242187500e+02,5.236230087280273438e+01,4.910289764404296875e+00,1.447000000000000000e+03,0.000000000000000000e+00
5.045198800000000000e+07,1.278899993896484375e+02,5.236022949218750000e+01,4.804759979248046875e+00,6.323000000000000000e+03,0.000000000000000000e+00
5.045218000000000000e+07,1.473600006103515625e+02,5.236008071899414062e+01,4.804850101470947266e+00,6.320000000000000000e+03,0.000000000000000000e+00
5.045228400000000000e+07,2.077100067138671875e+02,5.235987091064453125e+01,4.804880142211914062e+00,6.323000000000000000e+03,0.000000000000000000e+00
5.045236800000000000e+07,2.349600067138671875e+02,5.235895919799804688e+01,4.803130149841308594e+00,6.461000000000000000e+03,0.000000000000000000e+00
5.045701200000000000e+07,2.719500122070312500e+02,5.236323165893554688e+01,4.844399929046630859e+00,3.627000000000000000e+03,0.000000000000000000e+00
5.045705600000000000e+07,1.210800018310546875e+02,5.236399841308593750e+01,4.939449787139892578e+00,3.085000000000000000e+03,0.000000000000000000e+00
5.045948400000000000e+07,1.794799957275390625e+02,5.236381912231445312e+01,4.873410224914550781e+00,1.772000000000000000e+03,0.000000000000000000e+00
5.045991600000000000e+07,1.395700073242187500e+02,5.232236099243164062e+01,4.881639957427978516e+00,5.593000000000000000e+03,0.000000000000000000e+00
5.046139200000000000e+07,6.369400024414062500e+02,5.235712814331054688e+01,4.890749931335449219e+00,1.679000000000000000e+03,0.000000000000000000e+00
5.046913600000000000e+07,1.016100006103515625e+02,5.234233093261718750e+01,4.908987998962402344e+00,3.406000000000000000e+03,0.000000000000000000e+00
5.047405200000000000e+07,9.776099853515625000e+02,5.236488342285156250e+01,4.880225181579589844e+00,1.319000000000000000e+03,0.000000000000000000e+00
5.047939200000000000e+07,7.144000244140625000e+01,5.236278915405273438e+01,4.910459995269775391e+00,1.415000000000000000e+03,0.000000000000000000e+00
5.051064800000000000e+07,1.940800018310546875e+02,5.241788864135742188e+01,4.900370121002197266e+00,5.123000000000000000e+03,0.000000000000000000e+00
5.051198400000000000e+07,7.241000366210937500e+01,5.237388992309570312e+01,4.821569919586181641e+00,5.051000000000000000e+03,0.000000000000000000e+00
5.051586000000000000e+07,1.308099975585937500e+02,5.235947036743164062e+01,4.914480209350585938e+00,1.871000000000000000e+03,0.000000000000000000e+00
5.052075600000000000e+07,3.021199951171875000e+02,5.239068984985351562e+01,4.876719951629638672e+00,2.462000000000000000e+03,0.000000000000000000e+00
5.052156400000000000e+07,9.776099853515625000e+02,5.236488342285156250e+01,4.880225181579589844e+00,1.319000000000000000e+03,0.000000000000000000e+00
5.052186800000000000e+07,3.449500122070312500e+02,5.236600112915039062e+01,4.876319885253906250e+00,1.482000000000000000e+03,0.000000000000000000e+00
5.052263600000000000e+07,2.466399993896484375e+02,5.234868621826171875e+01,4.783513069152832031e+00,8.056000000000000000e+03,0.000000000000000000e+00
5.053476800000000000e+07,2.388500061035156250e+02,5.236899185180664062e+01,4.878829956054687500e+00,1.203000000000000000e+03,0.000000000000000000e+00
5.053714000000000000e+07,2.476100006103515625e+02,5.234283828735351562e+01,4.891749858856201172e+00,3.244000000000000000e+03,0.000000000000000000e+00
5.054363200000000000e+07,9.776099853515625000e+02,5.236602020263671875e+01,4.881040096282958984e+00,1.202000000000000000e+03,0.000000000000000000e+00
5.054376400000000000e+07,9.776099853515625000e+02,5.236587905883789062e+01,4.881010055541992188e+00,1.212000000000000000e+03,0.000000000000000000e+00
5.054390000000000000e+07,9.776099853515625000e+02,5.236389923095703125e+01,4.880549907684326172e+00,1.370000000000000000e+03,0.000000000000000000e+00
5.054463200000000000e+07,7.241000366210937500e+01,5.237554168701171875e+01,4.821360111236572266e+00,5.076000000000000000e+03,0.000000000000000000e+00
5.055710400000000000e+07,1.317899932861328125e+02,5.234648895263671875e+01,4.863059997558593750e+00,3.599000000000000000e+03,0.000000000000000000e+00
5.056386800000000000e+07,8.215000152587890625e+01,5.236220169067382812e+01,4.838980197906494141e+00,4.012000000000000000e+03,0.000000000000000000e+00
5.056459200000000000e+07,3.712300109863281250e+02,5.237923431396484375e+01,4.890297889709472656e+00,9.000000000000000000e+02,0.000000000000000000e+00
5.056820000000000000e+07,1.045299987792968750e+02,5.238375091552734375e+01,4.870369911193847656e+00,2.177000000000000000e+03,0.000000000000000000e+00
5.058633200000000000e+07,8.215000152587890625e+01,5.235253906250000000e+01,4.905720233917236328e+00,2.254000000000000000e+03,0.000000000000000000e+00
5.058651200000000000e+07,1.113499984741210938e+02,5.238034057617187500e+01,4.856349945068359375e+00,2.844000000000000000e+03,0.000000000000000000e+00
5.059649200000000000e+07,2.427500000000000000e+02,5.239281845092773438e+01,4.912620067596435547e+00,2.588000000000000000e+03,0.000000000000000000e+00
5.060405200000000000e+07,3.449500122070312500e+02,5.236124038696289062e+01,4.864570140838623047e+00,2.435000000000000000e+03,0.000000000000000000e+00
5.060531200000000000e+07,1.989499969482421875e+02,5.237440872192382812e+01,4.878009796142578125e+00,1.246000000000000000e+03,0.000000000000000000e+00
5.060886400000000000e+07,2.232799987792968750e+02,5.235379028320312500e+01,4.928319931030273438e+00,2.983000000000000000e+03,0.000000000000000000e+00
5.061362400000000000e+07,5.415599975585937500e+02,5.238087081909179688e+01,4.781159877777099609e+00,7.852000000000000000e+03,0.000000000000000000e+00
5.062556800000000000e+07,1.502799987792968750e+02,5.236114120483398438e+01,4.862959861755371094e+00,2.536000000000000000e+03,0.000000000000000000e+00
5.063008800000000000e+07,1.502799987792968750e+02,5.234592819213867188e+01,4.908710002899169922e+00,3.016000000000000000e+03,0.000000000000000000e+00
5.063120800000000000e+07,1.016100006103515625e+02,5.235514068603515625e+01,4.872590065002441406e+00,2.445000000000000000e+03,0.000000000000000000e+00
5.063624400000000000e+07,1.502799987792968750e+02,5.235416030883789062e+01,4.848770141601562500e+00,3.759000000000000000e+03,0.000000000000000000e+00
5.064600000000000000e+07,1.123199996948242188e+02,5.235190963745117188e+01,4.855000019073486328e+00,3.557000000000000000e+03,0.000000000000000000e+00
5.064850400000000000e+07,8.701000213623046875e+01,5.238372802734375000e+01,4.835394859313964844e+00,4.313000000000000000e+03,0.000000000000000000e+00
5.065021200000000000e+07,1.989499969482421875e+02,5.234505844116210938e+01,4.911509990692138672e+00,3.167000000000000000e+03,0.000000000000000000e+00
5.065031600000000000e+07,2.962799987792968750e+02,5.236043167114257812e+01,4.866620063781738281e+00,2.362000000000000000e+03,0.000000000000000000e+00
5.065377600000000000e+07,9.675000000000000000e+01,5.238317871093750000e+01,4.914879798889160156e+00,1.798000000000000000e+03,0.000000000000000000e+00
5.066476800000000000e+07,2.067299957275390625e+02,5.238294982910156250e+01,4.888730049133300781e+00,1.322000000000000000e+03,0.000000000000000000e+00
5.066622800000000000e+07,1.892100067138671875e+02,5.235945129394531250e+01,4.861790180206298828e+00,2.698000000000000000e+03,0.000000000000000000e+00
5.066768800000000000e+07,4.422799987792968750e+02,5.237891006469726562e+01,4.972050189971923828e+00,5.228000000000000000e+03,0.000000000000000000e+00
5.066934400000000000e+07,1.989499969482421875e+02,5.236819839477539062e+01,4.862269878387451172e+00,2.320000000000000000e+03,0.000000000000000000e+00
5.067351600000000000e+07,1.347100067138671875e+02,5.235049819946289062e+01,4.939519882202148438e+00,3.799000000000000000e+03,0.000000000000000000e+00
5.068912000000000000e+07,1.775299987792968750e+02,5.238162994384765625e+01,4.890339851379394531e+00,1.146000000000000000e+03,0.000000000000000000e+00
5.069455200000000000e+07,3.050400085449218750e+02,5.238124847412109375e+01,4.782390117645263672e+00,7.775000000000000000e+03,0.000000000000000000e+00
5.069548400000000000e+07,1.931100006103515625e+02,5.238045883178710938e+01,4.782720088958740234e+00,7.742000000000000000e+03,0.000000000000000000e+00
5.069864800000000000e+07,3.887500000000000000e+02,5.235383605957031250e+01,4.862288951873779297e+00,3.040000000000000000e+03,0.000000000000000000e+00
5.071362000000000000e+07,2.962799987792968750e+02,5.237963867187500000e+01,4.881929874420166016e+00,1.281000000000000000e+03,0.000000000000000000e+00
5.071848000000000000e+07,2.193899993896484375e+02,5.236499023437500000e+01,4.893040180206298828e+00,7.920000000000000000e+02,0.000000000000000000e+00
5.072576000000000000e+07,1.493099975585937500e+02,5.235350036621093750e+01,4.900650024414062500e+00,2.071000000000000000e+03,0.000000000000000000e+00
5.073936800000000000e+07,3.478699951171875000e+02,5.238119125366210938e+01,4.778870105743408203e+00,8.011000000000000000e+03,0.000000000000000000e+00
5.074299200000000000e+07,2.466399993896484375e+02,5.238224029541015625e+01,4.782649993896484375e+00,7.773000000000000000e+03,0.000000000000000000e+00
5.074385600000000000e+07,4.335199890136718750e+02,5.238233947753906250e+01,4.782629966735839844e+00,7.776000000000000000e+03,0.000000000000000000e+00
5.074956400000000000e+07,1.454100036621093750e+02,5.237331008911132812e+01,4.857500076293945312e+00,2.612000000000000000e+03,0.000000000000000000e+00
5.076023200000000000e+07,1.502799987792968750e+02,5.236497879028320312e+01,4.862349987030029297e+00,2.404000000000000000e+03,0.000000000000000000e+00
5.077003200000000000e+07,8.408999633789062500e+01,5.236484909057617188e+01,4.863420009613037109e+00,2.340000000000000000e+03,0.000000000000000000e+00
5.079273200000000000e+07,4.899700012207031250e+02,5.236048889160156250e+01,4.909319877624511719e+00,1.562000000000000000e+03,0.000000000000000000e+00
5.080057600000000000e+07,8.215000152587890625e+01,5.235181045532226562e+01,4.906919956207275391e+00,2.356000000000000000e+03,0.000000000000000000e+00
5.080612000000000000e+07,1.259499969482421875e+02,5.237905883789062500e+01,4.858109951019287109e+00,2.686000000000000000e+03,0.000000000000000000e+00
5.081572000000000000e+07,1.502799987792968750e+02,5.237602996826171875e+01,4.858610153198242188e+00,2.573000000000000000e+03,0.000000000000000000e+00
5.082029600000000000e+07,9.675000000000000000e+01,5.238399887084960938e+01,4.872759819030761719e+00,2.068000000000000000e+03,0.000000000000000000e+00
5.082139200000000000e+07,9.675000000000000000e+01,5.234063339233398438e+01,4.848580837249755859e+00,4.734000000000000000e+03,0.000000000000000000e+00
5.082456000000000000e+07,1.940800018310546875e+02,5.236014938354492188e+01,4.927999973297119141e+00,2.541000000000000000e+03,0.000000000000000000e+00
5.083730000000000000e+07,1.454100036621093750e+02,5.238890838623046875e+01,4.961659908294677734e+00,4.848000000000000000e+03,0.000000000000000000e+00
5.083730400000000000e+07,1.113499984741210938e+02,5.237684249877929688e+01,4.844638824462890625e+00,3.523000000000000000e+03,0.000000000000000000e+00
5.083861600000000000e+07,1.999199981689453125e+02,5.235277938842773438e+01,5.006730079650878906e+00,7.820000000000000000e+03,0.000000000000000000e+00
5.084032400000000000e+07,2.719500122070312500e+02,5.236259078979492188e+01,4.858650207519531250e+00,2.733000000000000000e+03,0.000000000000000000e+00
5.084057200000000000e+07,2.476100006103515625e+02,5.238201904296875000e+01,4.873950004577636719e+00,1.867000000000000000e+03,0.000000000000000000e+00
5.084095600000000000e+07,2.417700042724609375e+02,5.237075042724609375e+01,4.873370170593261719e+00,1.535000000000000000e+03,0.000000000000000000e+00
5.084405200000000000e+07,1.405500030517578125e+02,5.235321044921875000e+01,4.846159934997558594e+00,3.966000000000000000e+03,0.000000000000000000e+00
5.084416000000000000e+07,7.727999877929687500e+01,5.238164901733398438e+01,4.876450061798095703e+00,1.708000000000000000e+03,0.000000000000000000e+00
5.084850400000000000e+07,8.312000274658203125e+01,5.238222885131835938e+01,4.849050045013427734e+00,3.381000000000000000e+03,0.000000000000000000e+00
5.086144000000000000e+07,4.422799987792968750e+02,5.235752487182617188e+01,4.889266967773437500e+00,1.661000000000000000e+03,0.000000000000000000e+00
5.086229200000000000e+07,1.395700073242187500e+02,5.232236862182617188e+01,4.880340099334716797e+00,5.608000000000000000e+03,0.000000000000000000e+00
5.086246400000000000e+07,1.395700073242187500e+02,5.232233810424804688e+01,4.881979942321777344e+00,5.591000000000000000e+03,0.000000000000000000e+00
5.088495600000000000e+07,8.841699829101562500e+02,5.239900588989257812e+01,4.894822120666503906e+00,3.015000000000000000e+03,0.000000000000000000e+00
5.088602400000000000e+07,1.210800018310546875e+02,5.237277984619140625e+01,4.875010013580322266e+00,1.422000000000000000e+03,0.000000000000000000e+00
5.089488000000000000e+07,3.663599853515625000e+02,5.236162185668945312e+01,4.850689888000488281e+00,3.275000000000000000e+03,0.000000000000000000e+00
5.090370000000000000e+07,1.979700012207031250e+02,5.239368057250976562e+01,4.905069828033447266e+00,2.501000000000000000e+03,0.000000000000000000e+00
5.092487200000000000e+07,1.016100006103515625e+02,5.235260009765625000e+01,4.880939960479736328e+00,2.374000000000000000e+03,0.000000000000000000e+00
5.092822400000000000e+07,2.962799987792968750e+02,5.237253189086914062e+01,4.880929946899414062e+00,1.019000000000000000e+03,0.000000000000000000e+00
5.094887200000000000e+07,2.962799987792968750e+02,5.236267089843750000e+01,4.905260086059570312e+00,1.207000000000000000e+03,0.000000000000000000e+00
5.096735600000000000e+07,2.466399993896484375e+02,5.236376953125000000e+01,4.855519771575927734e+00,2.887000000000000000e+03,0.000000000000000000e+00
5.096750400000000000e+07,2.116000061035156250e+02,5.236399841308593750e+01,4.863070011138916016e+00,2.396000000000000000e+03,0.000000000000000000e+00
5.096813200000000000e+07,1.337299957275390625e+02,5.236946868896484375e+01,4.849009990692138672e+00,3.195000000000000000e+03,0.000000000000000000e+00
5.097628000000000000e+07,1.639100036621093750e+02,5.232601928710937500e+01,4.948780059814453125e+00,6.239000000000000000e+03,0.000000000000000000e+00
5.098663200000000000e+07,2.193899993896484375e+02,5.235869979858398438e+01,4.835199832916259766e+00,4.375000000000000000e+03,0.000000000000000000e+00
5.098762800000000000e+07,1.989499969482421875e+02,5.235166931152343750e+01,4.891439914703369141e+00,2.270000000000000000e+03,0.000000000000000000e+00
5.099676800000000000e+07,8.312000274658203125e+01,5.237154006958007812e+01,4.852429866790771484e+00,2.951000000000000000e+03,0.000000000000000000e+00
5.099780400000000000e+07,4.033500061035156250e+02,5.236420822143554688e+01,4.854040145874023438e+00,2.968000000000000000e+03,0.000000000000000000e+00
5.101172000000000000e+07,1.308099975585937500e+02,5.235562896728515625e+01,4.890960216522216797e+00,1.840000000000000000e+03,0.000000000000000000e+00
5.101537200000000000e+07,2.184100036621093750e+02,5.238922882080078125e+01,4.880879878997802734e+00,2.180000000000000000e+03,0.000000000000000000e+00
5.102202400000000000e+07,1.113499984741210938e+02,5.235430908203125000e+01,4.926929950714111328e+00,2.875000000000000000e+03,0.000000000000000000e+00
5.103184000000000000e+07,8.215000152587890625e+01,5.237179183959960938e+01,4.852580070495605469e+00,2.941000000000000000e+03,0.000000000000000000e+00
5.103528800000000000e+07,1.249700012207031250e+02,5.236738967895507812e+01,4.896949768066406250e+00,5.060000000000000000e+02,0.000000000000000000e+00
5.103621200000000000e+07,1.541699981689453125e+02,5.239149093627929688e+01,4.875599861145019531e+00,2.578000000000000000e+03,0.000000000000000000e+00
5.105596400000000000e+07,2.476100006103515625e+02,5.235113143920898438e+01,4.899250030517578125e+00,2.320000000000000000e+03,0.000000000000000000e+00
5.106119600000000000e+07,3.449500122070312500e+02,5.237519836425781250e+01,4.870870113372802734e+00,1.738000000000000000e+03,0.000000000000000000e+00
5.106293200000000000e+07,2.184100036621093750e+02,5.234304809570312500e+01,4.903719902038574219e+00,3.252000000000000000e+03,0.000000000000000000e+00
5.108147200000000000e+07,1.308099975585937500e+02,5.237247085571289062e+01,4.862090110778808594e+00,2.296000000000000000e+03,0.000000000000000000e+00
5.110094400000000000e+07,2.135500030517578125e+02,5.236624908447265625e+01,4.912260055541992188e+00,1.276000000000000000e+03,0.000000000000000000e+00
5.110200400000000000e+07,9.591199951171875000e+02,5.239944076538085938e+01,4.893750190734863281e+00,3.066000000000000000e+03,0.000000000000000000e+00
5.111498400000000000e+07,1.658500061035156250e+02,5.238164901733398438e+01,4.856500148773193359e+00,2.886000000000000000e+03,0.000000000000000000e+00
5.111693600000000000e+07,1.502799987792968750e+02,5.236325073242187500e+01,4.866590023040771484e+00,2.210000000000000000e+03,0.000000000000000000e+00
5.111997600000000000e+07,1.746100006103515625e+02,5.236439132690429688e+01,4.933060169219970703e+00,2.657000000000000000e+03,0.000000000000000000e+00
5.112159600000000000e+07,1.794799957275390625e+02,5.235742187500000000e+01,4.855730056762695312e+00,3.167000000000000000e+03,0.000000000000000000e+00
5.112364400000000000e+07,3.449500122070312500e+02,5.236571121215820312e+01,4.875659942626953125e+00,1.537000000000000000e+03,0.000000000000000000e+00
5.113530000000000000e+07,9.036400146484375000e+02,5.239849853515625000e+01,4.895599842071533203e+00,2.958000000000000000e+03,0.000000000000000000e+00
5.114044000000000000e+07,1.006399993896484375e+02,5.236943054199218750e+01,4.851270198822021484e+00,3.042000000000000000e+03,0.000000000000000000e+00
5.114405600000000000e+07,9.091000366210937500e+01,5.237940979003906250e+01,4.882209777832031250e+00,1.249000000000000000e+03,0.000000000000000000e+00
5.116091200000000000e+07,2.184100036621093750e+02,5.234943008422851562e+01,4.860779762268066406e+00,3.454000000000000000e+03,0.000000000000000000e+00
5.117105200000000000e+07,1.989499969482421875e+02,5.236231994628906250e+01,4.860929965972900391e+00,2.602000000000000000e+03,0.000000000000000000e+00
5.119533200000000000e+07,1.989499969482421875e+02,5.237815093994140625e+01,4.886829853057861328e+00,9.290000000000000000e+02,0.000000000000000000e+00
5.120236000000000000e+07,1.590399932861328125e+02,5.237488937377929688e+01,4.880579948425292969e+00,1.092000000000000000e+03,0.000000000000000000e+00
5.120252800000000000e+07,1.794799957275390625e+02,5.238293075561523438e+01,4.874639987945556641e+00,1.894000000000000000e+03,0.000000000000000000e+00
5.121020800000000000e+07,1.395700073242187500e+02,5.232223892211914062e+01,4.880330085754394531e+00,5.622000000000000000e+03,0.000000000000000000e+00
5.121029600000000000e+07,1.395700073242187500e+02,5.232238006591796875e+01,4.880809783935546875e+00,5.601000000000000000e+03,0.000000000000000000e+00
5.121922400000000000e+07,1.454100036621093750e+02,5.238336181640625000e+01,4.884749889373779297e+00,1.482000000000000000e+03,0.000000000000000000e+00
5.122348000000000000e+07,3.449500122070312500e+02,5.237057113647460938e+01,4.888810157775878906e+00,5.030000000000000000e+02,0.000000000000000000e+00
5.122763200000000000e+07,7.047000122070312500e+01,5.232469940185546875e+01,4.865590095520019531e+00,5.638000000000000000e+03,0.000000000000000000e+00
5.123045600000000000e+07,2.719500122070312500e+02,5.239625930786132812e+01,4.905429840087890625e+00,2.785000000000000000e+03,0.000000000000000000e+00
5.124107600000000000e+07,2.719500122070312500e+02,5.236925888061523438e+01,4.874780178070068359e+00,1.464000000000000000e+03,0.000000000000000000e+00
5.125622400000000000e+07,5.295000076293945312e+01,5.232624816894531250e+01,4.863319873809814453e+00,5.537000000000000000e+03,0.000000000000000000e+00
5.126071200000000000e+07,6.856099853515625000e+02,5.237465286254882812e+01,4.881059169769287109e+00,1.053000000000000000e+03,0.000000000000000000e+00
5.127644400000000000e+07,1.016100006103515625e+02,5.236260986328125000e+01,4.854459762573242188e+00,2.997000000000000000e+03,0.000000000000000000e+00
5.127678400000000000e+07,5.882800292968750000e+02,5.237303161621093750e+01,4.948500156402587891e+00,3.573000000000000000e+03,0.000000000000000000e+00
5.127887200000000000e+07,3.449500122070312500e+02,5.236532974243164062e+01,4.875050067901611328e+00,1.593000000000000000e+03,0.000000000000000000e+00
5.128398000000000000e+07,1.045299987792968750e+02,5.238063812255859375e+01,4.848859786987304688e+00,3.338000000000000000e+03,0.000000000000000000e+00
5.129718800000000000e+07,6.268000030517578125e+01,5.234375000000000000e+01,4.906799793243408203e+00,3.216000000000000000e+03,0.000000000000000000e+00
5.130211200000000000e+07,6.170999908447265625e+01,5.230342102050781250e+01,4.967589855194091797e+00,9.039000000000000000e+03,0.000000000000000000e+00
5.131480800000000000e+07,2.242500000000000000e+02,5.238534164428710938e+01,4.874529838562011719e+00,2.083000000000000000e+03,0.000000000000000000e+00
5.131652800000000000e+07,6.755000305175781250e+01,5.235311126708984375e+01,4.940760135650634766e+00,3.694000000000000000e+03,0.000000000000000000e+00
5.131826800000000000e+07,1.502799987792968750e+02,5.236188888549804688e+01,4.857870101928710938e+00,2.812000000000000000e+03,0.000000000000000000e+00
5.132386400000000000e+07,9.576999664306640625e+01,5.237857818603515625e+01,4.871469974517822266e+00,1.817000000000000000e+03,0.000000000000000000e+00
5.138062400000000000e+07,3.254800109863281250e+02,5.236175918579101562e+01,4.856029987335205078e+00,2.932000000000000000e+03,0.000000000000000000e+00
5.138230000000000000e+07,1.356799926757812500e+02,5.238415908813476562e+01,4.886799812316894531e+00,1.497000000000000000e+03,0.000000000000000000e+00
5.138311600000000000e+07,2.242500000000000000e+02,5.240106964111328125e+01,4.900310039520263672e+00,3.257000000000000000e+03,0.000000000000000000e+00
5.139798400000000000e+07,6.948999786376953125e+01,5.235057067871093750e+01,4.907229900360107422e+00,2.493000000000000000e+03,0.000000000000000000e+00
5.140406800000000000e+07,1.746100006103515625e+02,5.235617828369140625e+01,4.911980152130126953e+00,2.061000000000000000e+03,0.000000000000000000e+00
5.141659600000000000e+07,2.962799987792968750e+02,5.236217880249023438e+01,4.856410026550292969e+00,2.891000000000000000e+03,0.000000000000000000e+00
5.142745200000000000e+07,1.181600036621093750e+02,5.238127136230468750e+01,4.870389938354492188e+00,2.021000000000000000e+03,0.000000000000000000e+00
5.143780800000000000e+07,2.476100006103515625e+02,5.237034988403320312e+01,4.856649875640869141e+00,2.670000000000000000e+03,0.000000000000000000e+00
5.144658800000000000e+07,1.512500000000000000e+02,5.234260177612304688e+01,4.894770145416259766e+00,3.259000000000000000e+03,0.000000000000000000e+00
5.144790400000000000e+07,9.966999816894531250e+01,5.237868881225585938e+01,4.850289821624755859e+00,3.187000000000000000e+03,0.000000000000000000e+00
5.144989600000000000e+07,2.271699981689453125e+02,5.237791824340820312e+01,4.877029895782470703e+00,1.445000000000000000e+03,0.000000000000000000e+00
5.145733600000000000e+07,3.936099853515625000e+02,5.236341094970703125e+01,4.857069969177246094e+00,2.800000000000000000e+03,0.000000000000000000e+00
5.147679200000000000e+07,3.449500122070312500e+02,5.238235855102539062e+01,4.868680000305175781e+00,2.183000000000000000e+03,0.000000000000000000e+00
5.147730400000000000e+07,1.249700012207031250e+02,5.236880874633789062e+01,4.874519824981689453e+00,1.492000000000000000e+03,0.000000000000000000e+00
5.147734400000000000e+07,3.099100036621093750e+02,5.235797119140625000e+01,4.896249771118164062e+00,1.549000000000000000e+03,0.000000000000000000e+00
5.148356800000000000e+07,1.502799987792968750e+02,5.238059997558593750e+01,4.877604961395263672e+00,1.574000000000000000e+03,0.000000000000000000e+00
5.149973600000000000e+07,2.476100006103515625e+02,5.235478973388671875e+01,4.911829948425292969e+00,2.188000000000000000e+03,0.000000000000000000e+00
5.150112400000000000e+07,1.016100006103515625e+02,5.240639877319335938e+01,4.896930217742919922e+00,3.837000000000000000e+03,0.000000000000000000e+00
5.150407200000000000e+07,1.794799957275390625e+02,5.241149139404296875e+01,4.901120185852050781e+00,4.417000000000000000e+03,0.000000000000000000e+00
5.151694400000000000e+07,2.641600036621093750e+02,5.239023971557617188e+01,4.884520053863525391e+00,2.181000000000000000e+03,0.000000000000000000e+00
5.151800800000000000e+07,1.210800018310546875e+02,5.236682128906250000e+01,4.868080139160156250e+00,1.971000000000000000e+03,0.000000000000000000e+00
5.153518400000000000e+07,1.960299987792968750e+02,5.237038040161132812e+01,4.878570079803466797e+00,1.189000000000000000e+03,0.000000000000000000e+00
5.153638400000000000e+07,1.600099945068359375e+02,5.235248184204101562e+01,4.829020023345947266e+00,5.028000000000000000e+03,0.000000000000000000e+00
5.154601600000000000e+07,1.989499969482421875e+02,5.235686874389648438e+01,4.908030033111572266e+00,1.863000000000000000e+03,0.000000000000000000e+00
5.154660800000000000e+07,3.254800109863281250e+02,5.237665176391601562e+01,4.857120037078857422e+00,2.685000000000000000e+03,0.000000000000000000e+00
5.154976400000000000e+07,1.746100006103515625e+02,5.236936950683593750e+01,4.915480136871337891e+00,1.359000000000000000e+03,0.000000000000000000e+00
5.155814800000000000e+07,1.989499969482421875e+02,5.236857986450195312e+01,4.867630004882812500e+00,1.954000000000000000e+03,0.000000000000000000e+00
5.155951600000000000e+07,1.493099975585937500e+02,5.236684036254882812e+01,4.855007648468017578e+00,2.833000000000000000e+03,0.000000000000000000e+00
5.156021600000000000e+07,2.057599945068359375e+02,5.232452011108398438e+01,4.982679843902587891e+00,7.906000000000000000e+03,0.000000000000000000e+00
5.156695200000000000e+07,1.502799987792968750e+02,5.238423156738281250e+01,4.884659767150878906e+00,1.569000000000000000e+03,0.000000000000000000e+00
5.156792400000000000e+07,1.989499969482421875e+02,5.236386871337890625e+01,4.935694217681884766e+00,2.846000000000000000e+03,0.000000000000000000e+00
5.157242800000000000e+07,1.103700027465820312e+02,5.236912155151367188e+01,4.880000114440917969e+00,1.123000000000000000e+03,0.000000000000000000e+00
5.158140800000000000e+07,9.772000122070312500e+01,5.229158020019531250e+01,4.967879772186279297e+00,1.018300000000000000e+04,0.000000000000000000e+00
5.159606400000000000e+07,1.103700027465820312e+02,5.236442184448242188e+01,4.836860179901123047e+00,4.094000000000000000e+03,0.000000000000000000e+00
5.160235200000000000e+07,1.016100006103515625e+02,5.235255813598632812e+01,4.914189815521240234e+00,2.483000000000000000e+03,0.000000000000000000e+00
5.162875200000000000e+07,1.502799987792968750e+02,5.234246826171875000e+01,4.908319950103759766e+00,3.379000000000000000e+03,0.000000000000000000e+00
5.163113600000000000e+07,4.909500122070312500e+02,5.235702514648437500e+01,4.921543121337890625e+00,2.401000000000000000e+03,0.000000000000000000e+00
5.163184800000000000e+07,5.444799804687500000e+02,5.236631011962890625e+01,4.850530147552490234e+00,3.142000000000000000e+03,0.000000000000000000e+00
5.163295600000000000e+07,5.882800292968750000e+02,5.236343765258789062e+01,4.865376949310302734e+00,2.276000000000000000e+03,0.000000000000000000e+00
5.164716400000000000e+07,9.576999664306640625e+01,5.235515975952148438e+01,4.832489967346191406e+00,4.691000000000000000e+03,0.000000000000000000e+00
5.167556800000000000e+07,1.726699981689453125e+02,5.237018966674804688e+01,4.880459785461425781e+00,1.065000000000000000e+03,0.000000000000000000e+00
5.167932800000000000e+07,2.476100006103515625e+02,5.236294937133789062e+01,4.876540184020996094e+00,1.649000000000000000e+03,0.000000000000000000e+00
5.168753600000000000e+07,1.590399932861328125e+02,5.236101913452148438e+01,4.849520206451416016e+00,3.373000000000000000e+03,0.000000000000000000e+00
5.170000400000000000e+07,2.145200042724609375e+02,5.235552978515625000e+01,4.869909763336181641e+00,2.535000000000000000e+03,0.000000000000000000e+00
5.170118800000000000e+07,2.184100036621093750e+02,5.235522842407226562e+01,4.920360088348388672e+00,2.489000000000000000e+03,0.000000000000000000e+00
5.170981200000000000e+07,2.466399993896484375e+02,5.237170028686523438e+01,4.859720230102539062e+00,2.456000000000000000e+03,0.000000000000000000e+00
5.171877200000000000e+07,1.697500000000000000e+02,5.236323547363281250e+01,4.936598777770996094e+00,2.926000000000000000e+03,0.000000000000000000e+00
5.174056000000000000e+07,1.308099975585937500e+02,5.236293029785156250e+01,4.864049911499023438e+00,2.381000000000000000e+03,0.000000000000000000e+00
5.174171200000000000e+07,9.383000183105468750e+01,5.236951828002929688e+01,4.833270072937011719e+00,4.260000000000000000e+03,0.000000000000000000e+00
5.174820000000000000e+07,2.437200012207031250e+02,5.238901138305664062e+01,4.944640159606933594e+00,3.816000000000000000e+03,0.000000000000000000e+00
5.176055600000000000e+07,8.701000213623046875e+01,5.236655044555664062e+01,4.863619804382324219e+00,2.271000000000000000e+03,0.000000000000000000e+00
5.176142400000000000e+07,1.337299957275390625e+02,5.236120986938476562e+01,4.858550071716308594e+00,2.801000000000000000e+03,0.000000000000000000e+00
5.179042800000000000e+07,1.765599975585937500e+02,5.236196136474609375e+01,4.862030029296875000e+00,2.551000000000000000e+03,0.000000000000000000e+00
5.179369600000000000e+07,7.727999877929687500e+01,5.235232925415039062e+01,4.886159896850585938e+00,2.274000000000000000e+03,0.000000000000000000e+00
5.180912000000000000e+07,2.232799987792968750e+02,5.238694000244140625e+01,4.885849952697753906e+00,1.806000000000000000e+03,0.000000000000000000e+00
5.181266800000000000e+07,1.454100036621093750e+02,5.238013076782226562e+01,4.851099967956542969e+00,3.176000000000000000e+03,0.000000000000000000e+00
5.183128400000000000e+07,1.405500030517578125e+02,5.234783935546875000e+01,5.010039806365966797e+00,8.200000000000000000e+03,0.000000000000000000e+00
5.184098400000000000e+07,3.118500061035156250e+02,5.235443878173828125e+01,4.809299945831298828e+00,6.192000000000000000e+03,0.000000000000000000e+00
5.184235600000000000e+07,1.113499984741210938e+02,5.234680938720703125e+01,4.860599994659423828e+00,3.678000000000000000e+03,0.000000000000000000e+00
5.185220800000000000e+07,4.559100036621093750e+02,5.237012100219726562e+01,4.877399921417236328e+00,1.271000000000000000e+03,0.000000000000000000e+00
5.185338800000000000e+07,3.342399902343750000e+02,5.236928176879882812e+01,4.875450134277343750e+00,1.418000000000000000e+03,0.000000000000000000e+00
5.186364800000000000e+07,1.006399993896484375e+02,5.237498092651367188e+01,4.910749912261962891e+00,1.065000000000000000e+03,0.000000000000000000e+00
5.187672800000000000e+07,1.308099975585937500e+02,5.237709045410156250e+01,4.895810127258300781e+00,5.770000000000000000e+02,0.000000000000000000e+00
5.187693600000000000e+07,1.386000061035156250e+02,5.237773132324218750e+01,4.896349906921386719e+00,6.490000000000000000e+02,0.000000000000000000e+00
5.191450800000000000e+07,1.405500030517578125e+02,5.238928985595703125e+01,4.879340171813964844e+00,2.237000000000000000e+03,0.000000000000000000e+00
5.191890800000000000e+07,1.249700012207031250e+02,5.234857177734375000e+01,4.850920200347900391e+00,4.007000000000000000e+03,0.000000000000000000e+00
5.193813200000000000e+07,1.765599975585937500e+02,5.229859924316406250e+01,4.955810070037841797e+00,9.110000000000000000e+03,0.000000000000000000e+00
5.193891200000000000e+07,1.016100006103515625e+02,5.236054992675781250e+01,4.935039997100830078e+00,2.942000000000000000e+03,0.000000000000000000e+00
5.194233200000000000e+07,2.232799987792968750e+02,5.237223815917968750e+01,4.871550083160400391e+00,1.653000000000000000e+03,0.000000000000000000e+00
5.195304400000000000e+07,4.422799987792968750e+02,5.238343048095703125e+01,4.875889778137207031e+00,1.868000000000000000e+03,0.000000000000000000e+00
5.195688400000000000e+07,1.395700073242187500e+02,5.234558105468750000e+01,4.848680019378662109e+00,4.341000000000000000e+03,0.000000000000000000e+00
5.196176400000000000e+07,9.187999725341796875e+01,5.237160873413085938e+01,4.852210044860839844e+00,2.966000000000000000e+03,0.000000000000000000e+00
5.196184000000000000e+07,3.439700012207031250e+02,5.236774063110351562e+01,4.896379947662353516e+00,4.630000000000000000e+02,0.000000000000000000e+00
5.197714400000000000e+07,7.634799804687500000e+02,5.236632156372070312e+01,4.874350070953369141e+00,1.589000000000000000e+03,0.000000000000000000e+00
5.197746000000000000e+07,8.506999969482421875e+01,5.237371063232421875e+01,4.910220146179199219e+00,9.930000000000000000e+02,0.000000000000000000e+00
5.197769600000000000e+07,2.008899993896484375e+02,5.236428070068359375e+01,4.873909950256347656e+00,1.717000000000000000e+03,0.000000000000000000e+00
5.197784400000000000e+07,8.506999969482421875e+01,5.237211990356445312e+01,4.910200119018554688e+00,9.710000000000000000e+02,0.000000000000000000e+00
5.197964800000000000e+07,8.506999969482421875e+01,5.237395095825195312e+01,4.908619880676269531e+00,8.930000000000000000e+02,0.000000000000000000e+00
5.198021600000000000e+07,8.506999969482421875e+01,5.237261962890625000e+01,4.908420085906982422e+00,8.540000000000000000e+02,0.000000000000000000e+00
5.198497200000000000e+07,1.337299957275390625e+02,5.236867141723632812e+01,4.924680233001708984e+00,1.987000000000000000e+03,0.000000000000000000e+00
5.199397600000000000e+07,3.449500122070312500e+02,5.236849975585937500e+01,4.856550216674804688e+00,2.698000000000000000e+03,0.000000000000000000e+00
5.199940800000000000e+07,1.337299957275390625e+02,5.236764144897460938e+01,4.922669887542724609e+00,1.878000000000000000e+03,0.000000000000000000e+00
5.199999200000000000e+07,3.449500122070312500e+02,5.236814117431640625e+01,4.925999164581298828e+00,2.086000000000000000e+03,0.000000000000000000e+00
5.201667200000000000e+07,1.444400024414062500e+02,5.235831069946289062e+01,4.905950069427490234e+00,1.658000000000000000e+03,0.000000000000000000e+00
5.205059200000000000e+07,4.432500000000000000e+02,5.236954116821289062e+01,4.886970043182373047e+00,6.600000000000000000e+02,0.000000000000000000e+00
5.208280000000000000e+07,1.259499969482421875e+02,5.237723922729492188e+01,4.877019882202148438e+00,1.413000000000000000e+03,0.000000000000000000e+00
5.210829600000000000e+07,1.347100067138671875e+02,5.238985824584960938e+01,4.877530097961425781e+00,2.354000000000000000e+03,0.000000000000000000e+00
5.211918000000000000e+07,4.043200073242187500e+02,5.235647964477539062e+01,4.881771564483642578e+00,1.965000000000000000e+03,0.000000000000000000e+00
5.211986000000000000e+07,1.989499969482421875e+02,5.237299728393554688e+01,4.870519161224365234e+00,1.727000000000000000e+03,0.000000000000000000e+00
5.212032400000000000e+07,3.543000030517578125e+01,5.236092376708984375e+01,4.898328781127929688e+00,1.231000000000000000e+03,0.000000000000000000e+00
5.212418000000000000e+07,2.544299926757812500e+02,5.236943817138671875e+01,4.920400142669677734e+00,1.686000000000000000e+03,0.000000000000000000e+00
5.213092000000000000e+07,1.347100067138671875e+02,5.236875152587890625e+01,4.885779857635498047e+00,7.710000000000000000e+02,0.000000000000000000e+00
5.213704400000000000e+07,1.308099975585937500e+02,5.236331176757812500e+01,4.864669799804687500e+00,2.325000000000000000e+03,0.000000000000000000e+00
5.214140400000000000e+07,1.931100006103515625e+02,5.235607147216796875e+01,4.919549942016601562e+00,2.382000000000000000e+03,0.000000000000000000e+00
5.216228000000000000e+07,5.250100097656250000e+02,5.237318801879882812e+01,4.897066116333007812e+00,1.640000000000000000e+02,0.000000000000000000e+00
5.218040400000000000e+07,8.215000152587890625e+01,5.230387878417968750e+01,4.967609882354736328e+00,8.997000000000000000e+03,0.000000000000000000e+00
5.218230000000000000e+07,7.727999877929687500e+01,5.236339187622070312e+01,4.939449787139892578e+00,3.104000000000000000e+03,0.000000000000000000e+00
5.218272000000000000e+07,1.016100006103515625e+02,5.233084106445312500e+01,4.879720211029052734e+00,4.696000000000000000e+03,0.000000000000000000e+00
5.220053600000000000e+07,1.600099945068359375e+02,5.238352966308593750e+01,4.891779899597167969e+00,1.323000000000000000e+03,0.000000000000000000e+00
5.221337200000000000e+07,1.210800018310546875e+02,5.235599899291992188e+01,4.905089855194091797e+00,1.875000000000000000e+03,0.000000000000000000e+00
5.223062000000000000e+07,1.405500030517578125e+02,5.240412902832031250e+01,4.901380062103271484e+00,3.603000000000000000e+03,0.000000000000000000e+00
5.223188800000000000e+07,3.050400085449218750e+02,5.237559890747070312e+01,4.778729915618896484e+00,7.965000000000000000e+03,0.000000000000000000e+00
5.227293200000000000e+07,4.812099914550781250e+02,5.237762069702148438e+01,4.876100063323974609e+00,1.487000000000000000e+03,0.000000000000000000e+00
5.227744400000000000e+07,1.989499969482421875e+02,5.240314865112304688e+01,4.961800098419189453e+00,5.664000000000000000e+03,0.000000000000000000e+00
5.229314400000000000e+07,1.502799987792968750e+02,5.238251113891601562e+01,4.882150173187255859e+00,1.505000000000000000e+03,0.000000000000000000e+00
5.231355200000000000e+07,2.047899932861328125e+02,5.236043167114257812e+01,4.862209796905517578e+00,2.619000000000000000e+03,0.000000000000000000e+00
5.231391600000000000e+07,1.444400024414062500e+02,5.237689971923828125e+01,4.824540138244628906e+00,4.876000000000000000e+03,0.000000000000000000e+00
5.232836800000000000e+07,1.493099975585937500e+02,5.238116836547851562e+01,4.885550022125244141e+00,1.247000000000000000e+03,0.000000000000000000e+00
5.232928400000000000e+07,1.502799987792968750e+02,5.235266113281250000e+01,4.920790195465087891e+00,2.726000000000000000e+03,0.000000000000000000e+00
5.233497600000000000e+07,5.182000122070312500e+02,5.237871170043945312e+01,4.885439872741699219e+00,1.038000000000000000e+03,0.000000000000000000e+00
5.234161600000000000e+07,2.476100006103515625e+02,5.235612106323242188e+01,4.894249916076660156e+00,1.758000000000000000e+03,0.000000000000000000e+00
5.234174000000000000e+07,1.892100067138671875e+02,5.236216735839843750e+01,4.920060157775878906e+00,1.965000000000000000e+03,0.000000000000000000e+00
5.235778000000000000e+07,3.157500000000000000e+02,5.235519027709960938e+01,4.885680198669433594e+00,1.983000000000000000e+03,0.000000000000000000e+00
5.235780000000000000e+07,1.210800018310546875e+02,5.234746932983398438e+01,4.850689888000488281e+00,4.099000000000000000e+03,0.000000000000000000e+00
5.236458400000000000e+07,8.215000152587890625e+01,5.238563156127929688e+01,4.881340026855468750e+00,1.819000000000000000e+03,0.000000000000000000e+00
5.237818400000000000e+07,2.281499938964843750e+02,5.236690139770507812e+01,4.867462635040283203e+00,2.009000000000000000e+03,0.000000000000000000e+00
5.237959600000000000e+07,1.055100021362304688e+02,5.236713027954101562e+01,4.915239810943603516e+00,1.416000000000000000e+03,0.000000000000000000e+00
5.239376000000000000e+07,2.476100006103515625e+02,5.236824035644531250e+01,4.867589950561523438e+00,1.965000000000000000e+03,0.000000000000000000e+00
5.239792000000000000e+07,1.989499969482421875e+02,5.236228942871093750e+01,4.942389965057373047e+00,3.332000000000000000e+03,0.000000000000000000e+00
5.240395600000000000e+07,3.731700134277343750e+02,5.237208175659179688e+01,4.875919818878173828e+00,1.357000000000000000e+03,0.000000000000000000e+00
5.243488400000000000e+07,1.551499938964843750e+02,5.236624908447265625e+01,4.886539936065673828e+00,8.940000000000000000e+02,0.000000000000000000e+00
5.244684000000000000e+07,2.476100006103515625e+02,5.235522842407226562e+01,4.890950202941894531e+00,1.884000000000000000e+03,0.000000000000000000e+00
5.244762400000000000e+07,3.206099853515625000e+02,5.235105895996093750e+01,4.895559787750244141e+00,2.317000000000000000e+03,0.000000000000000000e+00
5.245380000000000000e+07,1.502799987792968750e+02,5.237084960937500000e+01,4.850989818572998047e+00,3.051000000000000000e+03,0.000000000000000000e+00
5.246756800000000000e+07,9.187999725341796875e+01,5.237042999267578125e+01,4.853579998016357422e+00,2.878000000000000000e+03,0.000000000000000000e+00
5.248122000000000000e+07,1.989499969482421875e+02,5.234529876708984375e+01,4.892069816589355469e+00,2.969000000000000000e+03,0.000000000000000000e+00
5.248236000000000000e+07,1.590399932861328125e+02,5.236780929565429688e+01,4.851280212402343750e+00,3.063000000000000000e+03,0.000000000000000000e+00
5.252524800000000000e+07,2.047899932861328125e+02,5.234880065917968750e+01,4.891530036926269531e+00,2.585000000000000000e+03,0.000000000000000000e+00
5.252794400000000000e+07,1.016100006103515625e+02,5.236841964721679688e+01,4.856589794158935547e+00,2.697000000000000000e+03,0.000000000000000000e+00
5.253055600000000000e+07,1.356799926757812500e+02,5.238134002685546875e+01,4.914649963378906250e+00,1.650000000000000000e+03,0.000000000000000000e+00
5.253114400000000000e+07,1.483300018310546875e+02,5.232674026489257812e+01,4.877779960632324219e+00,5.170000000000000000e+03,0.000000000000000000e+00
5.254188400000000000e+07,3.936099853515625000e+02,5.239329910278320312e+01,4.907050132751464844e+00,2.497000000000000000e+03,0.000000000000000000e+00
5.254532400000000000e+07,1.493099975585937500e+02,5.239088058471679688e+01,4.877749919891357422e+00,2.444000000000000000e+03,0.000000000000000000e+00
5.254659200000000000e+07,1.454100036621093750e+02,5.239916992187500000e+01,4.944069862365722656e+00,4.459000000000000000e+03,0.000000000000000000e+00
5.256480000000000000e+07,1.347100067138671875e+02,5.236923980712890625e+01,4.924149990081787109e+00,1.941000000000000000e+03,0.000000000000000000e+00
5.257504800000000000e+07,1.746100006103515625e+02,5.235564422607421875e+01,4.898890018463134766e+00,1.819000000000000000e+03,0.000000000000000000e+00
5.257681200000000000e+07,5.295000076293945312e+01,5.238412094116210938e+01,4.848199844360351562e+00,3.511000000000000000e+03,0.000000000000000000e+00
5.258124000000000000e+07,9.187999725341796875e+01,5.235615921020507812e+01,4.828760147094726562e+00,4.883000000000000000e+03,0.000000000000000000e+00
5.258674400000000000e+07,4.072399902343750000e+02,5.235951995849609375e+01,4.923349857330322266e+00,2.317000000000000000e+03,0.000000000000000000e+00
5.258772400000000000e+07,1.493099975585937500e+02,5.238293075561523438e+01,4.871789932250976562e+00,2.045000000000000000e+03,0.000000000000000000e+00
5.258868000000000000e+07,2.184100036621093750e+02,5.240470123291015625e+01,4.961170196533203125e+00,5.738000000000000000e+03,0.000000000000000000e+00
5.259879200000000000e+07,2.953099975585937500e+02,5.235757827758789062e+01,4.899054050445556641e+00,1.607000000000000000e+03,0.000000000000000000e+00
5.260529200000000000e+07,1.794799957275390625e+02,5.238195037841796875e+01,4.888860225677490234e+00,1.216000000000000000e+03,0.000000000000000000e+00
5.263080000000000000e+07,2.398300018310546875e+02,5.237265014648437500e+01,4.890059947967529297e+00,4.050000000000000000e+02,0.000000000000000000e+00
5.263096400000000000e+07,5.162500000000000000e+02,5.237451171875000000e+01,4.883649826049804688e+00,8.810000000000000000e+02,0.000000000000000000e+00
5.264385200000000000e+07,2.953099975585937500e+02,5.235620117187500000e+01,4.875249862670898438e+00,2.239000000000000000e+03,0.000000000000000000e+00
5.264579200000000000e+07,3.030899963378906250e+02,5.235353088378906250e+01,4.899129867553710938e+00,2.054000000000000000e+03,0.000000000000000000e+00
5.266089600000000000e+07,2.476100006103515625e+02,5.235042190551757812e+01,4.896969795227050781e+00,2.389000000000000000e+03,0.000000000000000000e+00
5.266263200000000000e+07,2.573500061035156250e+02,5.238388824462890625e+01,4.893700122833251953e+00,1.342000000000000000e+03,0.000000000000000000e+00
5.268486000000000000e+07,3.157500000000000000e+02,5.236473846435546875e+01,4.889810085296630859e+00,8.970000000000000000e+02,0.000000000000000000e+00
5.268567200000000000e+07,4.490899963378906250e+02,5.235956954956054688e+01,4.912010192871093750e+00,1.754000000000000000e+03,0.000000000000000000e+00
5.268762800000000000e+07,1.746100006103515625e+02,5.235565567016601562e+01,4.898953914642333984e+00,1.818000000000000000e+03,0.000000000000000000e+00
5.270340000000000000e+07,8.701000213623046875e+01,5.236497116088867188e+01,4.904930114746093750e+00,9.850000000000000000e+02,0.000000000000000000e+00
5.270370800000000000e+07,1.765599975585937500e+02,5.236526870727539062e+01,4.875440120697021484e+00,1.573000000000000000e+03,0.000000000000000000e+00
5.271213600000000000e+07,2.962799987792968750e+02,5.237139892578125000e+01,4.876850128173828125e+00,1.294000000000000000e+03,0.000000000000000000e+00
5.271527200000000000e+07,2.670799865722656250e+02,5.239289855957031250e+01,4.932469844818115234e+00,3.408000000000000000e+03,0.000000000000000000e+00
5.271682000000000000e+07,1.541699981689453125e+02,5.237321090698242188e+01,4.874639987945556641e+00,1.451000000000000000e+03,0.000000000000000000e+00
5.272708000000000000e+07,3.887500000000000000e+02,5.234896850585937500e+01,4.887509822845458984e+00,2.613000000000000000e+03,0.000000000000000000e+00
5.272756400000000000e+07,3.517600097656250000e+02,5.237699127197265625e+01,4.877610206604003906e+00,1.365000000000000000e+03,0.000000000000000000e+00
5.272807200000000000e+07,1.016100006103515625e+02,5.238877105712890625e+01,4.885849952697753906e+00,1.996000000000000000e+03,0.000000000000000000e+00
5.272824800000000000e+07,2.086799926757812500e+02,5.235969924926757812e+01,4.906620025634765625e+00,1.539000000000000000e+03,0.000000000000000000e+00
5.274762800000000000e+07,9.187999725341796875e+01,5.235453033447265625e+01,4.902560234069824219e+00,1.984000000000000000e+03,0.000000000000000000e+00
5.277165600000000000e+07,1.454100036621093750e+02,5.238264846801757812e+01,4.885190010070800781e+00,1.399000000000000000e+03,0.000000000000000000e+00
5.277422800000000000e+07,2.378800048828125000e+02,5.237601089477539062e+01,4.849559783935546875e+00,3.179000000000000000e+03,0.000000000000000000e+00
5.278566400000000000e+07,1.454100036621093750e+02,5.234952163696289062e+01,4.888549804687500000e+00,2.538000000000000000e+03,0.000000000000000000e+00
5.278580400000000000e+07,1.600099945068359375e+02,5.238682937622070312e+01,4.885779857635498047e+00,1.797000000000000000e+03,0.000000000000000000e+00
5.281899200000000000e+07,1.308099975585937500e+02,5.239054870605468750e+01,4.874134063720703125e+00,2.546000000000000000e+03,0.000000000000000000e+00
5.282726400000000000e+07,1.493099975585937500e+02,5.235184860229492188e+01,4.896629810333251953e+00,2.230000000000000000e+03,0.000000000000000000e+00
5.284020800000000000e+07,1.882400054931640625e+02,5.235747146606445312e+01,4.907989978790283203e+00,1.802000000000000000e+03,0.000000000000000000e+00
5.284733200000000000e+07,2.125700073242187500e+02,5.238283157348632812e+01,4.872270107269287109e+00,2.013000000000000000e+03,0.000000000000000000e+00
5.284878400000000000e+07,5.396099853515625000e+02,5.237630081176757812e+01,4.894680023193359375e+00,4.960000000000000000e+02,0.000000000000000000e+00
5.284939200000000000e+07,9.576999664306640625e+01,5.232492828369140625e+01,4.939620018005371094e+00,6.008000000000000000e+03,0.000000000000000000e+00
5.284957200000000000e+07,3.410499877929687500e+02,5.237321853637695312e+01,4.881649971008300781e+00,9.780000000000000000e+02,0.000000000000000000e+00
5.285168000000000000e+07,5.045700073242187500e+02,5.237440109252929688e+01,4.876979827880859375e+00,1.314000000000000000e+03,0.000000000000000000e+00
5.285476800000000000e+07,3.157500000000000000e+02,5.238379287719726562e+01,4.902429103851318359e+00,1.395000000000000000e+03,0.000000000000000000e+00
5.285520400000000000e+07,3.449500122070312500e+02,5.238379287719726562e+01,4.902429103851318359e+00,1.395000000000000000e+03,0.000000000000000000e+00
5.285526400000000000e+07,3.595499877929687500e+02,5.238379287719726562e+01,4.902429103851318359e+00,1.395000000000000000e+03,0.000000000000000000e+00
5.285538800000000000e+07,3.790100097656250000e+02,5.238379287719726562e+01,4.902429103851318359e+00,1.395000000000000000e+03,0.000000000000000000e+00
5.285545200000000000e+07,4.325499877929687500e+02,5.238379287719726562e+01,4.902429103851318359e+00,1.395000000000000000e+03,0.000000000000000000e+00
5.285550800000000000e+07,6.009299926757812500e+02,5.238379287719726562e+01,4.902429103851318359e+00,1.395000000000000000e+03,0.000000000000000000e+00
5.285580800000000000e+07,2.398300018310546875e+02,5.236449813842773438e+01,4.882209777832031250e+00,1.241000000000000000e+03,0.000000000000000000e+00
5.285588400000000000e+07,9.869000244140625000e+01,5.229103088378906250e+01,4.992509841918945312e+00,1.113300000000000000e+04,0.000000000000000000e+00
5.287313600000000000e+07,3.556499938964843750e+02,5.236137390136718750e+01,4.883171081542968750e+00,1.455000000000000000e+03,0.000000000000000000e+00
5.287323200000000000e+07,1.230299987792968750e+02,5.236172103881835938e+01,4.890960216522216797e+00,1.180000000000000000e+03,0.000000000000000000e+00
5.287359200000000000e+07,3.916700134277343750e+02,5.236137390136718750e+01,4.883171081542968750e+00,1.455000000000000000e+03,0.000000000000000000e+00
5.287366000000000000e+07,4.860799865722656250e+02,5.236137390136718750e+01,4.883171081542968750e+00,1.455000000000000000e+03,0.000000000000000000e+00
5.287399200000000000e+07,6.612800292968750000e+02,5.236137390136718750e+01,4.883171081542968750e+00,1.455000000000000000e+03,0.000000000000000000e+00
5.287427200000000000e+07,6.301300048828125000e+02,5.236137390136718750e+01,4.883171081542968750e+00,1.455000000000000000e+03,0.000000000000000000e+00
5.287466000000000000e+07,3.906900024414062500e+02,5.236137390136718750e+01,4.883171081542968750e+00,1.455000000000000000e+03,0.000000000000000000e+00
5.287734400000000000e+07,1.502799987792968750e+02,5.234289169311523438e+01,4.901609897613525391e+00,3.249000000000000000e+03,0.000000000000000000e+00
5.289037200000000000e+07,2.116000061035156250e+02,5.235391998291015625e+01,4.869490146636962891e+00,2.686000000000000000e+03,0.000000000000000000e+00
5.289369600000000000e+07,5.834099731445312500e+02,5.233871078491210938e+01,4.912849903106689453e+00,3.866000000000000000e+03,0.000000000000000000e+00
5.289486400000000000e+07,2.184100036621093750e+02,5.240364837646484375e+01,4.915319919586181641e+00,3.768000000000000000e+03,0.000000000000000000e+00
5.291383200000000000e+07,1.989499969482421875e+02,5.236927032470703125e+01,4.863537788391113281e+00,2.216000000000000000e+03,0.000000000000000000e+00
5.292738400000000000e+07,1.580700073242187500e+02,5.236661911010742188e+01,4.874760150909423828e+00,1.551000000000000000e+03,0.000000000000000000e+00
5.293127200000000000e+07,1.308099975585937500e+02,5.241067886352539062e+01,4.888370037078857422e+00,4.342000000000000000e+03,0.000000000000000000e+00
5.293763600000000000e+07,1.794799957275390625e+02,5.235245132446289062e+01,4.891829967498779297e+00,2.180000000000000000e+03,0.000000000000000000e+00
5.294275600000000000e+07,3.605199890136718750e+02,5.235224151611328125e+01,4.811240196228027344e+00,6.150000000000000000e+03,0.000000000000000000e+00
5.294423600000000000e+07,1.064800033569335938e+02,5.235100936889648438e+01,4.896130084991455078e+00,2.323000000000000000e+03,0.000000000000000000e+00
5.294788800000000000e+07,1.269199981689453125e+02,5.241130828857421875e+01,4.887440204620361328e+00,4.420000000000000000e+03,0.000000000000000000e+00
5.295993200000000000e+07,1.502799987792968750e+02,5.236270141601562500e+01,4.929659843444824219e+00,2.510000000000000000e+03,0.000000000000000000e+00
5.296752000000000000e+07,2.378800048828125000e+02,5.237639617919921875e+01,4.926519870758056641e+00,2.138000000000000000e+03,0.000000000000000000e+00
5.297473600000000000e+07,2.310700073242187500e+02,5.236627960205078125e+01,4.880879878997802734e+00,1.196000000000000000e+03,0.000000000000000000e+00
5.297638000000000000e+07,2.232799987792968750e+02,5.236037063598632812e+01,4.854108333587646484e+00,3.114000000000000000e+03,0.000000000000000000e+00
5.297960000000000000e+07,5.989899902343750000e+02,5.236263656616210938e+01,4.878065109252929688e+00,1.590000000000000000e+03,0.000000000000000000e+00
5.299734000000000000e+07,1.580700073242187500e+02,5.237631988525390625e+01,4.867080211639404297e+00,2.017000000000000000e+03,0.000000000000000000e+00
5.299794400000000000e+07,1.551499938964843750e+02,5.238328933715820312e+01,4.888919830322265625e+00,1.352000000000000000e+03,0.000000000000000000e+00
5.299880000000000000e+07,2.631900024414062500e+02,5.236263656616210938e+01,4.878065109252929688e+00,1.590000000000000000e+03,0.000000000000000000e+00
5.299880400000000000e+07,6.476500244140625000e+02,5.236263656616210938e+01,4.878065109252929688e+00,1.590000000000000000e+03,0.000000000000000000e+00
5.299932000000000000e+07,1.580700073242187500e+02,5.238333129882812500e+01,4.890079975128173828e+00,1.331000000000000000e+03,0.000000000000000000e+00
5.300761600000000000e+07,1.502799987792968750e+02,5.238525009155273438e+01,4.954480171203613281e+00,4.244000000000000000e+03,0.000000000000000000e+00
5.301942400000000000e+07,3.030899963378906250e+02,5.237271881103515625e+01,4.870759963989257812e+00,1.709000000000000000e+03,0.000000000000000000e+00
5.302079200000000000e+07,1.989499969482421875e+02,5.237503051757812500e+01,4.860400199890136719e+00,2.435000000000000000e+03,0.000000000000000000e+00
5.303523600000000000e+07,1.502799987792968750e+02,5.234767150878906250e+01,4.846059799194335938e+00,4.326000000000000000e+03,0.000000000000000000e+00
5.303966000000000000e+07,6.019099731445312500e+02,5.237416076660156250e+01,4.899230003356933594e+00,3.380000000000000000e+02,0.000000000000000000e+00
5.304158400000000000e+07,2.631900024414062500e+02,5.236328506469726562e+01,4.865158557891845703e+00,2.296000000000000000e+03,0.000000000000000000e+00
5.304952800000000000e+07,1.493099975585937500e+02,5.237562179565429688e+01,4.880849838256835938e+00,1.102000000000000000e+03,0.000000000000000000e+00
5.306188400000000000e+07,2.291610107421875000e+03,5.234579849243164062e+01,4.883580207824707031e+00,3.020000000000000000e+03,0.000000000000000000e+00
5.307307600000000000e+07,1.843500061035156250e+02,5.238061904907226562e+01,4.884650230407714844e+00,1.234000000000000000e+03,0.000000000000000000e+00
5.307475600000000000e+07,2.719500122070312500e+02,5.238933944702148438e+01,4.880730152130126953e+00,2.196000000000000000e+03,0.000000000000000000e+00
5.307741600000000000e+07,1.016100006103515625e+02,5.229325866699218750e+01,4.970310211181640625e+00,1.010100000000000000e+04,0.000000000000000000e+00
5.308465200000000000e+07,1.794799957275390625e+02,5.236056137084960938e+01,4.865900039672851562e+00,2.395000000000000000e+03,0.000000000000000000e+00
5.309019200000000000e+07,1.687700042724609375e+02,5.238541030883789062e+01,4.955080032348632812e+00,4.289000000000000000e+03,0.000000000000000000e+00
5.310188800000000000e+07,1.210800018310546875e+02,5.235130310058593750e+01,4.846048355102539062e+00,4.087000000000000000e+03,0.000000000000000000e+00
5.310358400000000000e+07,2.904400024414062500e+02,5.234201812744140625e+01,4.909833431243896484e+00,3.455000000000000000e+03,0.000000000000000000e+00
5.310455200000000000e+07,8.215000152587890625e+01,5.236206817626953125e+01,4.943749904632568359e+00,3.428000000000000000e+03,0.000000000000000000e+00
5.310792800000000000e+07,1.989499969482421875e+02,5.237926864624023438e+01,4.892429828643798828e+00,8.530000000000000000e+02,0.000000000000000000e+00
5.311093600000000000e+07,1.600099945068359375e+02,5.235163116455078125e+01,4.898690223693847656e+00,2.262000000000000000e+03,0.000000000000000000e+00
5.312091200000000000e+07,5.775700073242187500e+02,5.237403869628906250e+01,4.900469779968261719e+00,3.910000000000000000e+02,0.000000000000000000e+00
5.312141600000000000e+07,4.383900146484375000e+02,5.237387084960937500e+01,4.900819778442382812e+00,4.000000000000000000e+02,0.000000000000000000e+00
5.312288800000000000e+07,1.658500061035156250e+02,5.236840057373046875e+01,4.865670204162597656e+00,2.089000000000000000e+03,0.000000000000000000e+00
5.313957200000000000e+07,5.396099853515625000e+02,5.237397003173828125e+01,4.899240016937255859e+00,3.230000000000000000e+02,0.000000000000000000e+00
5.313980000000000000e+07,5.230700073242187500e+02,5.237379837036132812e+01,4.898789882659912109e+00,2.880000000000000000e+02,0.000000000000000000e+00
5.314007600000000000e+07,4.627200012207031250e+02,5.237416076660156250e+01,4.899459838867187500e+00,3.490000000000000000e+02,0.000000000000000000e+00
5.314484000000000000e+07,2.719500122070312500e+02,5.236756896972656250e+01,4.875830173492431641e+00,1.445000000000000000e+03,0.000000000000000000e+00
5.314923200000000000e+07,1.006399993896484375e+02,5.233927917480468750e+01,4.920380115509033203e+00,3.990000000000000000e+03,0.000000000000000000e+00
5.315005600000000000e+07,1.113499984741210938e+02,5.236479949951171875e+01,4.937069892883300781e+00,2.905000000000000000e+03,0.000000000000000000e+00
5.315016000000000000e+07,3.614899902343750000e+02,5.237200927734375000e+01,4.946549892425537109e+00,3.439000000000000000e+03,0.000000000000000000e+00
5.315837600000000000e+07,2.476100006103515625e+02,5.237432098388671875e+01,4.874470233917236328e+00,1.479000000000000000e+03,0.000000000000000000e+00
5.318039600000000000e+07,1.405500030517578125e+02,5.236635971069335938e+01,4.892479896545410156e+00,6.580000000000000000e+02,0.000000000000000000e+00
5.318364800000000000e+07,9.187999725341796875e+01,5.238264083862304688e+01,4.858339786529541016e+00,2.816000000000000000e+03,0.000000000000000000e+00
5.319671200000000000e+07,1.259499969482421875e+02,5.238473129272460938e+01,4.885250091552734375e+00,1.600000000000000000e+03,0.000000000000000000e+00
5.320292800000000000e+07,1.600099945068359375e+02,5.235232925415039062e+01,5.003910064697265625e+00,7.650000000000000000e+03,0.000000000000000000e+00
5.320325200000000000e+07,2.378800048828125000e+02,5.235610961914062500e+01,4.918399810791015625e+00,2.327000000000000000e+03,0.000000000000000000e+00
5.320769600000000000e+07,1.016100006103515625e+02,5.236458969116210938e+01,4.855720043182373047e+00,2.846000000000000000e+03,0.000000000000000000e+00
5.321297600000000000e+07,1.298399963378906250e+02,5.232386016845703125e+01,4.977829933166503906e+00,7.714000000000000000e+03,0.000000000000000000e+00
5.321324800000000000e+07,1.989499969482421875e+02,5.234915924072265625e+01,4.876619815826416016e+00,2.847000000000000000e+03,0.000000000000000000e+00
5.321417200000000000e+07,1.132900009155273438e+02,5.235567855834960938e+01,4.904409885406494141e+00,1.894000000000000000e+03,0.000000000000000000e+00
5.322577200000000000e+07,1.502799987792968750e+02,5.237731170654296875e+01,4.853449821472167969e+00,2.944000000000000000e+03,0.000000000000000000e+00
5.322663200000000000e+07,1.590399932861328125e+02,5.236824035644531250e+01,4.856830120086669922e+00,2.683000000000000000e+03,0.000000000000000000e+00
5.324716800000000000e+07,1.230299987792968750e+02,5.241215896606445312e+01,4.887589931488037109e+00,4.512000000000000000e+03,0.000000000000000000e+00
5.324769600000000000e+07,6.755000305175781250e+01,5.236175155639648438e+01,4.918270111083984375e+00,1.892000000000000000e+03,0.000000000000000000e+00
5.324848800000000000e+07,2.184100036621093750e+02,5.241127014160156250e+01,4.887040138244628906e+00,4.419000000000000000e+03,0.000000000000000000e+00
5.324888800000000000e+07,1.288699951171875000e+02,5.238082122802734375e+01,4.894470214843750000e+00,9.970000000000000000e+02,0.000000000000000000e+00
5.326710400000000000e+07,1.386000061035156250e+02,5.237760162353515625e+01,4.890049934387207031e+00,7.480000000000000000e+02,0.000000000000000000e+00
5.326722000000000000e+07,2.573500061035156250e+02,5.235065841674804688e+01,4.847809791564941406e+00,4.030000000000000000e+03,0.000000000000000000e+00
5.326974400000000000e+07,2.875199890136718750e+02,5.236396789550781250e+01,4.875154018402099609e+00,1.662000000000000000e+03,0.000000000000000000e+00
5.327064000000000000e+07,3.449500122070312500e+02,5.236343002319335938e+01,4.866509914398193359e+00,2.206000000000000000e+03,0.000000000000000000e+00
5.327406800000000000e+07,2.086799926757812500e+02,5.235411071777343750e+01,4.919720172882080078e+00,2.555000000000000000e+03,0.000000000000000000e+00
5.328568800000000000e+07,5.396099853515625000e+02,5.237070083618164062e+01,4.860219955444335938e+00,2.426000000000000000e+03,0.000000000000000000e+00
5.328658800000000000e+07,1.016100006103515625e+02,5.236109161376953125e+01,4.864729881286621094e+00,2.434000000000000000e+03,0.000000000000000000e+00
5.330287200000000000e+07,1.502799987792968750e+02,5.235237884521484375e+01,4.852089881896972656e+00,3.682000000000000000e+03,0.000000000000000000e+00
5.330712800000000000e+07,1.940800018310546875e+02,5.237081909179687500e+01,4.877749919891357422e+00,1.238000000000000000e+03,0.000000000000000000e+00
5.331842400000000000e+07,1.648800048828125000e+02,5.237496185302734375e+01,4.847439765930175781e+00,3.307000000000000000e+03,0.000000000000000000e+00
5.332118400000000000e+07,1.045299987792968750e+02,5.238229370117187500e+01,4.848310947418212891e+00,3.431000000000000000e+03,0.000000000000000000e+00
5.333860800000000000e+07,1.785099945068359375e+02,5.236167907714843750e+01,4.850140094757080078e+00,3.308000000000000000e+03,0.000000000000000000e+00
5.334673200000000000e+07,1.424900054931640625e+02,5.238029098510742188e+01,4.892970085144042969e+00,9.540000000000000000e+02,0.000000000000000000e+00
5.335099200000000000e+07,2.953099975585937500e+02,5.238216018676757812e+01,4.885000228881835938e+00,1.360000000000000000e+03,0.000000000000000000e+00
5.335297600000000000e+07,1.113499984741210938e+02,5.237034988403320312e+01,4.854839801788330078e+00,2.793000000000000000e+03,0.000000000000000000e+00
5.337027200000000000e+07,1.502799987792968750e+02,5.236227035522460938e+01,4.863969802856445312e+00,2.418000000000000000e+03,0.000000000000000000e+00
5.337081600000000000e+07,2.962799987792968750e+02,5.235948944091796875e+01,4.854720115661621094e+00,3.118000000000000000e+03,0.000000000000000000e+00
5.337656800000000000e+07,1.103700027465820312e+02,5.237041091918945312e+01,4.848149776458740234e+00,3.246000000000000000e+03,0.000000000000000000e+00
5.338112800000000000e+07,1.541699981689453125e+02,5.236993026733398438e+01,4.867539882659912109e+00,1.938000000000000000e+03,0.000000000000000000e+00
5.338311200000000000e+07,1.989499969482421875e+02,5.232194137573242188e+01,4.857510089874267578e+00,6.137000000000000000e+03,0.000000000000000000e+00
5.338964000000000000e+07,1.823999938964843750e+02,5.236894989013671875e+01,4.952929973602294922e+00,3.886000000000000000e+03,0.000000000000000000e+00
5.339094400000000000e+07,2.777900085449218750e+02,5.236373138427734375e+01,4.878489971160888672e+00,1.491000000000000000e+03,0.000000000000000000e+00
5.339119200000000000e+07,2.875199890136718750e+02,5.236233139038085938e+01,4.878980159759521484e+00,1.566000000000000000e+03,0.000000000000000000e+00
5.339133600000000000e+07,2.972500000000000000e+02,5.236191177368164062e+01,4.879020214080810547e+00,1.596000000000000000e+03,0.000000000000000000e+00
5.339144000000000000e+07,3.069899902343750000e+02,5.236336898803710938e+01,4.877110004425048828e+00,1.590000000000000000e+03,0.000000000000000000e+00
5.339242800000000000e+07,1.502799987792968750e+02,5.236281967163085938e+01,4.864910125732421875e+00,2.334000000000000000e+03,0.000000000000000000e+00
5.339283200000000000e+07,1.035599975585937500e+02,5.238293075561523438e+01,4.852290153503417969e+00,3.204000000000000000e+03,0.000000000000000000e+00
5.339831600000000000e+07,1.064800033569335938e+02,5.237726974487304688e+01,4.854599952697753906e+00,2.867000000000000000e+03,0.000000000000000000e+00
5.340129600000000000e+07,3.926400146484375000e+02,5.236378097534179688e+01,4.883480072021484375e+00,1.235000000000000000e+03,0.000000000000000000e+00
5.341394400000000000e+07,5.327999877929687500e+02,5.236791992187500000e+01,4.875249862670898438e+00,1.470000000000000000e+03,0.000000000000000000e+00
5.342484000000000000e+07,7.241000366210937500e+01,5.235329055786132812e+01,4.910830020904541016e+00,2.304000000000000000e+03,0.000000000000000000e+00
5.342508400000000000e+07,2.047899932861328125e+02,5.237448883056640625e+01,4.842820167541503906e+00,3.615000000000000000e+03,0.000000000000000000e+00
5.343933600000000000e+07,1.366499938964843750e+02,5.238462066650390625e+01,4.881629943847656250e+00,1.714000000000000000e+03,0.000000000000000000e+00
5.344279200000000000e+07,2.135500030517578125e+02,5.237511825561523438e+01,4.892230033874511719e+00,4.360000000000000000e+02,0.000000000000000000e+00
5.345349600000000000e+07,3.936099853515625000e+02,5.238887023925781250e+01,5.001319885253906250e+00,7.400000000000000000e+03,0.000000000000000000e+00
5.347037600000000000e+07,1.502799987792968750e+02,5.235218811035156250e+01,4.915870189666748047e+00,2.577000000000000000e+03,0.000000000000000000e+00
5.347472800000000000e+07,1.940800018310546875e+02,5.235652160644531250e+01,4.904439926147460938e+00,1.806000000000000000e+03,0.000000000000000000e+00
5.347882400000000000e+07,3.381300048828125000e+02,5.234930038452148438e+01,4.908259868621826172e+00,2.649000000000000000e+03,0.000000000000000000e+00
5.348789600000000000e+07,3.576000061035156250e+02,5.237522888183593750e+01,4.869929790496826172e+00,1.801000000000000000e+03,0.000000000000000000e+00
5.348939200000000000e+07,1.016100006103515625e+02,5.237274932861328125e+01,4.861899852752685547e+00,2.310000000000000000e+03,0.000000000000000000e+00
5.349546000000000000e+07,2.612399902343750000e+02,5.237461853027343750e+01,4.891129970550537109e+00,4.430000000000000000e+02,0.000000000000000000e+00
5.349638800000000000e+07,3.449500122070312500e+02,5.237662887573242188e+01,4.889510154724121094e+00,6.820000000000000000e+02,0.000000000000000000e+00
5.350868800000000000e+07,1.158650024414062500e+03,5.237773895263671875e+01,4.881549835205078125e+00,1.171000000000000000e+03,0.000000000000000000e+00
5.352836000000000000e+07,9.187999725341796875e+01,5.235353851318359375e+01,4.855599880218505859e+00,3.414000000000000000e+03,0.000000000000000000e+00
5.353715600000000000e+07,1.862899932861328125e+02,5.234915161132812500e+01,4.876959800720214844e+00,2.838000000000000000e+03,0.000000000000000000e+00
5.354452000000000000e+07,3.283999938964843750e+02,5.237250137329101562e+01,4.888460159301757812e+00,5.090000000000000000e+02,0.000000000000000000e+00
5.354481600000000000e+07,8.754099731445312500e+02,5.237149047851562500e+01,4.897150039672851562e+00,9.600000000000000000e+01,0.000000000000000000e+00
5.354602000000000000e+07,1.166439941406250000e+03,5.237366104125976562e+01,4.896359920501708984e+00,1.980000000000000000e+02,0.000000000000000000e+00
5.355160000000000000e+07,1.006399993896484375e+02,5.236814117431640625e+01,4.870950222015380859e+00,1.745000000000000000e+03,0.000000000000000000e+00
5.355918800000000000e+07,2.271699981689453125e+02,5.238592147827148438e+01,4.888179779052734375e+00,1.645000000000000000e+03,0.000000000000000000e+00
5.356343600000000000e+07,2.232799987792968750e+02,5.239611816406250000e+01,4.904310226440429688e+00,2.753000000000000000e+03,0.000000000000000000e+00
5.356448000000000000e+07,3.731700134277343750e+02,5.236616897583007812e+01,4.880849838256835938e+00,1.204000000000000000e+03,0.000000000000000000e+00
5.356825200000000000e+07,1.590399932861328125e+02,5.238782882690429688e+01,4.883120059967041016e+00,1.972000000000000000e+03,0.000000000000000000e+00
5.356925200000000000e+07,1.794799957275390625e+02,5.237825012207031250e+01,4.853400230407714844e+00,2.970000000000000000e+03,0.000000000000000000e+00
5.357874400000000000e+07,1.210800018310546875e+02,5.234809875488281250e+01,4.900990009307861328e+00,2.669000000000000000e+03,0.000000000000000000e+00
5.358016400000000000e+07,1.678000030517578125e+02,5.235213851928710938e+01,4.794104099273681641e+00,7.253000000000000000e+03,0.000000000000000000e+00
5.358310400000000000e+07,1.395700073242187500e+02,5.238423156738281250e+01,4.855400085449218750e+00,3.072000000000000000e+03,0.000000000000000000e+00
5.358599200000000000e+07,2.602699890136718750e+02,5.237250900268554688e+01,4.886899948120117188e+00,6.150000000000000000e+02,0.000000000000000000e+00
5.358860800000000000e+07,1.648800048828125000e+02,5.237316131591796875e+01,4.949429988861083984e+00,3.637000000000000000e+03,0.000000000000000000e+00
5.359841600000000000e+07,1.366499938964843750e+02,5.236688995361328125e+01,4.855731010437011719e+00,2.783000000000000000e+03,0.000000000000000000e+00
5.360350400000000000e+07,1.989499969482421875e+02,5.234917831420898438e+01,4.891670227050781250e+00,2.543000000000000000e+03,0.000000000000000000e+00
5.363733600000000000e+07,1.405500030517578125e+02,5.235955810546875000e+01,4.861499786376953125e+00,2.709000000000000000e+03,0.000000000000000000e+00
5.363953200000000000e+07,1.454100036621093750e+02,5.234683990478515625e+01,4.848259925842285156e+00,4.270000000000000000e+03,0.000000000000000000e+00
5.366849600000000000e+07,1.746100006103515625e+02,5.238391113281250000e+01,4.856359958648681641e+00,2.998000000000000000e+03,0.000000000000000000e+00
5.366992000000000000e+07,1.843500061035156250e+02,5.237517166137695312e+01,4.881889820098876953e+00,1.018000000000000000e+03,0.000000000000000000e+00
5.367763200000000000e+07,2.378800048828125000e+02,5.235034179687500000e+01,4.891520023345947266e+00,2.415000000000000000e+03,0.000000000000000000e+00
5.369998000000000000e+07,1.259499969482421875e+02,5.236592102050781250e+01,4.860099792480468750e+00,2.520000000000000000e+03,0.000000000000000000e+00
5.370199200000000000e+07,1.181600036621093750e+02,5.238375854492187500e+01,4.878640174865722656e+00,1.764000000000000000e+03,0.000000000000000000e+00
5.370266800000000000e+07,1.794799957275390625e+02,5.236423110961914062e+01,4.851490020751953125e+00,3.133000000000000000e+03,0.000000000000000000e+00
5.370294400000000000e+07,1.502799987792968750e+02,5.235111999511718750e+01,4.862730026245117188e+00,3.227000000000000000e+03,0.000000000000000000e+00
5.371127200000000000e+07,2.719500122070312500e+02,5.238143920898437500e+01,4.872660160064697266e+00,1.901000000000000000e+03,0.000000000000000000e+00
5.372027200000000000e+07,2.261999969482421875e+02,5.237028121948242188e+01,4.886380195617675781e+00,6.710000000000000000e+02,0.000000000000000000e+00
5.373644800000000000e+07,6.365000152587890625e+01,5.236742019653320312e+01,4.860859870910644531e+00,2.430000000000000000e+03,0.000000000000000000e+00
5.373779600000000000e+07,1.697500000000000000e+02,5.236114120483398438e+01,4.910860061645507812e+00,1.569000000000000000e+03,0.000000000000000000e+00
5.374459200000000000e+07,9.772000122070312500e+01,5.236394882202148438e+01,4.944129943847656250e+00,3.392000000000000000e+03,0.000000000000000000e+00
5.376217600000000000e+07,1.502799987792968750e+02,5.234634017944335938e+01,4.906579971313476562e+00,2.933000000000000000e+03,0.000000000000000000e+00
5.377260800000000000e+07,2.768099975585937500e+02,5.242084503173828125e+01,4.900433540344238281e+00,5.451000000000000000e+03,0.000000000000000000e+00
5.377755200000000000e+07,1.493099975585937500e+02,5.238140106201171875e+01,4.872039794921875000e+00,1.934000000000000000e+03,0.000000000000000000e+00
5.379085200000000000e+07,2.057599945068359375e+02,5.237263107299804688e+01,4.875539779663085938e+00,1.385000000000000000e+03,0.000000000000000000e+00
5.379470400000000000e+07,1.989499969482421875e+02,5.237427902221679688e+01,4.877739906311035156e+00,1.261000000000000000e+03,0.000000000000000000e+00
5.380365200000000000e+07,3.799899902343750000e+02,5.236581039428710938e+01,4.943679809570312500e+00,3.314000000000000000e+03,0.000000000000000000e+00
5.380504400000000000e+07,4.082099914550781250e+02,5.235636901855468750e+01,4.903619766235351562e+00,1.805000000000000000e+03,0.000000000000000000e+00
5.381132800000000000e+07,1.853200073242187500e+02,5.237425994873046875e+01,4.870069980621337891e+00,1.773000000000000000e+03,0.000000000000000000e+00
5.381193600000000000e+07,1.989499969482421875e+02,5.236034011840820312e+01,4.866489887237548828e+00,2.375000000000000000e+03,0.000000000000000000e+00
5.382540400000000000e+07,3.250999832153320312e+01,5.230020141601562500e+01,4.976799964904785156e+00,9.684000000000000000e+03,0.000000000000000000e+00
5.386366000000000000e+07,4.140499877929687500e+02,5.238428115844726562e+01,4.880209922790527344e+00,1.741000000000000000e+03,0.000000000000000000e+00
5.388538400000000000e+07,1.405500030517578125e+02,5.237432098388671875e+01,4.870500087738037109e+00,1.745000000000000000e+03,0.000000000000000000e+00
5.388639600000000000e+07,1.502799987792968750e+02,5.239381027221679688e+01,4.994840145111083984e+00,7.144000000000000000e+03,0.000000000000000000e+00
5.389758000000000000e+07,1.210800018310546875e+02,5.235908889770507812e+01,4.861460208892822266e+00,2.738000000000000000e+03,0.000000000000000000e+00
5.391146800000000000e+07,8.701000213623046875e+01,5.238293838500976562e+01,4.835440158843994141e+00,4.284000000000000000e+03,0.000000000000000000e+00
5.392942000000000000e+07,5.843900146484375000e+02,5.236906814575195312e+01,4.853579998016357422e+00,2.890000000000000000e+03,0.000000000000000000e+00
5.398141200000000000e+07,2.515099945068359375e+02,5.237907028198242188e+01,4.885550022125244141e+00,1.063000000000000000e+03,0.000000000000000000e+00
5.398166400000000000e+07,4.899700012207031250e+02,5.234405899047851562e+01,4.901649951934814453e+00,3.120000000000000000e+03,0.000000000000000000e+00
5.398216800000000000e+07,1.493099975585937500e+02,5.237081146240234375e+01,4.858670234680175781e+00,2.530000000000000000e+03,0.000000000000000000e+00
5.400301600000000000e+07,1.502799987792968750e+02,5.235182189941406250e+01,4.847970008850097656e+00,3.947000000000000000e+03,0.000000000000000000e+00
5.404308800000000000e+07,1.658500061035156250e+02,5.238359832763671875e+01,4.861529827117919922e+00,2.671000000000000000e+03,0.000000000000000000e+00
5.407118000000000000e+07,1.609900054931640625e+02,5.237084960937500000e+01,4.910590171813964844e+00,1.004000000000000000e+03,0.000000000000000000e+00
5.411597600000000000e+07,1.600099945068359375e+02,5.234933090209960938e+01,4.849870204925537109e+00,4.008000000000000000e+03,0.000000000000000000e+00
5.412529600000000000e+07,1.989499969482421875e+02,5.236589050292968750e+01,4.873000144958496094e+00,1.692000000000000000e+03,0.000000000000000000e+00
5.412673200000000000e+07,4.909500122070312500e+02,5.235375976562500000e+01,4.905990123748779297e+00,2.130000000000000000e+03,0.000000000000000000e+00
5.413953600000000000e+07,1.162099990844726562e+02,5.234297943115234375e+01,4.894179821014404297e+00,3.218000000000000000e+03,0.000000000000000000e+00
5.416420400000000000e+07,1.979700012207031250e+02,5.236442184448242188e+01,4.907299995422363281e+00,1.136000000000000000e+03,0.000000000000000000e+00
5.417184400000000000e+07,1.600099945068359375e+02,5.237683868408203125e+01,4.892479896545410156e+00,5.960000000000000000e+02,0.000000000000000000e+00
5.417902800000000000e+07,1.794799957275390625e+02,5.236595916748046875e+01,4.883520126342773438e+00,1.069000000000000000e+03,0.000000000000000000e+00
5.418862000000000000e+07,2.612399902343750000e+02,5.236331176757812500e+01,4.901579856872558594e+00,1.030000000000000000e+03,0.000000000000000000e+00
5.418904000000000000e+07,3.099100036621093750e+02,5.236301040649414062e+01,4.899859905242919922e+00,1.024000000000000000e+03,0.000000000000000000e+00
5.418920800000000000e+07,3.585700073242187500e+02,5.236312103271484375e+01,4.900459766387939453e+00,1.024000000000000000e+03,0.000000000000000000e+00
5.420382400000000000e+07,1.892100067138671875e+02,5.236925125122070312e+01,4.853390216827392578e+00,2.901000000000000000e+03,0.000000000000000000e+00
5.422020000000000000e+07,1.551499938964843750e+02,5.236436080932617188e+01,4.938980102539062500e+00,3.043000000000000000e+03,0.000000000000000000e+00
5.422639600000000000e+07,1.386000061035156250e+02,5.235374069213867188e+01,4.881450176239013672e+00,2.245000000000000000e+03,0.000000000000000000e+00
5.423444000000000000e+07,2.476100006103515625e+02,5.236793899536132812e+01,4.867914199829101562e+00,1.950000000000000000e+03,0.000000000000000000e+00
5.423934000000000000e+07,1.882400054931640625e+02,5.234735107421875000e+01,4.850560188293457031e+00,4.115000000000000000e+03,0.000000000000000000e+00
5.423949600000000000e+07,1.434700012207031250e+02,5.237290954589843750e+01,4.849559783935546875e+00,3.148000000000000000e+03,0.000000000000000000e+00
5.424472000000000000e+07,1.308099975585937500e+02,5.232004928588867188e+01,4.979859828948974609e+00,8.110000000000000000e+03,0.000000000000000000e+00
5.425524400000000000e+07,2.427500000000000000e+02,5.236473083496093750e+01,4.874979972839355469e+00,1.629000000000000000e+03,0.000000000000000000e+00
5.426574000000000000e+07,3.400799865722656250e+02,5.236571884155273438e+01,4.882659912109375000e+00,1.131000000000000000e+03,0.000000000000000000e+00
5.427115600000000000e+07,1.989499969482421875e+02,5.237817001342773438e+01,4.847710132598876953e+00,3.345000000000000000e+03,0.000000000000000000e+00
5.429527600000000000e+07,6.462999725341796875e+01,5.239744949340820312e+01,4.932139873504638672e+00,3.758000000000000000e+03,0.000000000000000000e+00
5.429884000000000000e+07,4.130799865722656250e+02,5.236299133300781250e+01,4.889599800109863281e+00,1.079000000000000000e+03,0.000000000000000000e+00
5.430289600000000000e+07,8.116999816894531250e+01,5.237078094482421875e+01,4.907889842987060547e+00,8.230000000000000000e+02,0.000000000000000000e+00
5.430331200000000000e+07,6.948999786376953125e+01,5.235837936401367188e+01,4.897799968719482422e+00,1.509000000000000000e+03,0.000000000000000000e+00
5.431168800000000000e+07,1.201100006103515625e+02,5.235715103149414062e+01,4.837200164794921875e+00,4.310000000000000000e+03,0.000000000000000000e+00
5.431643600000000000e+07,2.232799987792968750e+02,5.239355850219726562e+01,4.879039764404296875e+00,2.666000000000000000e+03,0.000000000000000000e+00
5.432531600000000000e+07,5.488999938964843750e+01,5.238444900512695312e+01,4.833079814910888672e+00,4.487000000000000000e+03,0.000000000000000000e+00
5.432629200000000000e+07,2.875199890136718750e+02,5.238423156738281250e+01,4.833179950714111328e+00,4.473000000000000000e+03,0.000000000000000000e+00
5.432895200000000000e+07,2.116000061035156250e+02,5.235765838623046875e+01,4.895199775695800781e+00,1.584000000000000000e+03,0.000000000000000000e+00
5.436138800000000000e+07,2.738900146484375000e+02,5.239171981811523438e+01,4.872799873352050781e+00,2.705000000000000000e+03,0.000000000000000000e+00
5.436248000000000000e+07,6.268000030517578125e+01,5.235755157470703125e+01,4.897719860076904297e+00,1.600000000000000000e+03,0.000000000000000000e+00
5.436264800000000000e+07,1.901900024414062500e+02,5.235776138305664062e+01,4.897490024566650391e+00,1.576000000000000000e+03,0.000000000000000000e+00
5.436272400000000000e+07,1.901900024414062500e+02,5.235755920410156250e+01,4.897709846496582031e+00,1.599000000000000000e+03,0.000000000000000000e+00
5.436280400000000000e+07,2.417700042724609375e+02,5.235939025878906250e+01,4.897570133209228516e+00,1.395000000000000000e+03,0.000000000000000000e+00
5.436558400000000000e+07,1.989499969482421875e+02,5.235742187500000000e+01,4.898897171020507812e+00,1.623000000000000000e+03,0.000000000000000000e+00
5.439023600000000000e+07,2.680499877929687500e+02,5.235278701782226562e+01,4.892900943756103516e+00,2.135000000000000000e+03,0.000000000000000000e+00
5.439093600000000000e+07,1.113499984741210938e+02,5.235692977905273438e+01,4.888549804687500000e+00,1.738000000000000000e+03,0.000000000000000000e+00
5.439485600000000000e+07,9.187999725341796875e+01,5.238116836547851562e+01,4.861919879913330078e+00,2.526000000000000000e+03,0.000000000000000000e+00
5.440703200000000000e+07,9.284999847412109375e+01,5.237017822265625000e+01,4.863120079040527344e+00,2.234000000000000000e+03,0.000000000000000000e+00
5.012818852724080640e+17,1.259499969482421875e+02,5.235626983642578125e+01,4.902560234069824219e+00,1.796000000000000000e+03,0.000000000000000000e+00
5.158777303324426240e+17,3.449500122070312500e+02,5.236616897583007812e+01,4.874360084533691406e+00,1.595000000000000000e+03,0.000000000000000000e+00
5.173216639776194560e+17,3.585700073242187500e+02,5.235303115844726562e+01,4.900129795074462891e+00,2.118000000000000000e+03,0.000000000000000000e+00
5.208932900614963200e+17,1.016100006103515625e+02,5.235245895385742188e+01,4.802670001983642578e+00,6.689000000000000000e+03,0.000000000000000000e+00
5.281153634690662400e+17,1.921300048828125000e+02,5.237633132934570312e+01,4.879509925842285156e+00,1.217000000000000000e+03,0.000000000000000000e+00
5.286363601819402240e+17,1.016100006103515625e+02,5.234222030639648438e+01,4.945960044860839844e+00,4.738000000000000000e+03,0.000000000000000000e+00
5.304320344687902720e+17,1.901900024414062500e+02,5.236794281005859375e+01,4.937016010284423828e+00,2.826000000000000000e+03,0.000000000000000000e+00
5.431708731089879040e+17,2.719500122070312500e+02,5.235282135009765625e+01,4.886620044708251953e+00,2.213000000000000000e+03,0.000000000000000000e+00
5.435740159192596480e+17,2.719500122070312500e+02,5.237313079833984375e+01,4.922579765319824219e+00,1.816000000000000000e+03,0.000000000000000000e+00
5.439726232440668160e+17,2.719500122070312500e+02,5.236328125000000000e+01,4.932030200958251953e+00,2.634000000000000000e+03,0.000000000000000000e+00
5.453605505157038080e+17,4.714800109863281250e+02,5.237454986572265625e+01,4.888649940490722656e+00,5.740000000000000000e+02,0.000000000000000000e+00
5.464007915947950080e+17,6.408400268554687500e+02,5.236248016357421875e+01,4.874360084533691406e+00,1.799000000000000000e+03,0.000000000000000000e+00
5.468667783665418240e+17,3.449500122070312500e+02,5.235462188720703125e+01,4.891829967498779297e+00,1.941000000000000000e+03,0.000000000000000000e+00
5.468979770089799680e+17,1.308099975585937500e+02,5.238822174072265625e+01,4.883039951324462891e+00,2.014000000000000000e+03,0.000000000000000000e+00
5.477485523322798080e+17,1.298399963378906250e+02,5.238687896728515625e+01,4.903329849243164062e+00,1.740000000000000000e+03,0.000000000000000000e+00
5.478768172356075520e+17,1.979700012207031250e+02,5.237810134887695312e+01,4.838799953460693359e+00,3.937000000000000000e+03,0.000000000000000000e+00
5.482080451134750720e+17,8.019999694824218750e+01,5.236439895629882812e+01,4.884369850158691406e+00,1.144000000000000000e+03,0.000000000000000000e+00
5.483805310000824320e+17,1.989499969482421875e+02,5.237229919433593750e+01,4.839039802551269531e+00,3.860000000000000000e+03,0.000000000000000000e+00
5.490119942718095360e+17,4.052900085449218750e+02,5.236127853393554688e+01,4.902200222015380859e+00,1.256000000000000000e+03,0.000000000000000000e+00
5.514700899546562560e+17,1.210800018310546875e+02,5.234556961059570312e+01,4.846370220184326172e+00,4.459000000000000000e+03,0.000000000000000000e+00
5.520372317961584640e+17,2.962799987792968750e+02,5.236656951904296875e+01,4.852719783782958984e+00,2.991000000000000000e+03,0.000000000000000000e+00
5.527030204465152000e+17,1.502799987792968750e+02,5.238566970825195312e+01,4.854539871215820312e+00,3.198000000000000000e+03,0.000000000000000000e+00
5.528776709966397440e+17,3.283999938964843750e+02,5.235086822509765625e+01,4.864550113677978516e+00,3.162000000000000000e+03,0.000000000000000000e+00
5.532612287560417280e+17,1.989499969482421875e+02,5.236837387084960938e+01,4.866906166076660156e+00,2.007000000000000000e+03,0.000000000000000000e+00
5.534068453272453120e+17,2.184100036621093750e+02,5.240687942504882812e+01,4.907810211181640625e+00,3.973000000000000000e+03,0.000000000000000000e+00
5.540323987239731200e+17,1.288699951171875000e+02,5.236344146728515625e+01,4.886499881744384766e+00,1.137000000000000000e+03,0.000000000000000000e+00
5.541251700175667200e+17,1.210800018310546875e+02,5.237538146972656250e+01,4.962709903717041016e+00,4.552000000000000000e+03,0.000000000000000000e+00
5.541973598278778880e+17,6.369400024414062500e+02,5.237739944458007812e+01,4.903210163116455078e+00,7.880000000000000000e+02,0.000000000000000000e+00
5.542387976723496960e+17,7.342800292968750000e+02,5.237152099609375000e+01,4.897840023040771484e+00,1.380000000000000000e+02,0.000000000000000000e+00
5.554634131075235840e+17,1.434700012207031250e+02,5.237580871582031250e+01,4.875170230865478516e+00,1.473000000000000000e+03,0.000000000000000000e+00
5.564837598980997120e+17,1.600099945068359375e+02,5.240639877319335938e+01,4.933390140533447266e+00,4.603000000000000000e+03,0.000000000000000000e+00
5.570934390957015040e+17,1.113499984741210938e+02,5.237311172485351562e+01,4.848909854888916016e+00,3.193000000000000000e+03,0.000000000000000000e+00
5.576589660295004160e+17,1.590399932861328125e+02,5.238571929931640625e+01,4.894519805908203125e+00,1.540000000000000000e+03,0.000000000000000000e+00
5.578255076813701120e+17,1.502799987792968750e+02,5.238912963867187500e+01,4.946807384490966797e+00,3.951000000000000000e+03,0.000000000000000000e+00
5.584801294167572480e+17,1.794799957275390625e+02,5.236180877685546875e+01,4.857329845428466797e+00,2.849000000000000000e+03,0.000000000000000000e+00
5.591277761252556800e+17,2.719500122070312500e+02,5.237115859985351562e+01,4.874360084533691406e+00,1.465000000000000000e+03,0.000000000000000000e+00
5.597926370626764800e+17,4.515999984741210938e+01,5.240702056884765625e+01,4.929470062255859375e+00,4.521000000000000000e+03,0.000000000000000000e+00
5.606814547747799040e+17,1.454100036621093750e+02,5.237334060668945312e+01,4.861633777618408203e+00,2.332000000000000000e+03,0.000000000000000000e+00
5.607420309935226880e+17,1.493099975585937500e+02,5.236846923828125000e+01,4.869740009307861328e+00,1.816000000000000000e+03,0.000000000000000000e+00
5.607435771817492480e+17,2.670799865722656250e+02,5.238560867309570312e+01,4.878719806671142578e+00,1.919000000000000000e+03,0.000000000000000000e+00
5.613772738364702720e+17,6.755000305175781250e+01,5.232693099975585938e+01,4.948649883270263672e+00,6.151000000000000000e+03,0.000000000000000000e+00
5.614601838851522560e+17,3.449500122070312500e+02,5.234500885009765625e+01,4.894219875335693359e+00,2.992000000000000000e+03,0.000000000000000000e+00
5.619976045529661440e+17,2.427500000000000000e+02,5.237397003173828125e+01,4.887800216674804688e+00,5.960000000000000000e+02,0.000000000000000000e+00
5.620380116052869120e+17,1.502799987792968750e+02,5.236447143554687500e+01,4.928850173950195312e+00,2.385000000000000000e+03,0.000000000000000000e+00
5.621196159839109120e+17,3.449500122070312500e+02,5.236722183227539062e+01,4.872459888458251953e+00,1.674000000000000000e+03,0.000000000000000000e+00
5.634766538507550720e+17,1.989499969482421875e+02,5.236162948608398438e+01,4.873340129852294922e+00,1.911000000000000000e+03,0.000000000000000000e+00
5.663813230531706880e+17,2.748699951171875000e+02,5.236399841308593750e+01,4.938859939575195312e+00,3.046000000000000000e+03,0.000000000000000000e+00
5.665574510720450560e+17,9.187999725341796875e+01,5.231911849975585938e+01,4.981760025024414062e+00,8.274000000000000000e+03,0.000000000000000000e+00
5.673863110406963200e+17,1.746100006103515625e+02,5.235990905761718750e+01,4.926089763641357422e+00,2.445000000000000000e+03,0.000000000000000000e+00
5.678290019098296320e+17,1.210800018310546875e+02,5.237427139282226562e+01,4.856150150299072266e+00,2.711000000000000000e+03,0.000000000000000000e+00
5.679915578320486400e+17,9.091000366210937500e+01,5.239717102050781250e+01,4.933700084686279297e+00,3.805000000000000000e+03,0.000000000000000000e+00
5.685148910071316480e+17,1.600099945068359375e+02,5.240618896484375000e+01,4.933889865875244141e+00,4.603000000000000000e+03,0.000000000000000000e+00
5.685207321626542080e+17,1.016100006103515625e+02,5.240426254272460938e+01,4.909252643585205078e+00,3.711000000000000000e+03,0.000000000000000000e+00
5.685234122222469120e+17,2.631900024414062500e+02,5.236183929443359375e+01,4.866559982299804688e+00,2.285000000000000000e+03,0.000000000000000000e+00
5.685614140928819200e+17,1.746100006103515625e+02,5.237567138671875000e+01,4.800459861755371094e+00,6.493000000000000000e+03,0.000000000000000000e+00
5.686831162861813760e+17,1.892100067138671875e+02,5.237654113769531250e+01,4.871049880981445312e+00,1.764000000000000000e+03,0.000000000000000000e+00
5.692825906414878720e+17,2.476100006103515625e+02,5.235977172851562500e+01,4.907090187072753906e+00,1.548000000000000000e+03,0.000000000000000000e+00
5.694572068318740480e+17,1.746100006103515625e+02,5.238325881958007812e+01,4.871469974517822266e+00,2.085000000000000000e+03,0.000000000000000000e+00
5.695357531937832960e+17,1.210800018310546875e+02,5.236830139160156250e+01,4.885550022125244141e+00,8.090000000000000000e+02,0.000000000000000000e+00
5.698579444604600320e+17,2.485899963378906250e+02,5.237522888183593750e+01,4.899640083312988281e+00,4.490000000000000000e+02,0.000000000000000000e+00
5.700293995549163520e+17,1.746100006103515625e+02,5.237628173828125000e+01,4.838029861450195312e+00,3.959000000000000000e+03,0.000000000000000000e+00
5.703394961936875520e+17,1.989499969482421875e+02,5.235906219482421875e+01,4.791679859161376953e+00,7.219000000000000000e+03,0.000000000000000000e+00
5.715261441179648000e+17,1.960299987792968750e+02,5.235456085205078125e+01,4.928540229797363281e+00,2.937000000000000000e+03,0.000000000000000000e+00
5.715341155772661760e+17,1.823999938964843750e+02,5.238817977905273438e+01,4.880607128143310547e+00,2.087000000000000000e+03,0.000000000000000000e+00
5.721461655968153600e+17,1.317899932861328125e+02,5.235911178588867188e+01,4.878359794616699219e+00,1.855000000000000000e+03,0.000000000000000000e+00
5.724711400022999040e+17,2.271699981689453125e+02,5.236470794677734375e+01,4.880171775817871094e+00,1.334000000000000000e+03,0.000000000000000000e+00
5.731185461926297600e+17,1.502799987792968750e+02,5.236590957641601562e+01,4.873229980468750000e+00,1.677000000000000000e+03,0.000000000000000000e+00
5.734831373764526080e+17,1.405500030517578125e+02,5.237437820434570312e+01,4.865320205688476562e+00,2.094000000000000000e+03,0.000000000000000000e+00
5.736845885225041920e+17,1.862899932861328125e+02,5.234738922119140625e+01,4.876949787139892578e+00,3.014000000000000000e+03,0.000000000000000000e+00
5.738034388575191040e+17,1.113499984741210938e+02,5.240084838867187500e+01,4.950349807739257812e+00,4.901000000000000000e+03,0.000000000000000000e+00
5.744238726532300800e+17,1.356799926757812500e+02,5.235654830932617188e+01,4.919799804687500000e+00,2.355000000000000000e+03,0.000000000000000000e+00
5.746448744904130560e+17,1.502799987792968750e+02,5.236521911621093750e+01,4.837979793548583984e+00,4.002000000000000000e+03,0.000000000000000000e+00
5.750239654838272000e+17,1.259499969482421875e+02,5.237166976928710938e+01,4.859940052032470703e+00,2.441000000000000000e+03,0.000000000000000000e+00
5.750425197425459200e+17,1.356799926757812500e+02,5.234926986694335938e+01,4.913559913635253906e+00,2.787000000000000000e+03,0.000000000000000000e+00
5.750487044954521600e+17,7.923000335693359375e+01,5.233554077148437500e+01,4.806719779968261719e+00,7.282000000000000000e+03,0.000000000000000000e+00
5.750838888675409920e+17,7.047000122070312500e+01,5.232464981079101562e+01,4.947100162506103516e+00,6.301000000000000000e+03,0.000000000000000000e+00
5.768012573106503680e+17,1.103700027465820312e+02,5.233948135375976562e+01,4.908909797668457031e+00,3.711000000000000000e+03,0.000000000000000000e+00
5.771903469879296000e+17,9.966999816894531250e+01,5.235918045043945312e+01,4.928259849548339844e+00,2.613000000000000000e+03,0.000000000000000000e+00
5.773319778294824960e+17,3.829100036621093750e+02,5.236468124389648438e+01,4.908430099487304688e+00,1.170000000000000000e+03,0.000000000000000000e+00
5.778870937625559040e+17,2.456699981689453125e+02,5.235435104370117188e+01,4.927820205688476562e+00,2.916000000000000000e+03,0.000000000000000000e+00
5.779335481288294400e+17,2.310700073242187500e+02,5.236964797973632812e+01,4.857529163360595703e+00,2.617000000000000000e+03,0.000000000000000000e+00
5.782664252741386240e+17,5.396099853515625000e+02,5.237154388427734375e+01,4.911503314971923828e+00,1.060000000000000000e+03,0.000000000000000000e+00
5.787548145953013760e+17,2.281499938964843750e+02,5.236938858032226562e+01,4.849840164184570312e+00,3.139000000000000000e+03,0.000000000000000000e+00
5.788991942159237120e+17,1.502799987792968750e+02,5.237250900268554688e+01,4.867740154266357422e+00,1.913000000000000000e+03,0.000000000000000000e+00
5.790101074513756160e+17,2.670799865722656250e+02,5.235176086425781250e+01,4.891598224639892578e+00,2.258000000000000000e+03,0.000000000000000000e+00
5.793908133524930560e+17,3.449500122070312500e+02,5.235570907592773438e+01,4.896664142608642578e+00,1.801000000000000000e+03,0.000000000000000000e+00
5.793926687783649280e+17,2.476100006103515625e+02,5.236304855346679688e+01,4.864610195159912109e+00,2.341000000000000000e+03,0.000000000000000000e+00
5.794006402376663040e+17,4.033500061035156250e+02,5.235876083374023438e+01,4.895071029663085938e+00,1.462000000000000000e+03,0.000000000000000000e+00
5.796886435646668800e+17,5.950900268554687500e+02,5.236251068115234375e+01,4.919310092926025391e+00,1.902000000000000000e+03,0.000000000000000000e+00
5.802353070021017600e+17,2.145200042724609375e+02,5.235031890869140625e+01,4.936910152435302734e+00,3.676000000000000000e+03,0.000000000000000000e+00
5.807837571459317760e+17,1.210800018310546875e+02,5.236993026733398438e+01,4.853730201721191406e+00,2.871000000000000000e+03,0.000000000000000000e+00
5.808659456401080320e+17,1.434700012207031250e+02,5.238131713867187500e+01,4.886503219604492188e+00,1.226000000000000000e+03,0.000000000000000000e+00
5.808668389933056000e+17,1.288699951171875000e+02,5.232611846923828125e+01,4.947740077972412109e+00,6.190000000000000000e+03,0.000000000000000000e+00
5.808700688087121920e+17,1.794799957275390625e+02,5.237803268432617188e+01,4.887922763824462891e+00,8.710000000000000000e+02,0.000000000000000000e+00
5.815778794190929920e+17,2.281499938964843750e+02,5.236627960205078125e+01,4.850490093231201172e+00,3.146000000000000000e+03,0.000000000000000000e+00
5.822989528884838400e+17,1.648800048828125000e+02,5.236266326904296875e+01,4.927498817443847656e+00,2.379000000000000000e+03,0.000000000000000000e+00
5.823989397271347200e+17,9.966999816894531250e+01,5.235625839233398438e+01,4.889136791229248047e+00,1.799000000000000000e+03,0.000000000000000000e+00
5.830903951020523520e+17,4.354700012207031250e+02,5.236489868164062500e+01,4.880655765533447266e+00,1.295000000000000000e+03,0.000000000000000000e+00
5.830945182706565120e+17,6.437600097656250000e+02,5.236478805541992188e+01,4.880333900451660156e+00,1.320000000000000000e+03,0.000000000000000000e+00
5.831371930657095680e+17,2.349600067138671875e+02,5.234722137451171875e+01,4.908840179443359375e+00,2.881000000000000000e+03,0.000000000000000000e+00
5.833621119130664960e+17,2.476100006103515625e+02,5.237271118164062500e+01,4.863170146942138672e+00,2.224000000000000000e+03,0.000000000000000000e+00
5.838066582080716800e+17,1.424900054931640625e+02,5.237796020507812500e+01,4.897299766540527344e+00,6.810000000000000000e+02,0.000000000000000000e+00
5.839062327298621440e+17,1.940800018310546875e+02,5.235235977172851562e+01,4.846340179443359375e+00,4.006000000000000000e+03,0.000000000000000000e+00
5.839863596397363200e+17,8.019999694824218750e+01,5.235989379882812500e+01,4.940872669219970703e+00,3.333000000000000000e+03,0.000000000000000000e+00
5.847015919536046080e+17,1.590399932861328125e+02,5.238756942749023438e+01,4.921641826629638672e+00,2.468000000000000000e+03,0.000000000000000000e+00
5.847703801498173440e+17,1.843500061035156250e+02,5.237564849853515625e+01,4.979430198669433594e+00,5.686000000000000000e+03,0.000000000000000000e+00
5.851260034419261440e+17,1.794799957275390625e+02,5.236175918579101562e+01,4.944892883300781250e+00,3.512000000000000000e+03,0.000000000000000000e+00
5.851699839070371840e+17,2.184100036621093750e+02,5.235541152954101562e+01,4.874549865722656250e+00,2.337000000000000000e+03,0.000000000000000000e+00
5.852477056352256000e+17,1.794799957275390625e+02,5.235020065307617188e+01,4.888490200042724609e+00,2.465000000000000000e+03,0.000000000000000000e+00
5.859142158400880640e+17,1.210800018310546875e+02,5.229347991943359375e+01,4.983230113983154297e+00,1.054700000000000000e+04,0.000000000000000000e+00
5.862570573095239680e+17,3.585700073242187500e+02,5.237216949462890625e+01,4.875259876251220703e+00,1.402000000000000000e+03,0.000000000000000000e+00
5.864997057818787840e+17,7.241000366210937500e+01,5.235824584960937500e+01,4.944396972656250000e+00,3.626000000000000000e+03,0.000000000000000000e+00
5.869176576393871360e+17,1.561199951171875000e+02,5.235343933105468750e+01,4.904960155487060547e+00,2.143000000000000000e+03,0.000000000000000000e+00
5.873854998370058240e+17,8.701000213623046875e+01,5.235412979125976562e+01,4.920869827270507812e+00,2.604000000000000000e+03,0.000000000000000000e+00
5.874365584082206720e+17,1.210800018310546875e+02,5.235523986816406250e+01,4.914319992065429688e+00,2.235000000000000000e+03,0.000000000000000000e+00
5.875144175753625600e+17,2.281499938964843750e+02,5.236629486083984375e+01,4.858334064483642578e+00,2.625000000000000000e+03,0.000000000000000000e+00
5.877181708238848000e+17,1.259499969482421875e+02,5.236539840698242188e+01,4.939869880676269531e+00,3.072000000000000000e+03,0.000000000000000000e+00
5.881233408587202560e+17,2.573500061035156250e+02,5.232796096801757812e+01,4.872240066528320312e+00,5.143000000000000000e+03,0.000000000000000000e+00
5.881305564037775360e+17,2.057599945068359375e+02,5.238143157958984375e+01,4.869589805603027344e+00,2.077000000000000000e+03,0.000000000000000000e+00
5.888593264545628160e+17,2.476100006103515625e+02,5.237381744384765625e+01,4.877645969390869141e+00,1.257000000000000000e+03,0.000000000000000000e+00
5.889086670388592640e+17,1.940800018310546875e+02,5.237424850463867188e+01,4.897840023040771484e+00,2.930000000000000000e+02,0.000000000000000000e+00
5.889272900170547200e+17,1.911600036621093750e+02,5.237532043457031250e+01,4.897280216217041016e+00,3.920000000000000000e+02,0.000000000000000000e+00
5.889970402859417600e+17,6.369400024414062500e+02,5.238505172729492188e+01,4.891240119934082031e+00,1.496000000000000000e+03,0.000000000000000000e+00
5.892702689254440960e+17,3.936099853515625000e+02,5.236270141601562500e+01,4.874000072479248047e+00,1.805000000000000000e+03,0.000000000000000000e+00
5.896071318004039680e+17,4.422799987792968750e+02,5.236367034912109375e+01,4.903448104858398438e+00,1.049000000000000000e+03,0.000000000000000000e+00
5.897663548280012800e+17,3.206099853515625000e+02,5.236921691894531250e+01,4.867176055908203125e+00,1.973000000000000000e+03,0.000000000000000000e+00
5.897784494559068160e+17,2.067299957275390625e+02,5.237403869628906250e+01,4.873670101165771484e+00,1.528000000000000000e+03,0.000000000000000000e+00
5.903530130008965120e+17,2.038099975585937500e+02,5.239521789550781250e+01,4.903698921203613281e+00,2.646000000000000000e+03,0.000000000000000000e+00
5.905801308715089920e+17,2.962799987792968750e+02,5.235208511352539062e+01,4.793959140777587891e+00,7.264000000000000000e+03,0.000000000000000000e+00
5.912456102842204160e+17,1.259499969482421875e+02,5.231901931762695312e+01,4.980380058288574219e+00,8.216000000000000000e+03,0.000000000000000000e+00
5.917165448582922240e+17,1.794799957275390625e+02,5.236154937744140625e+01,4.928770065307617188e+00,2.511000000000000000e+03,0.000000000000000000e+00
5.923898582913515520e+17,1.814299926757812500e+02,5.237923431396484375e+01,4.890297889709472656e+00,9.000000000000000000e+02,0.000000000000000000e+00
5.923980359090831360e+17,9.187999725341796875e+01,5.239062881469726562e+01,4.871789932250976562e+00,2.649000000000000000e+03,0.000000000000000000e+00
5.925556096692387840e+17,3.936099853515625000e+02,5.238526153564453125e+01,4.887370109558105469e+00,1.595000000000000000e+03,0.000000000000000000e+00
5.931192468174274560e+17,2.855700073242187500e+02,5.237712860107421875e+01,4.876110076904296875e+00,1.464000000000000000e+03,0.000000000000000000e+00
5.931261187651010560e+17,1.434700012207031250e+02,5.230899047851562500e+01,4.953027248382568359e+00,8.000000000000000000e+03,0.000000000000000000e+00
5.931802009932922880e+17,1.648800048828125000e+02,5.235023498535156250e+01,4.904757976531982422e+00,2.483000000000000000e+03,0.000000000000000000e+00
5.932465840078192640e+17,6.106699829101562500e+02,5.235302352905273438e+01,4.897598266601562500e+00,2.102000000000000000e+03,0.000000000000000000e+00
5.932624582069452800e+17,1.210800018310546875e+02,5.235845947265625000e+01,4.925529956817626953e+00,2.506000000000000000e+03,0.000000000000000000e+00
5.945538346137681920e+17,1.746100006103515625e+02,5.237693023681640625e+01,4.938910007476806641e+00,2.973000000000000000e+03,0.000000000000000000e+00
5.947225409291550720e+17,1.094000015258789062e+02,5.235618972778320312e+01,4.926060199737548828e+00,2.692000000000000000e+03,0.000000000000000000e+00
5.948542761660579840e+17,1.600099945068359375e+02,5.235916900634765625e+01,4.923580169677734375e+00,2.353000000000000000e+03,0.000000000000000000e+00
5.948811454814617600e+17,2.476100006103515625e+02,5.235215759277343750e+01,4.849382400512695312e+00,3.847000000000000000e+03,0.000000000000000000e+00
5.952681735744389120e+17,5.882800292968750000e+02,5.235533523559570312e+01,4.931077480316162109e+00,3.016000000000000000e+03,0.000000000000000000e+00
5.954432708011622400e+17,1.424900054931640625e+02,5.237152862548828125e+01,4.856440067291259766e+00,2.679000000000000000e+03,0.000000000000000000e+00
5.954610004261601280e+17,1.055100021362304688e+02,5.237682342529296875e+01,4.889420986175537109e+00,7.020000000000000000e+02,0.000000000000000000e+00
5.955986455380623360e+17,1.989499969482421875e+02,5.234962463378906250e+01,4.849340915679931641e+00,4.016000000000000000e+03,0.000000000000000000e+00
5.961060014348042240e+17,2.962799987792968750e+02,5.235235977172851562e+01,4.911075115203857422e+00,2.405000000000000000e+03,0.000000000000000000e+00
5.961588467124142080e+17,2.768099975585937500e+02,5.236985778808593750e+01,4.866660594940185547e+00,1.998000000000000000e+03,0.000000000000000000e+00
5.963899503126773760e+17,3.887500000000000000e+02,5.235004043579101562e+01,4.888141155242919922e+00,2.487000000000000000e+03,0.000000000000000000e+00
5.967973880902451200e+17,2.184100036621093750e+02,5.235903930664062500e+01,4.892549991607666016e+00,1.448000000000000000e+03,0.000000000000000000e+00
5.968140869230919680e+17,2.476100006103515625e+02,5.236470413208007812e+01,4.990900039672851562e+00,6.499000000000000000e+03,0.000000000000000000e+00
5.969845112253972480e+17,2.797300109863281250e+02,5.236582946777343750e+01,4.886268615722656250e+00,9.400000000000000000e+02,0.000000000000000000e+00
5.970043711541739520e+17,1.600099945068359375e+02,5.236616516113281250e+01,4.865095615386962891e+00,2.186000000000000000e+03,0.000000000000000000e+00
5.974709076817346560e+17,2.476100006103515625e+02,5.237496948242187500e+01,4.876644611358642578e+00,1.351000000000000000e+03,0.000000000000000000e+00
5.975345419171921920e+17,3.809599914550781250e+02,5.236431884765625000e+01,4.898711204528808594e+00,8.640000000000000000e+02,0.000000000000000000e+00
5.977527949753057280e+17,1.794799957275390625e+02,5.236225128173828125e+01,4.855679988861083984e+00,2.934000000000000000e+03,0.000000000000000000e+00
5.977677758212341760e+17,2.953099975585937500e+02,5.236848068237304688e+01,4.902439117431640625e+00,5.840000000000000000e+02,0.000000000000000000e+00
5.980552293924208640e+17,1.989499969482421875e+02,5.238222885131835938e+01,4.886919975280761719e+00,1.300000000000000000e+03,0.000000000000000000e+00
5.982369924083875840e+17,2.962799987792968750e+02,5.237665176391601562e+01,4.857639789581298828e+00,2.650000000000000000e+03,0.000000000000000000e+00
5.983646731961630720e+17,1.823999938964843750e+02,5.237134933471679688e+01,4.897379875183105469e+00,1.180000000000000000e+02,0.000000000000000000e+00
5.984041181758095360e+17,2.583200073242187500e+02,5.236381912231445312e+01,4.853089809417724609e+00,3.042000000000000000e+03,0.000000000000000000e+00
5.984060423211581440e+17,1.210800018310546875e+02,5.236613082885742188e+01,4.861869812011718750e+00,2.398000000000000000e+03,0.000000000000000000e+00
5.985225218342256640e+17,2.914100036621093750e+02,5.235302734375000000e+01,4.915738105773925781e+00,2.494000000000000000e+03,0.000000000000000000e+00
5.985427940798627840e+17,1.892100067138671875e+02,5.235476303100585938e+01,4.889451503753662109e+00,1.955000000000000000e+03,0.000000000000000000e+00
5.986126817877032960e+17,3.692799987792968750e+02,5.237355804443359375e+01,4.894393920898437500e+00,2.110000000000000000e+02,0.000000000000000000e+00
5.989500256990003200e+17,1.395700073242187500e+02,5.233827972412109375e+01,4.920743465423583984e+00,4.101000000000000000e+03,0.000000000000000000e+00
5.990546167425925120e+17,2.096499938964843750e+02,5.235757064819335938e+01,4.910542488098144531e+00,1.878000000000000000e+03,0.000000000000000000e+00
5.990956422702039040e+17,8.215000152587890625e+01,5.234315872192382812e+01,4.862150192260742188e+00,3.933000000000000000e+03,0.000000000000000000e+00
5.992188562919915520e+17,2.232799987792968750e+02,5.236190795898437500e+01,4.932484149932861328e+00,2.721000000000000000e+03,0.000000000000000000e+00
6.004749108877721600e+17,1.678000030517578125e+02,5.239068603515625000e+01,4.927022933959960938e+00,2.971000000000000000e+03,0.000000000000000000e+00
6.005244576304988160e+17,1.892100067138671875e+02,5.236772918701171875e+01,4.837773799896240234e+00,3.973000000000000000e+03,0.000000000000000000e+00
6.005452109124730880e+17,2.729200134277343750e+02,5.239699172973632812e+01,4.903339862823486328e+00,2.836000000000000000e+03,0.000000000000000000e+00
6.005454170709032960e+17,2.261999969482421875e+02,5.239555358886718750e+01,4.902863979339599609e+00,2.672000000000000000e+03,0.000000000000000000e+00
6.005464478630543360e+17,2.631900024414062500e+02,5.239505767822265625e+01,4.903751850128173828e+00,2.630000000000000000e+03,0.000000000000000000e+00
6.005466540214845440e+17,2.067299957275390625e+02,5.239699172973632812e+01,4.904569625854492188e+00,2.852000000000000000e+03,0.000000000000000000e+00
6.005553126755532800e+17,8.695700073242187500e+02,5.236583709716796875e+01,4.871417522430419922e+00,1.794000000000000000e+03,0.000000000000000000e+00
6.012441567103549440e+17,1.775299987792968750e+02,5.236991119384765625e+01,4.881169795989990234e+00,1.024000000000000000e+03,0.000000000000000000e+00
6.014167113164390400e+17,2.135500030517578125e+02,5.237820434570312500e+01,4.896956920623779297e+00,7.050000000000000000e+02,0.000000000000000000e+00
6.015220582742753280e+17,1.639100036621093750e+02,5.236111068725585938e+01,4.990396976470947266e+00,6.527000000000000000e+03,0.000000000000000000e+00
6.019976657727651840e+17,4.841300048828125000e+02,5.233377075195312500e+01,4.907743453979492188e+00,4.315000000000000000e+03,0.000000000000000000e+00
6.021941347567534080e+17,8.993000030517578125e+01,5.232125091552734375e+01,4.979859828948974609e+00,8.015000000000000000e+03,0.000000000000000000e+00
6.022106961506467840e+17,9.576999664306640625e+01,5.231933212280273438e+01,4.979893684387207031e+00,8.168000000000000000e+03,0.000000000000000000e+00
6.025271493410160640e+17,2.962799987792968750e+02,5.234557723999023438e+01,4.863581180572509766e+00,3.658000000000000000e+03,0.000000000000000000e+00
6.025646014558371840e+17,4.267099914550781250e+02,5.235689544677734375e+01,4.893609523773193359e+00,1.676000000000000000e+03,0.000000000000000000e+00
6.026900145008803840e+17,2.476100006103515625e+02,5.237284851074218750e+01,4.885119915008544922e+00,7.390000000000000000e+02,0.000000000000000000e+00
6.028565217930117120e+17,1.210800018310546875e+02,5.238425064086914062e+01,4.848297595977783203e+00,3.511000000000000000e+03,0.000000000000000000e+00
6.028626378264412160e+17,1.989499969482421875e+02,5.235384750366210938e+01,4.903492450714111328e+00,2.072000000000000000e+03,0.000000000000000000e+00
6.028631188627783680e+17,4.422799987792968750e+02,5.234924316406250000e+01,4.909766197204589844e+00,2.689000000000000000e+03,0.000000000000000000e+00
6.028869645212057600e+17,4.422799987792968750e+02,5.234681701660156250e+01,4.877530097961425781e+00,3.055000000000000000e+03,0.000000000000000000e+00
6.034323910080593920e+17,2.894700012207031250e+02,5.236528778076171875e+01,4.842341423034667969e+00,3.710000000000000000e+03,0.000000000000000000e+00
6.036159407304212480e+17,5.600499877929687500e+02,5.236053466796875000e+01,4.925064086914062500e+00,2.349000000000000000e+03,0.000000000000000000e+00
6.040142388175831040e+17,1.424900054931640625e+02,5.237654876708984375e+01,4.877649307250976562e+00,1.342000000000000000e+03,0.000000000000000000e+00
6.041346353408245760e+17,1.249700012207031250e+02,5.237173461914062500e+01,4.910531044006347656e+00,9.930000000000000000e+02,0.000000000000000000e+00
6.041363533277429760e+17,2.164700012207031250e+02,5.237228775024414062e+01,4.912090778350830078e+00,1.100000000000000000e+03,0.000000000000000000e+00
6.041388272289054720e+17,3.186700134277343750e+02,5.237337112426757812e+01,4.911676883697509766e+00,1.084000000000000000e+03,0.000000000000000000e+00
6.047100235195351040e+17,2.086799926757812500e+02,5.237878036499023438e+01,4.842428207397460938e+00,3.710000000000000000e+03,0.000000000000000000e+00
6.047455514890076160e+17,3.790100097656250000e+02,5.238650131225585938e+01,4.886020183563232422e+00,1.757000000000000000e+03,0.000000000000000000e+00
6.054852479365939200e+17,3.780400085449218750e+02,5.236452865600585938e+01,4.880879878997802734e+00,1.308000000000000000e+03,0.000000000000000000e+00
6.055082689613004800e+17,1.785099945068359375e+02,5.237216186523437500e+01,4.868360042572021484e+00,1.870000000000000000e+03,0.000000000000000000e+00
6.056103861037301760e+17,2.184100036621093750e+02,5.235607528686523438e+01,4.922008991241455078e+00,2.498000000000000000e+03,0.000000000000000000e+00
6.061601419176181760e+17,1.502799987792968750e+02,5.237469863891601562e+01,4.832170009613037109e+00,4.338000000000000000e+03,0.000000000000000000e+00
6.061699000833146880e+17,3.936099853515625000e+02,5.234217071533203125e+01,4.909564971923828125e+00,3.433000000000000000e+03,0.000000000000000000e+00
6.064271858042142720e+17,1.006399993896484375e+02,5.237279891967773438e+01,4.901049137115478516e+00,3.640000000000000000e+02,0.000000000000000000e+00
6.072190403346432000e+17,1.502799987792968750e+02,5.232313919067382812e+01,4.882080078125000000e+00,5.502000000000000000e+03,0.000000000000000000e+00
6.085362552647188480e+17,5.152800292968750000e+02,5.236437988281250000e+01,4.876849174499511719e+00,1.540000000000000000e+03,0.000000000000000000e+00
6.091443539143557120e+17,1.707200012207031250e+02,5.235390090942382812e+01,4.811846733093261719e+00,6.048000000000000000e+03,0.000000000000000000e+00
6.093181454710210560e+17,3.468900146484375000e+02,5.238098144531250000e+01,4.891497611999511719e+00,1.053000000000000000e+03,0.000000000000000000e+00
6.093748390393282560e+17,3.342399902343750000e+02,5.236663055419921875e+01,4.856611728668212891e+00,2.731000000000000000e+03,0.000000000000000000e+00
6.099180665029263360e+17,1.901900024414062500e+02,5.236541366577148438e+01,4.930542469024658203e+00,2.460000000000000000e+03,0.000000000000000000e+00
6.099997739607654400e+17,1.600099945068359375e+02,5.234822082519531250e+01,4.844710350036621094e+00,4.361000000000000000e+03,0.000000000000000000e+00
6.106602368516751360e+17,2.768099975585937500e+02,5.236474227905273438e+01,4.856110572814941406e+00,2.816000000000000000e+03,0.000000000000000000e+00
6.106989259170775040e+17,3.400799865722656250e+02,5.238078308105468750e+01,4.881892681121826172e+00,1.371000000000000000e+03,0.000000000000000000e+00
6.112305397891072000e+17,1.697500000000000000e+02,5.240453338623046875e+01,4.931279659271240234e+00,4.351000000000000000e+03,0.000000000000000000e+00
6.113316261393858560e+17,1.989499969482421875e+02,5.235550689697265625e+01,4.933244228363037109e+00,3.123000000000000000e+03,0.000000000000000000e+00
6.118793203689717760e+17,1.697500000000000000e+02,5.236178970336914062e+01,4.852995872497558594e+00,3.122000000000000000e+03,0.000000000000000000e+00
6.120944123311554560e+17,2.962799987792968750e+02,5.237990188598632812e+01,4.886182785034179688e+00,1.108000000000000000e+03,0.000000000000000000e+00
6.121910319154462720e+17,2.719500122070312500e+02,5.234775924682617188e+01,4.889410018920898438e+00,2.720000000000000000e+03,0.000000000000000000e+00
6.122413345724170240e+17,6.379199829101562500e+02,5.235095977783203125e+01,4.904776096343994141e+00,2.405000000000000000e+03,0.000000000000000000e+00
6.122429151203819520e+17,1.989499969482421875e+02,5.237179183959960938e+01,4.849683761596679688e+00,3.138000000000000000e+03,0.000000000000000000e+00
6.122899879619461120e+17,2.437610107421875000e+03,5.239995574951171875e+01,4.888399124145507812e+00,3.161000000000000000e+03,0.000000000000000000e+00
6.127419559604387840e+17,1.794799957275390625e+02,5.237376022338867188e+01,4.839431762695312500e+00,3.839000000000000000e+03,0.000000000000000000e+00
6.127718489328189440e+17,1.531999969482421875e+02,5.237268829345703125e+01,4.856039524078369141e+00,2.707000000000000000e+03,0.000000000000000000e+00
6.129000107569315840e+17,9.383000183105468750e+01,5.234426498413085938e+01,4.808303833007812500e+00,6.695000000000000000e+03,0.000000000000000000e+00
6.129536806682624000e+17,1.746100006103515625e+02,5.236326217651367188e+01,4.879074573516845703e+00,1.492000000000000000e+03,0.000000000000000000e+00
6.134349918833213440e+17,8.408999633789062500e+01,5.242231369018554688e+01,4.901969909667968750e+00,5.621000000000000000e+03,0.000000000000000000e+00
6.134697639385497600e+17,2.768099975585937500e+02,5.235400772094726562e+01,4.885897159576416016e+00,2.102000000000000000e+03,0.000000000000000000e+00
6.134828893586063360e+17,2.281499938964843750e+02,5.239871978759765625e+01,4.929379940032958984e+00,3.749000000000000000e+03,0.000000000000000000e+00
6.135004815446507520e+17,5.503200073242187500e+02,5.236363601684570312e+01,4.877289772033691406e+00,1.562000000000000000e+03,0.000000000000000000e+00
6.135153936711024640e+17,1.259499969482421875e+02,5.238418960571289062e+01,4.921193122863769531e+00,2.194000000000000000e+03,0.000000000000000000e+00
6.136819696827105280e+17,7.241000366210937500e+01,5.235546875000000000e+01,4.824911117553710938e+00,5.155000000000000000e+03,0.000000000000000000e+00
6.149377494005841920e+17,4.169700012207031250e+02,5.236279296875000000e+01,4.888249874114990234e+00,1.138000000000000000e+03,0.000000000000000000e+00
6.149437279950602240e+17,4.422799987792968750e+02,5.237343978881835938e+01,4.898581504821777344e+00,2.500000000000000000e+02,0.000000000000000000e+00
6.149989784543559680e+17,1.502799987792968750e+02,5.236011123657226562e+01,4.851982116699218750e+00,3.257000000000000000e+03,0.000000000000000000e+00
6.151622559310807040e+17,1.210800018310546875e+02,5.235285949707031250e+01,4.821999549865722656e+00,5.446000000000000000e+03,0.000000000000000000e+00
6.156911210240409600e+17,2.184100036621093750e+02,5.235199737548828125e+01,4.894037723541259766e+00,2.217000000000000000e+03,0.000000000000000000e+00
6.158575595966955520e+17,3.225599975585937500e+02,5.234714889526367188e+01,4.902579784393310547e+00,2.789000000000000000e+03,0.000000000000000000e+00
6.159952047085977600e+17,2.914100036621093750e+02,5.236275100708007812e+01,4.890558242797851562e+00,1.080000000000000000e+03,0.000000000000000000e+00
6.163618231169843200e+17,1.502799987792968750e+02,5.235562896728515625e+01,4.851300716400146484e+00,3.528000000000000000e+03,0.000000000000000000e+00
6.163865621286092800e+17,1.940800018310546875e+02,5.237620544433593750e+01,4.855907917022705078e+00,2.757000000000000000e+03,0.000000000000000000e+00
6.163996875486658560e+17,1.746100006103515625e+02,5.234398269653320312e+01,4.895906925201416016e+00,3.104000000000000000e+03,0.000000000000000000e+00
6.164084149222113280e+17,1.541699981689453125e+02,5.237164306640625000e+01,4.858748912811279297e+00,2.522000000000000000e+03,0.000000000000000000e+00
6.164584427012751360e+17,5.152800292968750000e+02,5.237507247924804688e+01,4.875226974487304688e+00,1.447000000000000000e+03,0.000000000000000000e+00
6.164637341009838080e+17,1.872700042724609375e+02,5.236929321289062500e+01,4.882874488830566406e+00,9.310000000000000000e+02,0.000000000000000000e+00
6.164662767216230400e+17,2.038099975585937500e+02,5.235243225097656250e+01,4.883491992950439453e+00,2.323000000000000000e+03,0.000000000000000000e+00
6.165192594381864960e+17,1.989499969482421875e+02,5.236356735229492188e+01,4.860170841217041016e+00,2.597000000000000000e+03,0.000000000000000000e+00
6.170978774323036160e+17,3.546799926757812500e+02,5.235810852050781250e+01,4.907646656036376953e+00,1.728000000000000000e+03,0.000000000000000000e+00
6.171122398029414400e+17,2.300899963378906250e+02,5.238055038452148438e+01,4.847479820251464844e+00,3.425000000000000000e+03,0.000000000000000000e+00
6.173413505383792640e+17,2.398300018310546875e+02,5.235117721557617188e+01,4.855357170104980469e+00,3.590000000000000000e+03,0.000000000000000000e+00
6.173520707767500800e+17,2.914100036621093750e+02,5.239755630493164062e+01,4.906521320343017578e+00,2.943000000000000000e+03,0.000000000000000000e+00
6.173546133973893120e+17,4.666099853515625000e+02,5.235154724121093750e+01,4.992508888244628906e+00,6.939000000000000000e+03,0.000000000000000000e+00
6.173780467389562880e+17,3.517600097656250000e+02,5.236463546752929688e+01,4.878902435302734375e+00,1.409000000000000000e+03,0.000000000000000000e+00
6.175328030005657600e+17,1.989499969482421875e+02,5.234886932373046875e+01,4.942513942718505859e+00,4.071000000000000000e+03,0.000000000000000000e+00
6.177779940935598080e+17,2.291199951171875000e+02,5.237449264526367188e+01,4.881089687347412109e+00,1.046000000000000000e+03,0.000000000000000000e+00
6.179707522258042880e+17,5.882800292968750000e+02,5.237442398071289062e+01,4.905501842498779297e+00,7.100000000000000000e+02,0.000000000000000000e+00
6.180449005412024320e+17,1.697500000000000000e+02,5.238038253784179688e+01,4.854091644287109375e+00,2.991000000000000000e+03,0.000000000000000000e+00
6.180714949786992640e+17,4.422799987792968750e+02,5.235328674316406250e+01,4.905375957489013672e+00,2.167000000000000000e+03,0.000000000000000000e+00
6.184743972708024320e+17,2.738900146484375000e+02,5.237644195556640625e+01,4.876458168029785156e+00,1.413000000000000000e+03,0.000000000000000000e+00
6.185203706007388160e+17,1.648800048828125000e+02,5.235205078125000000e+01,4.901812076568603516e+00,2.243000000000000000e+03,0.000000000000000000e+00
6.186176086603202560e+17,1.152399978637695312e+02,5.235511779785156250e+01,4.850533485412597656e+00,3.601000000000000000e+03,0.000000000000000000e+00
6.187922935701831680e+17,1.366499938964843750e+02,5.238495635986328125e+01,4.923305988311767578e+00,2.360000000000000000e+03,0.000000000000000000e+00
6.188046630759956480e+17,2.476100006103515625e+02,5.238240814208984375e+01,4.872395992279052734e+00,1.978000000000000000e+03,0.000000000000000000e+00
6.190835267125903360e+17,1.940800018310546875e+02,5.236463928222656250e+01,4.909807205200195312e+00,1.242000000000000000e+03,0.000000000000000000e+00
6.192592424146042880e+17,1.016100006103515625e+02,5.236882400512695312e+01,4.856689929962158203e+00,2.684000000000000000e+03,0.000000000000000000e+00
6.192833629509386240e+17,1.366499938964843750e+02,5.236140823364257812e+01,4.892773628234863281e+00,1.186000000000000000e+03,0.000000000000000000e+00
6.193275495744798720e+17,2.466399993896484375e+02,5.235465621948242188e+01,4.797161579132080078e+00,6.973000000000000000e+03,0.000000000000000000e+00
6.194004609392967680e+17,4.909500122070312500e+02,5.238109207153320312e+01,4.884958267211914062e+00,1.264000000000000000e+03,0.000000000000000000e+00
6.194014230119710720e+17,2.476100006103515625e+02,5.237875747680664062e+01,4.874289035797119141e+00,1.653000000000000000e+03,0.000000000000000000e+00
6.194346145192345600e+17,1.979700012207031250e+02,5.238299560546875000e+01,4.852133750915527344e+00,3.217000000000000000e+03,0.000000000000000000e+00
6.194785949843456000e+17,1.502799987792968750e+02,5.238485336303710938e+01,4.870920181274414062e+00,2.225000000000000000e+03,0.000000000000000000e+00
6.199520034595799040e+17,1.366499938964843750e+02,5.238431930541992188e+01,4.922832012176513672e+00,2.291000000000000000e+03,0.000000000000000000e+00
6.199759865569607680e+17,1.502799987792968750e+02,5.238405227661132812e+01,4.923079490661621094e+00,2.287000000000000000e+03,0.000000000000000000e+00
6.199931664261447680e+17,4.296300048828125000e+02,5.236077880859375000e+01,4.860247135162353516e+00,2.718000000000000000e+03,0.000000000000000000e+00
6.200234029959086080e+17,1.502799987792968750e+02,5.235295867919921875e+01,4.875603199005126953e+00,2.517000000000000000e+03,0.000000000000000000e+00
6.200614735860203520e+17,1.950500030517578125e+02,5.237182235717773438e+01,4.847596645355224609e+00,3.279000000000000000e+03,0.000000000000000000e+00
6.200700635206123520e+17,2.398300018310546875e+02,5.233653640747070312e+01,4.912956714630126953e+00,4.099000000000000000e+03,0.000000000000000000e+00
6.201268945278730240e+17,1.016100006103515625e+02,5.235581588745117188e+01,4.890009880065917969e+00,1.832000000000000000e+03,0.000000000000000000e+00
6.201820075482152960e+17,4.763500061035156250e+02,5.236668777465820312e+01,4.898724555969238281e+00,6.100000000000000000e+02,0.000000000000000000e+00
6.203006173650616320e+17,1.405500030517578125e+02,5.235908126831054688e+01,4.888891220092773438e+00,1.503000000000000000e+03,0.000000000000000000e+00
6.203270056441282560e+17,1.317899932861328125e+02,5.235209274291992188e+01,4.903518676757812500e+00,2.262000000000000000e+03,0.000000000000000000e+00
6.206637997996113920e+17,1.502799987792968750e+02,5.236461257934570312e+01,4.868884086608886719e+00,2.005000000000000000e+03,0.000000000000000000e+00
6.207913431484334080e+17,4.422799987792968750e+02,5.236411666870117188e+01,4.930967807769775391e+00,2.533000000000000000e+03,0.000000000000000000e+00
6.208728444478423040e+17,1.366499938964843750e+02,5.236291503906250000e+01,4.862528800964355469e+00,2.476000000000000000e+03,0.000000000000000000e+00
6.209673337283543040e+17,1.502799987792968750e+02,5.240887451171875000e+01,4.906116008758544922e+00,4.170000000000000000e+03,0.000000000000000000e+00
6.215005281483489280e+17,5.684000015258789062e+01,5.231351470947265625e+01,4.955872535705566406e+00,7.665000000000000000e+03,0.000000000000000000e+00
6.215443024550297600e+17,8.701000213623046875e+01,5.237075042724609375e+01,4.887849807739257812e+00,5.610000000000000000e+02,0.000000000000000000e+00
6.221201029506007040e+17,1.687700042724609375e+02,5.238487625122070312e+01,4.873093128204345703e+00,2.116000000000000000e+03,0.000000000000000000e+00
6.222181656439029760e+17,1.979700012207031250e+02,5.234859848022460938e+01,4.848451137542724609e+00,4.135000000000000000e+03,0.000000000000000000e+00
6.222201585087283200e+17,3.206099853515625000e+02,5.237537384033203125e+01,4.894909858703613281e+00,3.920000000000000000e+02,0.000000000000000000e+00
6.222383004505866240e+17,1.989499969482421875e+02,5.236182403564453125e+01,4.854160785675048828e+00,3.047000000000000000e+03,0.000000000000000000e+00
6.222637953764556800e+17,1.035599975585937500e+02,5.236101531982421875e+01,4.872786045074462891e+00,1.982000000000000000e+03,0.000000000000000000e+00
6.223545050857472000e+17,2.086799926757812500e+02,5.237501907348632812e+01,4.861269950866699219e+00,2.376000000000000000e+03,0.000000000000000000e+00
6.223709290406871040e+17,1.210800018310546875e+02,5.232323074340820312e+01,4.860220432281494141e+00,5.930000000000000000e+03,0.000000000000000000e+00
6.223947746991144960e+17,9.776099853515625000e+02,5.236488342285156250e+01,4.880225181579589844e+00,1.319000000000000000e+03,0.000000000000000000e+00
6.224273477310873600e+17,9.776099853515625000e+02,5.236488342285156250e+01,4.880225181579589844e+00,1.319000000000000000e+03,0.000000000000000000e+00
6.227957528458690560e+17,2.359299926757812500e+02,5.236230850219726562e+01,4.929170131683349609e+00,2.498000000000000000e+03,0.000000000000000000e+00
6.228898985289973760e+17,4.354700012207031250e+02,5.236489868164062500e+01,4.880655765533447266e+00,1.295000000000000000e+03,0.000000000000000000e+00
6.229167678444011520e+17,2.232799987792968750e+02,5.238191986083984375e+01,4.855120658874511719e+00,2.984000000000000000e+03,0.000000000000000000e+00
6.229475541699788800e+17,5.327999877929687500e+02,5.236419296264648438e+01,4.881128311157226562e+00,1.319000000000000000e+03,0.000000000000000000e+00
6.230384013182238720e+17,1.989499969482421875e+02,5.232798767089843750e+01,4.875230312347412109e+00,5.081000000000000000e+03,0.000000000000000000e+00
6.230953697644380160e+17,3.391099853515625000e+02,5.235885620117187500e+01,4.890377044677734375e+00,1.498000000000000000e+03,0.000000000000000000e+00
6.232017475144253440e+17,1.979700012207031250e+02,5.236815261840820312e+01,4.917517662048339844e+00,1.526000000000000000e+03,0.000000000000000000e+00
6.238160996364451840e+17,1.502799987792968750e+02,5.235400772094726562e+01,4.848651885986328125e+00,3.775000000000000000e+03,0.000000000000000000e+00
6.238579497977774080e+17,1.055100021362304688e+02,5.236339950561523438e+01,4.938835620880126953e+00,3.064000000000000000e+03,0.000000000000000000e+00
6.239695502279966720e+17,3.741499938964843750e+02,5.236127090454101562e+01,4.858512401580810547e+00,2.800000000000000000e+03,0.000000000000000000e+00
6.243048325549916160e+17,1.210800018310546875e+02,5.235549926757812500e+01,4.938342094421386719e+00,3.410000000000000000e+03,0.000000000000000000e+00
6.243616635622522880e+17,1.444400024414062500e+02,5.234417343139648438e+01,4.906520843505859375e+00,3.166000000000000000e+03,0.000000000000000000e+00
6.243947176305623040e+17,2.476100006103515625e+02,5.240522766113281250e+01,4.930273056030273438e+00,4.379000000000000000e+03,0.000000000000000000e+00
6.250152545054883840e+17,2.378800048828125000e+02,5.235369110107421875e+01,4.916379928588867188e+00,2.456000000000000000e+03,0.000000000000000000e+00
6.251432101711708160e+17,3.264500122070312500e+02,5.236232757568359375e+01,4.854353427886962891e+00,3.015000000000000000e+03,0.000000000000000000e+00
6.251443096827985920e+17,4.179500122070312500e+02,5.235632705688476562e+01,4.909361362457275391e+00,1.958000000000000000e+03,0.000000000000000000e+00
6.251723472293068800e+17,1.746100006103515625e+02,5.236899566650390625e+01,4.853291988372802734e+00,2.911000000000000000e+03,0.000000000000000000e+00
6.251744088136089600e+17,1.405500030517578125e+02,5.235755157470703125e+01,4.896461009979248047e+00,1.596000000000000000e+03,0.000000000000000000e+00
6.251854726493634560e+17,2.583200073242187500e+02,5.236752319335937500e+01,4.854644298553466797e+00,2.843000000000000000e+03,0.000000000000000000e+00
6.252021027627335680e+17,2.310700073242187500e+02,5.242371749877929688e+01,4.885908126831054688e+00,5.802000000000000000e+03,0.000000000000000000e+00
6.253023644792913920e+17,2.914100036621093750e+02,5.237117767333984375e+01,4.853880405426025391e+00,2.854000000000000000e+03,0.000000000000000000e+00
6.253079994763837440e+17,4.033500061035156250e+02,5.236566925048828125e+01,4.866643905639648438e+00,2.104000000000000000e+03,0.000000000000000000e+00
6.256859565984317440e+17,2.768099975585937500e+02,5.237652587890625000e+01,4.943990230560302734e+00,3.305000000000000000e+03,0.000000000000000000e+00
6.259777394966528000e+17,1.892100067138671875e+02,5.235244750976562500e+01,4.895526409149169922e+00,2.163000000000000000e+03,0.000000000000000000e+00
6.260605464661196800e+17,2.962799987792968750e+02,5.236882400512695312e+01,4.872066974639892578e+00,1.654000000000000000e+03,0.000000000000000000e+00
6.260800627975127040e+17,1.746100006103515625e+02,5.237006378173828125e+01,4.874944210052490234e+00,1.437000000000000000e+03,0.000000000000000000e+00
6.264678468047339520e+17,5.882800292968750000e+02,5.236156463623046875e+01,4.864711284637451172e+00,2.409000000000000000e+03,0.000000000000000000e+00
6.265692080329195520e+17,1.648800048828125000e+02,5.236939239501953125e+01,4.868724822998046875e+00,1.866000000000000000e+03,0.000000000000000000e+00
6.265870750968709120e+17,4.422799987792968750e+02,5.236433792114257812e+01,4.980166435241699219e+00,5.783000000000000000e+03,0.000000000000000000e+00
6.266105771579146240e+17,1.989499969482421875e+02,5.236258316040039062e+01,4.855864048004150391e+00,2.909000000000000000e+03,0.000000000000000000e+00
6.271696788206387200e+17,2.962799987792968750e+02,5.236365127563476562e+01,4.852658748626708984e+00,3.076000000000000000e+03,0.000000000000000000e+00
6.272792176665559040e+17,2.232799987792968750e+02,5.235505676269531250e+01,4.905583858489990234e+00,1.985000000000000000e+03,0.000000000000000000e+00
6.272867768089968640e+17,2.476100006103515625e+02,5.233243179321289062e+01,4.905039787292480469e+00,4.432000000000000000e+03,0.000000000000000000e+00
6.273954223017164800e+17,1.600099945068359375e+02,5.238035202026367188e+01,4.856380939483642578e+00,2.843000000000000000e+03,0.000000000000000000e+00
6.274765112842649600e+17,2.709700012207031250e+02,5.235504531860351562e+01,4.901681900024414062e+00,1.915000000000000000e+03,0.000000000000000000e+00
6.275195296767016960e+17,1.989499969482421875e+02,5.236525726318359375e+01,4.945093154907226562e+00,3.421000000000000000e+03,0.000000000000000000e+00
6.275850880575078400e+17,4.228099975585937500e+02,5.236726379394531250e+01,4.871669769287109375e+00,1.724000000000000000e+03,0.000000000000000000e+00
6.278914394847969280e+17,2.719500122070312500e+02,5.236137390136718750e+01,4.854174137115478516e+00,3.065000000000000000e+03,0.000000000000000000e+00
6.280271604513505280e+17,3.303500061035156250e+02,5.237208557128906250e+01,4.969940185546875000e+00,5.027000000000000000e+03,0.000000000000000000e+00
6.280609704339046400e+17,2.378800048828125000e+02,5.234820938110351562e+01,4.878049850463867188e+00,2.900000000000000000e+03,0.000000000000000000e+00
6.280927188321566720e+17,2.116000061035156250e+02,5.235287857055664062e+01,4.889104843139648438e+00,2.165000000000000000e+03,0.000000000000000000e+00
6.281326448481402880e+17,1.707200012207031250e+02,5.235646057128906250e+01,4.898642063140869141e+00,1.727000000000000000e+03,0.000000000000000000e+00
6.282008145690624000e+17,9.869000244140625000e+01,5.238607406616210938e+01,4.879328727722167969e+00,1.936000000000000000e+03,0.000000000000000000e+00
6.282447263146967040e+17,1.989499969482421875e+02,5.235096359252929688e+01,4.811130046844482422e+00,6.209000000000000000e+03,0.000000000000000000e+00
6.285899729658183680e+17,1.463899993896484375e+02,5.236994552612304688e+01,4.871509075164794922e+00,1.670000000000000000e+03,0.000000000000000000e+00
6.288119368756756480e+17,2.184100036621093750e+02,5.239762115478515625e+01,4.904333591461181641e+00,2.917000000000000000e+03,0.000000000000000000e+00
6.288462966140436480e+17,1.064800033569335938e+02,5.237056732177734375e+01,4.860956192016601562e+00,2.377000000000000000e+03,0.000000000000000000e+00
6.289961737928048640e+17,2.427500000000000000e+02,5.237206649780273438e+01,4.859389781951904297e+00,2.479000000000000000e+03,0.000000000000000000e+00
6.289978917797232640e+17,4.179500122070312500e+02,5.234798431396484375e+01,4.888513565063476562e+00,2.706000000000000000e+03,0.000000000000000000e+00
6.293300130107883520e+17,3.566300048828125000e+02,5.236589050292968750e+01,4.877645492553710938e+00,1.408000000000000000e+03,0.000000000000000000e+00
6.294609236139704320e+17,4.218399963378906250e+02,5.236502075195312500e+01,4.881530761718750000e+00,1.240000000000000000e+03,0.000000000000000000e+00
6.294769352520499200e+17,1.016100006103515625e+02,5.237024307250976562e+01,4.900594711303710938e+00,3.680000000000000000e+02,0.000000000000000000e+00
6.294883426851880960e+17,1.259499969482421875e+02,5.239790725708007812e+01,4.904717922210693359e+00,2.953000000000000000e+03,0.000000000000000000e+00
6.295143186473943040e+17,1.259499969482421875e+02,5.239797592163085938e+01,4.905986309051513672e+00,2.979000000000000000e+03,0.000000000000000000e+00
6.295171361459404800e+17,3.936099853515625000e+02,5.239775466918945312e+01,4.906047821044921875e+00,2.956000000000000000e+03,0.000000000000000000e+00
6.295324605892526080e+17,5.396099853515625000e+02,5.239767456054687500e+01,4.905131340026855469e+00,2.934000000000000000e+03,0.000000000000000000e+00
6.296765653319680000e+17,2.563699951171875000e+02,5.235567855834960938e+01,5.000259876251220703e+00,7.312000000000000000e+03,0.000000000000000000e+00
6.300920432883138560e+17,1.989499969482421875e+02,5.236038208007812500e+01,4.869768142700195312e+00,2.188000000000000000e+03,0.000000000000000000e+00
6.301021450513940480e+17,5.464299926757812500e+02,5.235368347167968750e+01,4.892567157745361328e+00,2.038000000000000000e+03,0.000000000000000000e+00
6.301846084234772480e+17,6.856099853515625000e+02,5.237707519531250000e+01,4.889428138732910156e+00,7.240000000000000000e+02,0.000000000000000000e+00
6.308005410934620160e+17,4.695299987792968750e+02,5.237253189086914062e+01,4.922100543975830078e+00,1.780000000000000000e+03,0.000000000000000000e+00
6.308643127678730240e+17,2.193899993896484375e+02,5.234645843505859375e+01,4.901591777801513672e+00,2.855000000000000000e+03,0.000000000000000000e+00
6.310072492794839040e+17,2.573500061035156250e+02,5.239081954956054688e+01,4.887889862060546875e+00,2.173000000000000000e+03,0.000000000000000000e+00
6.310130217155297280e+17,1.444400024414062500e+02,5.237195968627929688e+01,4.858411788940429688e+00,2.545000000000000000e+03,0.000000000000000000e+00
6.310845586908119040e+17,3.001700134277343750e+02,5.238224029541015625e+01,4.871767997741699219e+00,2.001000000000000000e+03,0.000000000000000000e+00
6.311057242896465920e+17,3.001700134277343750e+02,5.238272094726562500e+01,4.873280048370361328e+00,1.951000000000000000e+03,0.000000000000000000e+00
6.311987704611471360e+17,4.374100036621093750e+02,5.234638214111328125e+01,4.876585006713867188e+00,3.126000000000000000e+03,0.000000000000000000e+00
6.314102202910638080e+17,1.327599945068359375e+02,5.235385513305664062e+01,4.876185894012451172e+00,2.412000000000000000e+03,0.000000000000000000e+00
6.315212022459924480e+17,1.833699951171875000e+02,5.236365890502929688e+01,4.942219734191894531e+00,3.276000000000000000e+03,0.000000000000000000e+00
6.315661447837777920e+17,3.936099853515625000e+02,5.236108016967773438e+01,4.895855903625488281e+00,1.203000000000000000e+03,0.000000000000000000e+00
6.318332573898506240e+17,2.962799987792968750e+02,5.235640716552734375e+01,4.895645141601562500e+00,1.723000000000000000e+03,0.000000000000000000e+00
6.322504533331148800e+17,1.707200012207031250e+02,5.234701538085937500e+01,4.901751995086669922e+00,2.795000000000000000e+03,0.000000000000000000e+00
6.322528585148006400e+17,2.962799987792968750e+02,5.236208343505859375e+01,4.844932556152343750e+00,3.628000000000000000e+03,0.000000000000000000e+00
6.322826140482273280e+17,2.476100006103515625e+02,5.235699081420898438e+01,4.889330863952636719e+00,1.717000000000000000e+03,0.000000000000000000e+00
6.324025982546083840e+17,1.668300018310546875e+02,5.239213943481445312e+01,4.877900123596191406e+00,2.561000000000000000e+03,0.000000000000000000e+00
6.324848554682613760e+17,4.909500122070312500e+02,5.237871170043945312e+01,4.872416019439697266e+00,1.765000000000000000e+03,0.000000000000000000e+00
6.325078764929679360e+17,1.327599945068359375e+02,5.236045837402343750e+01,4.914554119110107422e+00,1.795000000000000000e+03,0.000000000000000000e+00
6.325284236165120000e+17,2.437200012207031250e+02,5.235763931274414062e+01,4.899340152740478516e+00,1.603000000000000000e+03,0.000000000000000000e+00
6.326400927662080000e+17,3.381300048828125000e+02,5.236138534545898438e+01,4.886904239654541016e+00,1.319000000000000000e+03,0.000000000000000000e+00
6.330335117705216000e+17,9.776099853515625000e+02,5.237879180908203125e+01,4.894301414489746094e+00,7.740000000000000000e+02,0.000000000000000000e+00
6.332785654245621760e+17,1.794799957275390625e+02,5.236683654785156250e+01,4.923689842224121094e+00,1.969000000000000000e+03,0.000000000000000000e+00
6.333548440437391360e+17,2.291199951171875000e+02,5.235679626464843750e+01,4.902132987976074219e+00,1.732000000000000000e+03,0.000000000000000000e+00
6.337962979622912000e+17,2.378800048828125000e+02,5.236958694458007812e+01,4.924230575561523438e+00,1.940000000000000000e+03,0.000000000000000000e+00
6.338327880044380160e+17,4.909500122070312500e+02,5.234284210205078125e+01,4.900371074676513672e+00,3.245000000000000000e+03,0.000000000000000000e+00
6.339136021090795520e+17,1.502799987792968750e+02,5.235284042358398438e+01,4.848207950592041016e+00,3.870000000000000000e+03,0.000000000000000000e+00
6.340856069593497600e+17,1.892100067138671875e+02,5.236241149902343750e+01,4.906288146972656250e+00,1.269000000000000000e+03,0.000000000000000000e+00
6.344535310377943040e+17,2.184100036621093750e+02,5.234700393676757812e+01,4.906649112701416016e+00,2.863000000000000000e+03,0.000000000000000000e+00
6.345003290014515200e+17,1.794799957275390625e+02,5.240664672851562500e+01,4.918256759643554688e+00,4.151000000000000000e+03,0.000000000000000000e+00
6.347315013211914240e+17,9.772000122070312500e+01,5.237637329101562500e+01,4.874325752258300781e+00,1.547000000000000000e+03,0.000000000000000000e+00
6.352238763720048640e+17,1.794799957275390625e+02,5.236528396606445312e+01,4.911786556243896484e+00,1.306000000000000000e+03,0.000000000000000000e+00
6.352530134301409280e+17,4.909500122070312500e+02,5.236584091186523438e+01,4.860721111297607422e+00,2.482000000000000000e+03,0.000000000000000000e+00
6.355682983894056960e+17,2.466399993896484375e+02,5.235132980346679688e+01,4.906370162963867188e+00,2.395000000000000000e+03,0.000000000000000000e+00
6.358418706262917120e+17,6.651699829101562500e+02,5.233885192871093750e+01,4.912883281707763672e+00,3.851000000000000000e+03,0.000000000000000000e+00
6.358580197033246720e+17,7.241000366210937500e+01,5.236031341552734375e+01,4.855211257934570312e+00,3.048000000000000000e+03,0.000000000000000000e+00
6.359331988108738560e+17,2.933599853515625000e+02,5.234662246704101562e+01,4.865704536437988281e+00,3.479000000000000000e+03,0.000000000000000000e+00
6.360447305216163840e+17,4.130799865722656250e+02,5.236401367187500000e+01,4.875431060791015625e+00,1.643000000000000000e+03,0.000000000000000000e+00
6.366335189982904320e+17,3.741499938964843750e+02,5.235391235351562500e+01,4.931105136871337891e+00,3.117000000000000000e+03,0.000000000000000000e+00
6.366517983791022080e+17,1.989499969482421875e+02,5.235805130004882812e+01,4.921968460083007812e+00,2.346000000000000000e+03,0.000000000000000000e+00
6.366647863602053120e+17,1.931100006103515625e+02,5.236228942871093750e+01,4.854609966278076172e+00,3.000000000000000000e+03,0.000000000000000000e+00
6.367474558907187200e+17,3.060100097656250000e+02,5.235563659667968750e+01,4.908668994903564453e+00,2.005000000000000000e+03,0.000000000000000000e+00
6.367521288151367680e+17,9.776099853515625000e+02,5.236829757690429688e+01,4.906173229217529297e+00,8.040000000000000000e+02,0.000000000000000000e+00
6.368284761537904640e+17,3.838800048828125000e+02,5.236874008178710938e+01,4.890230178833007812e+00,5.210000000000000000e+02,0.000000000000000000e+00
6.374348568165089280e+17,1.502799987792968750e+02,5.235144805908203125e+01,4.862448215484619141e+00,3.214000000000000000e+03,0.000000000000000000e+00
6.374354065723228160e+17,1.989499969482421875e+02,5.238287353515625000e+01,4.856297016143798828e+00,2.952000000000000000e+03,0.000000000000000000e+00
6.375128534226042880e+17,3.157500000000000000e+02,5.236629104614257812e+01,4.885316371917724609e+00,9.510000000000000000e+02,0.000000000000000000e+00
6.376573704821800960e+17,3.420299987792968750e+02,5.237239074707031250e+01,4.878400802612304688e+00,1.189000000000000000e+03,0.000000000000000000e+00
6.382177778149621760e+17,2.466399993896484375e+02,5.237276840209960938e+01,4.864508152008056641e+00,2.133000000000000000e+03,0.000000000000000000e+00
6.382348202451927040e+17,2.223099975585937500e+02,5.235262680053710938e+01,4.847515583038330078e+00,3.923000000000000000e+03,0.000000000000000000e+00
6.382416234733895680e+17,1.356799926757812500e+02,5.237627410888671875e+01,4.896187305450439453e+00,4.870000000000000000e+02,0.000000000000000000e+00
6.383378994602967040e+17,2.369100036621093750e+02,5.238148117065429688e+01,4.884260654449462891e+00,1.326000000000000000e+03,0.000000000000000000e+00
6.383512310387834880e+17,7.533000183105468750e+01,5.236170196533203125e+01,4.978898048400878906e+00,5.748000000000000000e+03,0.000000000000000000e+00
6.383596148149452800e+17,1.171900024414062500e+02,5.237638092041015625e+01,4.862198352813720703e+00,2.341000000000000000e+03,0.000000000000000000e+00
6.383903324210462720e+17,2.768099975585937500e+02,5.234087753295898438e+01,4.922366142272949219e+00,3.890000000000000000e+03,0.000000000000000000e+00
6.383944555896504320e+17,4.909500122070312500e+02,5.234975814819335938e+01,4.872139930725097656e+00,2.943000000000000000e+03,0.000000000000000000e+00
6.387713819195473920e+17,1.600099945068359375e+02,5.238068008422851562e+01,4.884089946746826172e+00,1.263000000000000000e+03,0.000000000000000000e+00
6.389232519631339520e+17,1.970000000000000000e+02,5.237791442871093750e+01,4.849527359008789062e+00,3.218000000000000000e+03,0.000000000000000000e+00
6.389243514747617280e+17,1.132900009155273438e+02,5.238368225097656250e+01,4.872321128845214844e+00,2.068000000000000000e+03,0.000000000000000000e+00
6.389431118919106560e+17,1.298399963378906250e+02,5.238988113403320312e+01,4.874386310577392578e+00,2.476000000000000000e+03,0.000000000000000000e+00
6.390879725488701440e+17,2.768099975585937500e+02,5.234313201904296875e+01,4.862145423889160156e+00,3.935000000000000000e+03,0.000000000000000000e+00
6.396673464572313600e+17,1.016100006103515625e+02,5.235046005249023438e+01,4.858218193054199219e+00,3.497000000000000000e+03,0.000000000000000000e+00
6.398183918670970880e+17,8.215000152587890625e+01,5.235456466674804688e+01,4.902740001678466797e+00,1.983000000000000000e+03,0.000000000000000000e+00
6.399136370618531840e+17,2.116000061035156250e+02,5.235667419433593750e+01,4.797033786773681641e+00,6.923000000000000000e+03,0.000000000000000000e+00
6.402008157551329280e+17,1.570899963378906250e+02,5.237511444091796875e+01,4.906873226165771484e+00,8.260000000000000000e+02,0.000000000000000000e+00
6.404540470269050880e+17,5.980100097656250000e+02,5.236862564086914062e+01,4.908474445343017578e+00,9.280000000000000000e+02,0.000000000000000000e+00
6.405132832158515200e+17,1.103700027465820312e+02,5.235746383666992188e+01,4.897641658782958984e+00,1.609000000000000000e+03,0.000000000000000000e+00
6.405245532100362240e+17,1.103700027465820312e+02,5.235461044311523438e+01,4.888740062713623047e+00,1.983000000000000000e+03,0.000000000000000000e+00
6.410585722637516800e+17,9.576999664306640625e+01,5.237663650512695312e+01,4.895508766174316406e+00,5.270000000000000000e+02,0.000000000000000000e+00
6.411317585064755200e+17,8.701000213623046875e+01,5.234352111816406250e+01,4.861253261566162109e+00,3.936000000000000000e+03,0.000000000000000000e+00
5.251547600000000000e+07,2.962799987792968750e+02,5.234045028686523438e+01,4.997379779815673828e+00,7.728000000000000000e+03,0.000000000000000000e+00
1.113361800000000000e+07,1.025899963378906250e+02,5.234196090698242188e+01,4.777400016784667969e+00,8.709000000000000000e+03,0.000000000000000000e+00
2.107131000000000000e+06,3.712300109863281250e+02,5.227500152587890625e+01,4.995399951934814453e+00,1.272100000000000000e+04,0.000000000000000000e+00
4.336413200000000000e+07,1.220500030517578125e+02,5.239667129516601562e+01,4.753240108489990234e+00,1.006600000000000000e+04,0.000000000000000000e+00
3.580358400000000000e+07,3.449500122070312500e+02,5.232970046997070312e+01,4.932270050048828125e+00,5.303000000000000000e+03,0.000000000000000000e+00
5.357737600000000000e+07,6.170999908447265625e+01,5.232994842529296875e+01,4.934959888458251953e+00,5.366000000000000000e+03,0.000000000000000000e+00
4.949310000000000000e+07,1.668300018310546875e+02,5.231851959228515625e+01,4.857580184936523438e+00,6.481000000000000000e+03,0.000000000000000000e+00
2.562204000000000000e+06,5.295000076293945312e+01,5.242988967895507812e+01,4.921390056610107422e+00,6.676000000000000000e+03,0.000000000000000000e+00
2.997966800000000000e+07,2.953099975585937500e+02,5.233319091796875000e+01,4.798099994659423828e+00,7.915000000000000000e+03,0.000000000000000000e+00
3.534541200000000000e+07,2.232799987792968750e+02,5.230279922485351562e+01,4.853000164031982422e+00,8.218000000000000000e+03,0.000000000000000000e+00
1.913902000000000000e+07,1.278899993896484375e+02,5.242330932617187500e+01,5.023109912872314453e+00,1.035300000000000000e+04,0.000000000000000000e+00
2.038527000000000000e+07,2.700000000000000000e+02,5.234030914306640625e+01,4.998020172119140625e+00,7.774000000000000000e+03,0.000000000000000000e+00
5.299823600000000000e+07,1.887999916076660156e+01,5.242763137817382812e+01,5.074200153350830078e+00,1.359200000000000000e+04,0.000000000000000000e+00
7.215510000000000000e+05,1.794799957275390625e+02,5.241881179809570312e+01,5.070099830627441406e+00,1.292000000000000000e+04,0.000000000000000000e+00
3.528461200000000000e+07,2.184100036621093750e+02,5.241830825805664062e+01,5.070079803466796875e+00,1.289600000000000000e+04,0.000000000000000000e+00
2.825015200000000000e+07,2.962799987792968750e+02,5.226850128173828125e+01,4.975289821624755859e+00,1.270100000000000000e+04,0.000000000000000000e+00
1.161948200000000000e+07,2.953099975585937500e+02,5.231053161621093750e+01,4.850329875946044922e+00,7.493000000000000000e+03,0.000000000000000000e+00
3.023015600000000000e+07,2.904400024414062500e+02,5.231999969482421875e+01,4.864870071411132812e+00,6.144000000000000000e+03,0.000000000000000000e+00
2.667099000000000000e+06,1.989499969482421875e+02,5.232146072387695312e+01,4.854269981384277344e+00,6.281000000000000000e+03,0.000000000000000000e+00
5.332994400000000000e+07,5.586999893188476562e+01,5.233047866821289062e+01,4.935269832611083984e+00,5.326000000000000000e+03,0.000000000000000000e+00
2.144425400000000000e+07,2.719500122070312500e+02,5.231731033325195312e+01,4.866199970245361328e+00,6.396000000000000000e+03,0.000000000000000000e+00
5.767336373455421440e+17,8.215000152587890625e+01,5.238196945190429688e+01,4.743110179901123047e+00,1.043200000000000000e+04,0.000000000000000000e+00
5.872280000000000000e+05,9.675000000000000000e+01,5.244068145751953125e+01,4.952680110931396484e+00,8.563000000000000000e+03,0.000000000000000000e+00
2.421668400000000000e+07,8.701000213623046875e+01,5.242818069458007812e+01,4.938620090484619141e+00,6.897000000000000000e+03,0.000000000000000000e+00
2.176618800000000000e+07,1.989499969482421875e+02,5.234661865234375000e+01,4.961490154266357422e+00,5.267000000000000000e+03,0.000000000000000000e+00
6.770035000000000000e+06,1.210800018310546875e+02,5.232564926147460938e+01,4.938560009002685547e+00,5.903000000000000000e+03,0.000000000000000000e+00
2.876909200000000000e+07,1.823999938964843750e+02,5.231811904907226562e+01,4.871369838714599609e+00,6.208000000000000000e+03,0.000000000000000000e+00
5.019321600000000000e+07,1.064800033569335938e+02,5.242092132568359375e+01,5.065526962280273438e+00,1.273500000000000000e+04,0.000000000000000000e+00
1.430963700000000000e+07,1.483300018310546875e+02,5.242945861816406250e+01,4.974470138549804688e+00,8.329000000000000000e+03,0.000000000000000000e+00
5.287872800000000000e+07,2.476100006103515625e+02,5.230876922607421875e+01,4.864900112152099609e+00,7.329000000000000000e+03,0.000000000000000000e+00
5.363567200000000000e+07,5.295000076293945312e+01,5.232984924316406250e+01,4.933300018310546875e+00,5.321000000000000000e+03,0.000000000000000000e+00
5.086242400000000000e+07,1.395700073242187500e+02,5.232065963745117188e+01,4.880760192871093750e+00,5.790000000000000000e+03,0.000000000000000000e+00
2.876906800000000000e+07,1.833699951171875000e+02,5.231705856323242188e+01,4.871779918670654297e+00,6.314000000000000000e+03,0.000000000000000000e+00
6.632081000000000000e+06,2.330099945068359375e+02,5.231729125976562500e+01,4.850379943847656250e+00,6.814000000000000000e+03,0.000000000000000000e+00
1.151856600000000000e+07,2.700000000000000000e+02,5.227986145019531250e+01,5.006149768829345703e+00,1.268400000000000000e+04,0.000000000000000000e+00
5.938912414190796800e+17,1.892100067138671875e+02,5.226919937133789062e+01,4.970190048217773438e+00,1.248600000000000000e+04,0.000000000000000000e+00
1.031108500000000000e+07,1.454100036621093750e+02,5.226858139038085938e+01,4.969429969787597656e+00,1.252800000000000000e+04,0.000000000000000000e+00
5.048626000000000000e+07,4.666099853515625000e+02,5.227053070068359375e+01,4.973460197448730469e+00,1.244300000000000000e+04,0.000000000000000000e+00
6.215154402748006400e+17,1.502799987792968750e+02,5.231138992309570312e+01,4.868589878082275391e+00,6.979000000000000000e+03,0.000000000000000000e+00
4.090505600000000000e+07,1.970000000000000000e+02,5.232820892333984375e+01,4.786290168762207031e+00,8.890000000000000000e+03,0.000000000000000000e+00
4.090666800000000000e+07,2.086799926757812500e+02,5.232938003540039062e+01,4.785590171813964844e+00,8.859000000000000000e+03,0.000000000000000000e+00
2.802026400000000000e+07,1.308099975585937500e+02,5.227162170410156250e+01,4.973030090332031250e+00,1.232100000000000000e+04,0.000000000000000000e+00
2.306793000000000000e+06,1.600099945068359375e+02,5.243434906005859375e+01,4.953030109405517578e+00,7.953000000000000000e+03,0.000000000000000000e+00
4.090599600000000000e+07,2.242500000000000000e+02,5.232936096191406250e+01,4.787119865417480469e+00,8.773000000000000000e+03,0.000000000000000000e+00
3.011858000000000000e+06,1.775299987792968750e+02,5.229565048217773438e+01,5.008170127868652344e+00,1.140500000000000000e+04,0.000000000000000000e+00
3.710368000000000000e+07,1.921300048828125000e+02,5.243558120727539062e+01,4.875460147857666016e+00,7.216000000000000000e+03,0.000000000000000000e+00
3.309291600000000000e+07,2.865499877929687500e+02,5.230205917358398438e+01,4.869540214538574219e+00,7.970000000000000000e+03,0.000000000000000000e+00
5.141883200000000000e+07,1.152399978637695312e+02,5.243529129028320312e+01,4.999070167541503906e+00,9.933000000000000000e+03,0.000000000000000000e+00
3.395028000000000000e+07,3.449500122070312500e+02,5.242752838134765625e+01,4.928559780120849609e+00,6.571000000000000000e+03,0.000000000000000000e+00
4.178930000000000000e+07,9.187999725341796875e+01,5.233987045288085938e+01,4.963069915771484375e+00,5.787000000000000000e+03,0.000000000000000000e+00
1.565634300000000000e+07,1.746100006103515625e+02,5.230548858642578125e+01,4.865240097045898438e+00,7.673000000000000000e+03,0.000000000000000000e+00
4.094482800000000000e+07,1.493099975585937500e+02,5.231884002685546875e+01,5.037350177764892578e+00,1.127500000000000000e+04,0.000000000000000000e+00
2.652739800000000000e+07,1.493099975585937500e+02,5.242935180664062500e+01,4.999370098114013672e+00,9.492000000000000000e+03,0.000000000000000000e+00
5.290772000000000000e+07,3.439700012207031250e+02,5.242700958251953125e+01,4.962920188903808594e+00,7.631000000000000000e+03,0.000000000000000000e+00
2.949960000000000000e+07,1.804499969482421875e+02,5.243318176269531250e+01,4.881390094757080078e+00,6.885000000000000000e+03,0.000000000000000000e+00
4.355710400000000000e+07,1.493099975585937500e+02,5.232653045654296875e+01,4.931029796600341797e+00,5.581000000000000000e+03,0.000000000000000000e+00
5.097399200000000000e+07,1.746100006103515625e+02,5.243439865112304688e+01,4.991419792175292969e+00,9.502000000000000000e+03,0.000000000000000000e+00
3.629200000000000000e+07,1.103700027465820312e+02,5.239609909057617188e+01,4.755139827728271484e+00,9.925000000000000000e+03,0.000000000000000000e+00
6.238895607570759680e+17,1.035599975585937500e+02,5.243532180786132812e+01,4.875233650207519531e+00,7.190000000000000000e+03,0.000000000000000000e+00
3.537765600000000000e+07,2.028399963378906250e+02,5.237644958496093750e+01,4.755980014801025391e+00,9.512000000000000000e+03,0.000000000000000000e+00
4.417476400000000000e+07,5.002999877929687500e+01,5.233895874023437500e+01,4.953710079193115234e+00,5.369000000000000000e+03,0.000000000000000000e+00
4.949326400000000000e+07,1.551499938964843750e+02,5.231650161743164062e+01,4.856040000915527344e+00,6.729000000000000000e+03,0.000000000000000000e+00
3.643858000000000000e+07,1.210800018310546875e+02,5.239625930786132812e+01,4.756690025329589844e+00,9.829000000000000000e+03,0.000000000000000000e+00
5.082495200000000000e+07,1.989499969482421875e+02,5.232880020141601562e+01,4.938169956207275391e+00,5.587000000000000000e+03,0.000000000000000000e+00
1.722950000000000000e+07,7.241000366210937500e+01,5.242639160156250000e+01,4.950079917907714844e+00,7.087000000000000000e+03,0.000000000000000000e+00
4.348525200000000000e+07,1.006399993896484375e+02,5.237540817260742188e+01,4.755939960479736328e+00,9.509000000000000000e+03,0.000000000000000000e+00
1.951496000000000000e+07,1.502799987792968750e+02,5.227848052978515625e+01,4.985149860382080078e+00,1.202900000000000000e+04,0.000000000000000000e+00
4.128471200000000000e+07,1.746100006103515625e+02,5.227251815795898438e+01,4.974060058593750000e+00,1.226100000000000000e+04,0.000000000000000000e+00
5.946982829538672640e+17,5.879000091552734375e+01,5.227236938476562500e+01,4.979559898376464844e+00,1.244200000000000000e+04,0.000000000000000000e+00
1.278174500000000000e+07,6.755000305175781250e+01,5.233773040771484375e+01,4.792840003967285156e+00,7.964000000000000000e+03,0.000000000000000000e+00
3.790274400000000000e+07,2.057599945068359375e+02,5.232791137695312500e+01,4.785620212554931641e+00,8.946000000000000000e+03,0.000000000000000000e+00
2.484142400000000000e+07,1.804499969482421875e+02,5.233451080322265625e+01,4.792280197143554688e+00,8.174000000000000000e+03,0.000000000000000000e+00
3.287537000000000000e+06,1.259499969482421875e+02,5.232545852661132812e+01,4.819139957427978516e+00,7.338000000000000000e+03,0.000000000000000000e+00
3.352158800000000000e+07,2.466399993896484375e+02,5.233203125000000000e+01,4.782269954681396484e+00,8.900000000000000000e+03,0.000000000000000000e+00
2.203816000000000000e+06,7.047000122070312500e+01,5.230836105346679688e+01,5.029660224914550781e+00,1.151100000000000000e+04,0.000000000000000000e+00
2.798105600000000000e+07,1.746100006103515625e+02,5.233811950683593750e+01,4.792359828948974609e+00,7.972000000000000000e+03,0.000000000000000000e+00
4.603252800000000000e+07,2.768099975585937500e+02,5.243548965454101562e+01,5.001269817352294922e+00,1.005500000000000000e+04,0.000000000000000000e+00
4.968083200000000000e+07,1.454100036621093750e+02,5.232801818847656250e+01,4.938419818878173828e+00,5.670000000000000000e+03,0.000000000000000000e+00
5.291982400000000000e+07,3.741499938964843750e+02,5.231396102905273438e+01,4.846010208129882812e+00,7.279000000000000000e+03,0.000000000000000000e+00
3.882124800000000000e+07,1.405500030517578125e+02,5.233724975585937500e+01,4.970260143280029297e+00,6.352000000000000000e+03,0.000000000000000000e+00
2.997959200000000000e+07,2.047899932861328125e+02,5.233337020874023438e+01,4.796959877014160156e+00,7.969000000000000000e+03,0.000000000000000000e+00
5.938983882446602240e+17,8.312000274658203125e+01,5.233731842041015625e+01,4.971189975738525391e+00,6.398000000000000000e+03,0.000000000000000000e+00
4.167682000000000000e+07,3.449500122070312500e+02,5.232025146484375000e+01,4.860060214996337891e+00,6.238000000000000000e+03,0.000000000000000000e+00
2.955344800000000000e+07,1.434700012207031250e+02,5.232559967041015625e+01,4.817510128021240234e+00,7.406000000000000000e+03,0.000000000000000000e+00
4.777566000000000000e+07,1.590399932861328125e+02,5.231842803955078125e+01,4.870775222778320312e+00,6.186000000000000000e+03,0.000000000000000000e+00
6.621505000000000000e+06,1.074499969482421875e+02,5.242744827270507812e+01,4.942560195922851562e+00,6.941000000000000000e+03,0.000000000000000000e+00
4.347543600000000000e+07,1.746100006103515625e+02,5.227212905883789062e+01,4.974659919738769531e+00,1.231800000000000000e+04,0.000000000000000000e+00
5.095776400000000000e+07,1.502799987792968750e+02,5.242393112182617188e+01,4.949749946594238281e+00,6.843000000000000000e+03,0.000000000000000000e+00
3.789440800000000000e+07,2.047899932861328125e+02,5.232836151123046875e+01,4.785210132598876953e+00,8.942000000000000000e+03,0.000000000000000000e+00
2.450391400000000000e+07,1.502799987792968750e+02,5.230944824218750000e+01,4.856959819793701172e+00,7.431000000000000000e+03,0.000000000000000000e+00
2.588925000000000000e+07,7.241000366210937500e+01,5.243280029296875000e+01,4.879899978637695312e+00,6.858000000000000000e+03,0.000000000000000000e+00
2.925435200000000000e+07,1.288699951171875000e+02,5.243294906616210938e+01,4.995039939880371094e+00,9.556000000000000000e+03,0.000000000000000000e+00
6.267277438657495040e+17,1.016100006103515625e+02,5.233439636230468750e+01,4.941425323486328125e+00,5.191000000000000000e+03,0.000000000000000000e+00
3.825174400000000000e+07,8.116999816894531250e+01,5.243215942382812500e+01,4.881120204925537109e+00,6.775000000000000000e+03,0.000000000000000000e+00
1.910692000000000000e+06,1.678000030517578125e+02,5.243075942993164062e+01,4.982029914855957031e+00,8.774000000000000000e+03,0.000000000000000000e+00
6.064556356675829760e+17,1.259499969482421875e+02,5.242910766601562500e+01,4.901185989379882812e+00,6.371000000000000000e+03,0.000000000000000000e+00
4.833894000000000000e+07,1.269199981689453125e+02,5.242884063720703125e+01,4.967929840087890625e+00,7.998000000000000000e+03,0.000000000000000000e+00
4.317463200000000000e+07,1.356799926757812500e+02,5.242992019653320312e+01,4.998939990997314453e+00,9.513000000000000000e+03,0.000000000000000000e+00
3.933320800000000000e+07,1.084300003051757812e+02,5.244142913818359375e+01,4.874690055847167969e+00,7.864000000000000000e+03,0.000000000000000000e+00
1.100198000000000000e+06,8.215000152587890625e+01,5.242864990234375000e+01,4.964019775390625000e+00,7.822000000000000000e+03,0.000000000000000000e+00
4.357575200000000000e+07,1.337299957275390625e+02,5.232653045654296875e+01,4.931029796600341797e+00,5.581000000000000000e+03,0.000000000000000000e+00
5.033565600000000000e+07,5.879000091552734375e+01,5.228237152099609375e+01,5.005259990692138672e+00,1.242300000000000000e+04,0.000000000000000000e+00
5.035933200000000000e+07,1.356799926757812500e+02,5.242160034179687500e+01,4.908679962158203125e+00,5.594000000000000000e+03,0.000000000000000000e+00
2.447189800000000000e+07,2.719500122070312500e+02,5.227714157104492188e+01,4.977839946746826172e+00,1.191800000000000000e+04,0.000000000000000000e+00
5.455088815062384640e+17,1.444400024414062500e+02,5.243078231811523438e+01,4.997313499450683594e+00,9.498000000000000000e+03,0.000000000000000000e+00
3.329378800000000000e+07,1.210800018310546875e+02,5.242901992797851562e+01,4.912889957427978516e+00,6.455000000000000000e+03,0.000000000000000000e+00
4.853749200000000000e+07,1.162099990844726562e+02,5.231652832031250000e+01,5.029719829559326172e+00,1.097900000000000000e+04,0.000000000000000000e+00
5.504010000000000000e+05,1.405500030517578125e+02,5.230611038208007812e+01,4.864260196685791016e+00,7.625000000000000000e+03,0.000000000000000000e+00
5.766730267670609920e+17,2.476100006103515625e+02,5.233297729492187500e+01,4.973073959350585938e+00,6.797000000000000000e+03,0.000000000000000000e+00
2.217677600000000000e+07,9.091000366210937500e+01,5.243201065063476562e+01,4.999080181121826172e+00,9.679000000000000000e+03,0.000000000000000000e+00
3.309294400000000000e+07,3.702500000000000000e+02,5.230205917358398438e+01,4.869540214538574219e+00,7.970000000000000000e+03,0.000000000000000000e+00
4.188144800000000000e+07,1.600099945068359375e+02,5.230839157104492188e+01,4.868579864501953125e+00,7.302000000000000000e+03,0.000000000000000000e+00
3.015285800000000000e+07,1.016100006103515625e+02,5.243650054931640625e+01,4.994359970092773438e+00,9.809000000000000000e+03,0.000000000000000000e+00
6.054819494017105920e+17,2.232799987792968750e+02,5.230475997924804688e+01,4.853630065917968750e+00,7.999000000000000000e+03,0.000000000000000000e+00
4.194284400000000000e+07,2.476100006103515625e+02,5.230913162231445312e+01,4.862420082092285156e+00,7.341000000000000000e+03,0.000000000000000000e+00
3.185219200000000000e+07,1.055100021362304688e+02,5.242932891845703125e+01,4.977880001068115234e+00,8.468000000000000000e+03,0.000000000000000000e+00
5.063075600000000000e+07,1.444400024414062500e+02,5.243048095703125000e+01,4.997749805450439453e+00,9.496000000000000000e+03,0.000000000000000000e+00
5.080215000000000000e+06,2.320399932861328125e+02,5.231776046752929688e+01,5.038939952850341797e+00,1.143000000000000000e+04,0.000000000000000000e+00
4.197192400000000000e+07,7.338999938964843750e+01,5.233533096313476562e+01,4.931180000305175781e+00,4.720000000000000000e+03,0.000000000000000000e+00
1.500535400000000000e+07,1.940800018310546875e+02,5.230863189697265625e+01,4.866899967193603516e+00,7.306000000000000000e+03,0.000000000000000000e+00
2.296696000000000000e+07,1.999199981689453125e+02,5.230234146118164062e+01,4.850840091705322266e+00,8.318000000000000000e+03,0.000000000000000000e+00
3.015435200000000000e+07,4.515999984741210938e+01,5.231697082519531250e+01,4.817309856414794922e+00,8.112000000000000000e+03,0.000000000000000000e+00
1.744777600000000000e+07,8.312000274658203125e+01,5.233375167846679688e+01,4.800330162048339844e+00,7.754000000000000000e+03,0.000000000000000000e+00
2.784998400000000000e+07,9.772000122070312500e+01,5.233705139160156250e+01,4.795169830322265625e+00,7.862000000000000000e+03,0.000000000000000000e+00
2.918368800000000000e+07,1.240000000000000000e+02,5.233269882202148438e+01,4.771049976348876953e+00,9.534000000000000000e+03,0.000000000000000000e+00
3.294846000000000000e+07,1.094000015258789062e+02,5.234659957885742188e+01,4.776070117950439453e+00,8.610000000000000000e+03,0.000000000000000000e+00
2.735911800000000000e+07,9.187999725341796875e+01,5.233935165405273438e+01,4.781980037689208984e+00,8.541000000000000000e+03,0.000000000000000000e+00
1.512968000000000000e+06,9.187999725341796875e+01,5.243571853637695312e+01,4.998199939727783203e+00,9.926000000000000000e+03,0.000000000000000000e+00
2.384519200000000000e+07,1.045299987792968750e+02,5.234143829345703125e+01,4.781449794769287109e+00,8.478000000000000000e+03,0.000000000000000000e+00
2.442632000000000000e+07,1.094000015258789062e+02,5.234148025512695312e+01,4.782619953155517578e+00,8.404000000000000000e+03,0.000000000000000000e+00
1.923470400000000000e+07,1.259499969482421875e+02,5.233404922485351562e+01,4.780670166015625000e+00,8.886000000000000000e+03,0.000000000000000000e+00
1.234621000000000000e+06,6.755000305175781250e+01,5.233850860595703125e+01,4.791719913482666016e+00,7.990000000000000000e+03,0.000000000000000000e+00
2.343204000000000000e+06,1.142699966430664062e+02,5.233861923217773438e+01,4.791343212127685547e+00,8.007000000000000000e+03,0.000000000000000000e+00
3.298544000000000000e+07,1.522299957275390625e+02,5.244013977050781250e+01,4.984109878540039062e+00,9.664000000000000000e+03,0.000000000000000000e+00
6.525679000000000000e+06,3.936099853515625000e+02,5.234025955200195312e+01,4.784379959106445312e+00,8.351000000000000000e+03,0.000000000000000000e+00
2.177888000000000000e+07,1.979700012207031250e+02,5.243276977539062500e+01,4.921350002288818359e+00,6.985000000000000000e+03,0.000000000000000000e+00
4.286529000000000000e+06,2.476100006103515625e+02,5.242948913574218750e+01,4.916890144348144531e+00,6.560000000000000000e+03,0.000000000000000000e+00
3.309288800000000000e+07,2.437200012207031250e+02,5.230205917358398438e+01,4.869540214538574219e+00,7.970000000000000000e+03,0.000000000000000000e+00
3.365947600000000000e+07,2.476100006103515625e+02,5.231000900268554688e+01,4.867720127105712891e+00,7.143000000000000000e+03,0.000000000000000000e+00
4.504902800000000000e+07,1.989499969482421875e+02,5.230830001831054688e+01,4.857989788055419922e+00,7.526000000000000000e+03,0.000000000000000000e+00
9.431320000000000000e+06,1.989499969482421875e+02,5.230998992919921875e+01,4.868599891662597656e+00,7.129000000000000000e+03,0.000000000000000000e+00
3.554143600000000000e+07,3.274299926757812500e+02,5.230833816528320312e+01,4.851900100708007812e+00,7.674000000000000000e+03,0.000000000000000000e+00
3.737777200000000000e+07,2.232799987792968750e+02,5.242827987670898438e+01,4.919300079345703125e+00,6.467000000000000000e+03,0.000000000000000000e+00
5.180191200000000000e+07,2.466399993896484375e+02,5.243347167968750000e+01,4.997529983520507812e+00,9.717000000000000000e+03,0.000000000000000000e+00
2.428252000000000000e+07,1.162099990844726562e+02,5.243534851074218750e+01,4.992030143737792969e+00,9.608000000000000000e+03,0.000000000000000000e+00
4.740835200000000000e+07,1.016100006103515625e+02,5.230324172973632812e+01,5.037660121917724609e+00,1.229000000000000000e+04,0.000000000000000000e+00
4.035873600000000000e+07,1.600099945068359375e+02,5.233547973632812500e+01,4.950200080871582031e+00,5.477000000000000000e+03,0.000000000000000000e+00
2.934582000000000000e+07,3.517600097656250000e+02,5.242462921142578125e+01,4.910719871520996094e+00,5.949000000000000000e+03,0.000000000000000000e+00
1.799472800000000000e+07,9.480000305175781250e+01,5.233028030395507812e+01,4.935180187225341797e+00,5.342000000000000000e+03,0.000000000000000000e+00
1.793314200000000000e+07,1.152399978637695312e+02,5.232992172241210938e+01,4.935120105743408203e+00,5.374000000000000000e+03,0.000000000000000000e+00
2.904180400000000000e+07,2.476100006103515625e+02,5.242901992797851562e+01,4.914939880371093750e+00,6.482000000000000000e+03,0.000000000000000000e+00
4.937669200000000000e+07,1.619600067138671875e+02,5.231658935546875000e+01,4.857460021972656250e+00,6.682000000000000000e+03,0.000000000000000000e+00
4.357600800000000000e+07,1.639100036621093750e+02,5.232653045654296875e+01,4.931029796600341797e+00,5.581000000000000000e+03,0.000000000000000000e+00
2.965179000000000000e+07,1.113499984741210938e+02,5.243114089965820312e+01,5.003330230712890625e+00,9.824000000000000000e+03,0.000000000000000000e+00
1.353468000000000000e+06,2.310700073242187500e+02,5.242831039428710938e+01,4.978889942169189453e+00,8.429000000000000000e+03,0.000000000000000000e+00
6.172399205907169280e+17,1.064800033569335938e+02,5.243568420410156250e+01,4.998040199279785156e+00,9.916000000000000000e+03,0.000000000000000000e+00
1.791993600000000000e+07,1.006399993896484375e+02,5.232836151123046875e+01,4.933179855346679688e+00,5.463000000000000000e+03,0.000000000000000000e+00
2.745910000000000000e+07,8.895999908447265625e+01,5.233506393432617188e+01,4.951557636260986328e+00,5.574000000000000000e+03,0.000000000000000000e+00
1.334520700000000000e+07,1.979700012207031250e+02,5.242930984497070312e+01,4.995669841766357422e+00,9.304000000000000000e+03,0.000000000000000000e+00
3.568082800000000000e+07,2.476100006103515625e+02,5.243535995483398438e+01,4.996660232543945312e+00,9.824000000000000000e+03,0.000000000000000000e+00
5.346003600000000000e+07,6.559999847412109375e+01,5.232835006713867188e+01,4.932980060577392578e+00,5.458000000000000000e+03,0.000000000000000000e+00
3.951688800000000000e+07,6.755000305175781250e+01,5.238211822509765625e+01,4.750289916992187500e+00,9.949000000000000000e+03,0.000000000000000000e+00
5.179634800000000000e+07,7.436000061035156250e+01,5.230564880371093750e+01,5.038440227508544922e+00,1.216800000000000000e+04,0.000000000000000000e+00
8.894913000000000000e+06,1.016100006103515625e+02,5.228236007690429688e+01,5.005599975585937500e+00,1.243800000000000000e+04,0.000000000000000000e+00
1.594623400000000000e+07,2.038099975585937500e+02,5.228717041015625000e+01,5.002089977264404297e+00,1.186700000000000000e+04,0.000000000000000000e+00
2.334767600000000000e+07,7.923000335693359375e+01,5.237990188598632812e+01,4.753890037536621094e+00,9.681000000000000000e+03,0.000000000000000000e+00
1.699370000000000000e+06,8.116999816894531250e+01,5.233465957641601562e+01,4.780310153961181641e+00,8.876000000000000000e+03,0.000000000000000000e+00
1.854135000000000000e+07,1.424900054931640625e+02,5.233348083496093750e+01,4.945610046386718750e+00,5.445000000000000000e+03,0.000000000000000000e+00
4.380810800000000000e+07,1.259499969482421875e+02,5.232500076293945312e+01,4.819250106811523438e+00,7.369000000000000000e+03,0.000000000000000000e+00
2.588415000000000000e+06,1.600099945068359375e+02,5.228905868530273438e+01,5.002980232238769531e+00,1.173900000000000000e+04,0.000000000000000000e+00
5.069275600000000000e+07,1.697500000000000000e+02,5.234637832641601562e+01,4.776010036468505859e+00,8.622000000000000000e+03,0.000000000000000000e+00
3.790209600000000000e+07,2.271699981689453125e+02,5.232997131347656250e+01,4.785359859466552734e+00,8.838000000000000000e+03,0.000000000000000000e+00
4.478564000000000000e+07,8.312000274658203125e+01,5.234170150756835938e+01,4.786799907684326172e+00,8.134000000000000000e+03,0.000000000000000000e+00
1.259343000000000000e+06,1.162099990844726562e+02,5.233779907226562500e+01,4.953909873962402344e+00,5.468000000000000000e+03,0.000000000000000000e+00
4.454521600000000000e+07,1.025899963378906250e+02,5.235530090332031250e+01,4.756740093231201172e+00,9.628000000000000000e+03,0.000000000000000000e+00
3.435600400000000000e+07,9.966999816894531250e+01,5.234262847900390625e+01,4.961860179901123047e+00,5.537000000000000000e+03,0.000000000000000000e+00
3.150650000000000000e+07,9.383000183105468750e+01,5.238399887084960938e+01,4.751170158386230469e+00,9.916000000000000000e+03,0.000000000000000000e+00
4.153484000000000000e+06,1.113499984741210938e+02,5.238103866577148438e+01,4.750919818878173828e+00,9.894000000000000000e+03,0.000000000000000000e+00
3.463531200000000000e+07,1.016100006103515625e+02,5.237638092041015625e+01,4.753339767456054688e+00,9.690000000000000000e+03,0.000000000000000000e+00
2.640776800000000000e+07,7.047000122070312500e+01,5.237984085083007812e+01,4.743889808654785156e+00,1.035600000000000000e+04,0.000000000000000000e+00
1.039926300000000000e+07,7.144000244140625000e+01,5.238095092773437500e+01,4.744939804077148438e+00,1.029700000000000000e+04,0.000000000000000000e+00
3.722216000000000000e+07,1.600099945068359375e+02,5.242872238159179688e+01,5.041613101959228516e+00,1.173300000000000000e+04,0.000000000000000000e+00
2.577630800000000000e+07,7.099400024414062500e+02,5.243510055541992188e+01,4.879449844360351562e+00,7.116000000000000000e+03,0.000000000000000000e+00
5.116199200000000000e+07,1.006399993896484375e+02,5.238605880737304688e+01,4.755040168762207031e+00,9.690000000000000000e+03,0.000000000000000000e+00
2.722497400000000000e+07,9.187999725341796875e+01,5.237448883056640625e+01,4.757040023803710938e+00,9.431000000000000000e+03,0.000000000000000000e+00
4.269634000000000000e+07,9.091000366210937500e+01,5.238233184814453125e+01,4.744669914245605469e+00,1.033100000000000000e+04,0.000000000000000000e+00
5.084724400000000000e+07,1.016100006103515625e+02,5.238043975830078125e+01,4.747459888458251953e+00,1.012100000000000000e+04,0.000000000000000000e+00
2.568856000000000000e+06,1.678000030517578125e+02,5.239345169067382812e+01,4.752220153808593750e+00,1.004200000000000000e+04,0.000000000000000000e+00
4.233204800000000000e+07,1.006399993896484375e+02,5.236114120483398438e+01,4.755390167236328125e+00,9.615000000000000000e+03,0.000000000000000000e+00
1.501865300000000000e+07,9.675000000000000000e+01,5.237994003295898438e+01,4.748479843139648438e+00,1.004700000000000000e+04,0.000000000000000000e+00
5.105098400000000000e+07,2.378800048828125000e+02,5.239812850952148438e+01,4.749000072479248047e+00,1.038800000000000000e+04,0.000000000000000000e+00
5.251128800000000000e+07,6.170999908447265625e+01,5.233087158203125000e+01,4.919740200042724609e+00,4.841000000000000000e+03,0.000000000000000000e+00
7.711662000000000000e+06,2.184100036621093750e+02,5.231076049804687500e+01,5.039199829101562500e+00,1.187400000000000000e+04,0.000000000000000000e+00
5.845440869129256960e+17,2.466399993896484375e+02,5.233060073852539062e+01,4.938199996948242188e+00,5.417000000000000000e+03,0.000000000000000000e+00
1.629322200000000000e+07,4.808000183105468750e+01,5.243535995483398438e+01,4.880259990692138672e+00,7.136000000000000000e+03,0.000000000000000000e+00
4.285875200000000000e+07,2.028399963378906250e+02,5.242417907714843750e+01,4.909009933471679688e+00,5.881000000000000000e+03,0.000000000000000000e+00
2.179470200000000000e+07,2.680499877929687500e+02,5.242980957031250000e+01,4.901130199432373047e+00,6.449000000000000000e+03,0.000000000000000000e+00
6.134354729196584960e+17,1.882400054931640625e+02,5.243427276611328125e+01,5.000916957855224609e+00,9.943000000000000000e+03,0.000000000000000000e+00
3.979846000000000000e+07,1.502799987792968750e+02,5.243521881103515625e+01,5.000400066375732422e+00,9.992000000000000000e+03,0.000000000000000000e+00
2.504514000000000000e+07,2.476100006103515625e+02,5.242847061157226562e+01,4.973607063293457031e+00,8.208000000000000000e+03,0.000000000000000000e+00
5.139589200000000000e+07,3.692799987792968750e+02,5.238678741455078125e+01,4.746870040893554688e+00,1.025000000000000000e+04,0.000000000000000000e+00
3.585532800000000000e+07,1.259499969482421875e+02,5.236138916015625000e+01,4.755620002746582031e+00,9.596000000000000000e+03,0.000000000000000000e+00
3.941531200000000000e+07,2.816799926757812500e+02,5.242774963378906250e+01,4.912399768829345703e+00,6.310000000000000000e+03,0.000000000000000000e+00
4.964711200000000000e+07,2.408000030517578125e+02,5.242750167846679688e+01,4.964459896087646484e+00,7.737000000000000000e+03,0.000000000000000000e+00
5.163785600000000000e+07,1.794799957275390625e+02,5.239831161499023438e+01,4.751480102539062500e+00,1.023200000000000000e+04,0.000000000000000000e+00
4.534521000000000000e+06,7.727999877929687500e+01,5.230617904663085938e+01,4.868850231170654297e+00,7.535000000000000000e+03,0.000000000000000000e+00
9.855210000000000000e+06,1.405500030517578125e+02,5.242866134643554688e+01,4.998600006103515625e+00,9.401000000000000000e+03,0.000000000000000000e+00
4.312414400000000000e+07,6.170999908447265625e+01,5.243346023559570312e+01,4.880819797515869141e+00,6.921000000000000000e+03,0.000000000000000000e+00
1.514275400000000000e+07,8.116999816894531250e+01,5.233726882934570312e+01,4.790040016174316406e+00,8.156000000000000000e+03,0.000000000000000000e+00
2.297019600000000000e+07,9.675000000000000000e+01,5.243191146850585938e+01,5.033010005950927734e+00,1.144800000000000000e+04,0.000000000000000000e+00
4.915392800000000000e+07,1.162099990844726562e+02,5.231679153442382812e+01,4.855510234832763672e+00,6.714000000000000000e+03,0.000000000000000000e+00
4.997352000000000000e+07,9.675000000000000000e+01,5.231983947753906250e+01,5.034900188446044922e+00,1.107500000000000000e+04,0.000000000000000000e+00
1.454466800000000000e+07,6.268000030517578125e+01,5.238737869262695312e+01,4.751019954681396484e+00,9.983000000000000000e+03,0.000000000000000000e+00
3.535785600000000000e+07,8.701000213623046875e+01,5.242831039428710938e+01,5.042191028594970703e+00,1.174100000000000000e+04,0.000000000000000000e+00
5.851269655146004480e+17,1.716900024414062500e+02,5.231668853759765625e+01,4.858439922332763672e+00,6.646000000000000000e+03,0.000000000000000000e+00
5.271487200000000000e+07,1.074499969482421875e+02,5.227293395996093750e+01,4.977860927581787109e+00,1.233400000000000000e+04,0.000000000000000000e+00
4.413736800000000000e+07,1.025899963378906250e+02,5.227875900268554688e+01,5.004879951477050781e+00,1.273200000000000000e+04,0.000000000000000000e+00
5.102928800000000000e+07,5.781000137329101562e+01,5.228382873535156250e+01,5.005730152130126953e+00,1.231300000000000000e+04,0.000000000000000000e+00
1.640100000000000000e+07,1.259499969482421875e+02,5.226995086669921875e+01,4.971960067749023438e+00,1.245900000000000000e+04,0.000000000000000000e+00
4.424826400000000000e+07,6.268000030517578125e+01,5.228319931030273438e+01,5.005829811096191406e+00,1.237300000000000000e+04,0.000000000000000000e+00
1.953683200000000000e+07,1.366499938964843750e+02,5.227872085571289062e+01,4.984690189361572266e+00,1.199000000000000000e+04,0.000000000000000000e+00
5.671724216693555200e+17,7.533000183105468750e+01,5.233600997924804688e+01,4.969470024108886719e+00,6.395000000000000000e+03,0.000000000000000000e+00
3.836848000000000000e+06,1.405500030517578125e+02,5.231621932983398438e+01,4.852079868316650391e+00,6.870000000000000000e+03,0.000000000000000000e+00
6.083487000000000000e+06,3.342399902343750000e+02,5.233454895019531250e+01,4.773799896240234375e+00,9.274000000000000000e+03,0.000000000000000000e+00
3.789876000000000000e+07,2.427500000000000000e+02,5.232815170288085938e+01,4.785779953002929688e+00,8.922000000000000000e+03,0.000000000000000000e+00
3.790212000000000000e+07,2.466399993896484375e+02,5.232804107666015625e+01,4.785369873046875000e+00,8.952000000000000000e+03,0.000000000000000000e+00
5.227583200000000000e+07,1.006399993896484375e+02,5.234278869628906250e+01,4.780749797821044922e+00,8.463000000000000000e+03,0.000000000000000000e+00
3.355147400000000000e+07,1.006399993896484375e+02,5.234225845336914062e+01,4.962399959564208984e+00,5.591000000000000000e+03,0.000000000000000000e+00
2.031980400000000000e+07,7.241000366210937500e+01,5.242319869995117188e+01,5.022900104522705078e+00,1.033400000000000000e+04,0.000000000000000000e+00
7.375698000000000000e+06,2.719500122070312500e+02,5.233934020996093750e+01,4.780550003051757812e+00,8.630000000000000000e+03,0.000000000000000000e+00
3.969818400000000000e+07,7.727999877929687500e+01,5.238262939453125000e+01,4.742430210113525391e+00,1.048600000000000000e+04,0.000000000000000000e+00
3.790276000000000000e+07,2.086799926757812500e+02,5.233015060424804688e+01,4.786789894104003906e+00,8.745000000000000000e+03,0.000000000000000000e+00
4.377733600000000000e+07,9.187999725341796875e+01,5.234011077880859375e+01,4.964789867401123047e+00,5.864000000000000000e+03,0.000000000000000000e+00
2.500257200000000000e+07,6.170999908447265625e+01,5.234708023071289062e+01,4.980939865112304688e+00,6.400000000000000000e+03,0.000000000000000000e+00
4.357545600000000000e+07,6.268000030517578125e+01,5.228340148925781250e+01,5.005990028381347656e+00,1.236100000000000000e+04,0.000000000000000000e+00
2.306960400000000000e+07,8.019999694824218750e+01,5.233319854736328125e+01,4.940289974212646484e+00,5.254000000000000000e+03,0.000000000000000000e+00
4.367867200000000000e+07,2.232799987792968750e+02,5.231687164306640625e+01,5.037940025329589844e+00,1.142500000000000000e+04,0.000000000000000000e+00
2.246330800000000000e+07,1.230299987792968750e+02,5.233343124389648438e+01,4.938789844512939453e+00,5.175000000000000000e+03,0.000000000000000000e+00
2.713362000000000000e+07,9.675000000000000000e+01,5.234326171875000000e+01,4.963329792022705078e+00,5.578000000000000000e+03,0.000000000000000000e+00
4.020194400000000000e+07,1.123199996948242188e+02,5.233549880981445312e+01,4.975830078125000000e+00,6.771000000000000000e+03,0.000000000000000000e+00
4.336131000000000000e+06,8.701000213623046875e+01,5.232696914672851562e+01,4.935319900512695312e+00,5.668000000000000000e+03,0.000000000000000000e+00
1.740486000000000000e+07,7.436000061035156250e+01,5.242174911499023438e+01,5.024489879608154297e+00,1.033700000000000000e+04,0.000000000000000000e+00
2.345124000000000000e+07,1.259499969482421875e+02,5.233052825927734375e+01,4.932769775390625000e+00,5.238000000000000000e+03,0.000000000000000000e+00
1.957100800000000000e+07,9.966999816894531250e+01,5.229817962646484375e+01,4.917250156402587891e+00,8.325000000000000000e+03,0.000000000000000000e+00
1.888946000000000000e+07,1.113499984741210938e+02,5.227959060668945312e+01,5.003880023956298828e+00,1.261800000000000000e+04,0.000000000000000000e+00
5.170929200000000000e+07,8.993000030517578125e+01,5.237234878540039062e+01,4.750370025634765625e+00,9.880000000000000000e+03,0.000000000000000000e+00
4.409283200000000000e+07,2.213300018310546875e+02,5.233095169067382812e+01,4.939489841461181641e+00,5.431000000000000000e+03,0.000000000000000000e+00
1.817269000000000000e+06,9.480000305175781250e+01,5.227352905273437500e+01,4.980199813842773438e+00,1.234800000000000000e+04,0.000000000000000000e+00
3.567082400000000000e+07,1.366499938964843750e+02,5.233261871337890625e+01,4.939310073852539062e+00,5.270000000000000000e+03,0.000000000000000000e+00
3.471230400000000000e+07,6.072999954223632812e+01,5.243778991699218750e+01,4.869619846343994141e+00,7.541000000000000000e+03,0.000000000000000000e+00
4.356541600000000000e+07,1.006399993896484375e+02,5.243323135375976562e+01,4.997290134429931641e+00,9.686000000000000000e+03,0.000000000000000000e+00
2.997955200000000000e+07,2.164700012207031250e+02,5.233451843261718750e+01,4.796959877014160156e+00,7.901000000000000000e+03,0.000000000000000000e+00
4.060672400000000000e+07,1.678000030517578125e+02,5.238626098632812500e+01,4.838510036468505859e+00,4.210000000000000000e+03,0.000000000000000000e+00
2.997953600000000000e+07,2.758399963378906250e+02,5.233332061767578125e+01,4.796679973602294922e+00,7.988000000000000000e+03,0.000000000000000000e+00
3.036320000000000000e+07,1.658500061035156250e+02,5.233454895019531250e+01,4.773799896240234375e+00,9.274000000000000000e+03,0.000000000000000000e+00
3.033527000000000000e+07,1.979700012207031250e+02,5.233454895019531250e+01,4.773799896240234375e+00,9.274000000000000000e+03,0.000000000000000000e+00
3.156449000000000000e+07,9.675000000000000000e+01,5.243920135498046875e+01,4.953519821166992188e+00,8.443000000000000000e+03,0.000000000000000000e+00
3.038982000000000000e+07,1.746100006103515625e+02,5.233454895019531250e+01,4.773799896240234375e+00,9.274000000000000000e+03,0.000000000000000000e+00
5.028630400000000000e+07,8.604000091552734375e+01,5.227101898193359375e+01,4.974890232086181641e+00,1.243600000000000000e+04,0.000000000000000000e+00
5.028644000000000000e+07,7.630999755859375000e+01,5.227188110351562500e+01,4.973249912261962891e+00,1.230100000000000000e+04,0.000000000000000000e+00
2.357753600000000000e+07,8.215000152587890625e+01,5.242953872680664062e+01,4.918779850006103516e+00,6.595000000000000000e+03,0.000000000000000000e+00
2.700444000000000000e+06,9.091000366210937500e+01,5.227136993408203125e+01,4.977540016174316406e+00,1.248000000000000000e+04,0.000000000000000000e+00
3.274136600000000000e+07,9.480000305175781250e+01,5.243218994140625000e+01,4.953969955444335938e+00,7.776000000000000000e+03,0.000000000000000000e+00
4.080338400000000000e+07,8.215000152587890625e+01,5.243392944335937500e+01,4.952479839324951172e+00,7.894000000000000000e+03,0.000000000000000000e+00
3.046440000000000000e+07,1.386000061035156250e+02,5.243236160278320312e+01,4.951240062713623047e+00,7.700000000000000000e+03,0.000000000000000000e+00
3.001126800000000000e+07,1.025899963378906250e+02,5.243907928466796875e+01,4.951429843902587891e+00,8.366000000000000000e+03,0.000000000000000000e+00
3.649465600000000000e+07,1.210800018310546875e+02,5.243180084228515625e+01,4.952050209045410156e+00,7.673000000000000000e+03,0.000000000000000000e+00
2.283212800000000000e+07,9.675000000000000000e+01,5.244234085083007812e+01,4.953519821166992188e+00,8.754000000000000000e+03,0.000000000000000000e+00
5.973578000000000000e+06,9.187999725341796875e+01,5.242552947998046875e+01,4.942190170288085938e+00,6.740000000000000000e+03,0.000000000000000000e+00
3.152734000000000000e+07,9.675000000000000000e+01,5.243220138549804688e+01,4.952509880065917969e+00,7.727000000000000000e+03,0.000000000000000000e+00
2.135356200000000000e+07,1.113499984741210938e+02,5.244010162353515625e+01,4.951270103454589844e+00,8.463000000000000000e+03,0.000000000000000000e+00
2.028188000000000000e+07,2.476100006103515625e+02,5.243209838867187500e+01,4.999370098114013672e+00,9.700000000000000000e+03,0.000000000000000000e+00
5.974806658474311680e+17,9.187999725341796875e+01,5.243954467773437500e+01,4.952157020568847656e+00,8.435000000000000000e+03,0.000000000000000000e+00
4.104472400000000000e+07,9.187999725341796875e+01,5.243188858032226562e+01,4.920569896697998047e+00,6.877000000000000000e+03,0.000000000000000000e+00
3.638191200000000000e+07,1.259499969482421875e+02,5.230580902099609375e+01,4.859230041503906250e+00,7.760000000000000000e+03,0.000000000000000000e+00
5.990123542643998720e+17,1.181600036621093750e+02,5.231961822509765625e+01,5.032749176025390625e+00,1.096400000000000000e+04,0.000000000000000000e+00
4.038614400000000000e+07,1.570899963378906250e+02,5.230575942993164062e+01,5.038159847259521484e+00,1.214500000000000000e+04,0.000000000000000000e+00
1.372488900000000000e+07,6.755000305175781250e+01,5.230984878540039062e+01,5.039639949798583984e+00,1.195700000000000000e+04,0.000000000000000000e+00
2.929196000000000000e+07,1.493099975585937500e+02,5.230947113037109375e+01,4.852399826049804688e+00,7.544000000000000000e+03,0.000000000000000000e+00
3.309282800000000000e+07,1.979700012207031250e+02,5.230205917358398438e+01,4.869540214538574219e+00,7.970000000000000000e+03,0.000000000000000000e+00
4.203286400000000000e+07,7.338999938964843750e+01,5.233499145507812500e+01,4.933440208435058594e+00,4.831000000000000000e+03,0.000000000000000000e+00
4.200950000000000000e+05,1.502799987792968750e+02,5.230978012084960938e+01,4.842450141906738281e+00,7.804000000000000000e+03,0.000000000000000000e+00
3.223660800000000000e+07,9.383000183105468750e+01,5.229590988159179688e+01,5.013249874114990234e+00,1.161800000000000000e+04,0.000000000000000000e+00
3.309297400000000000e+07,3.916700134277343750e+02,5.230205917358398438e+01,4.869540214538574219e+00,7.970000000000000000e+03,0.000000000000000000e+00
4.090651200000000000e+07,1.687700042724609375e+02,5.232783126831054688e+01,4.785359859466552734e+00,8.966000000000000000e+03,0.000000000000000000e+00
6.187742203478016000e+17,8.701000213623046875e+01,5.231629943847656250e+01,5.035459995269775391e+00,1.131800000000000000e+04,0.000000000000000000e+00
1.108017000000000000e+07,5.684000015258789062e+01,5.227751922607421875e+01,4.972949981689453125e+00,1.172800000000000000e+04,0.000000000000000000e+00
6.055045000000000000e+06,9.966999816894531250e+01,5.233422088623046875e+01,4.941669940948486328e+00,5.217000000000000000e+03,0.000000000000000000e+00
2.477696800000000000e+07,7.727999877929687500e+01,5.242388153076171875e+01,5.021979808807373047e+00,1.032400000000000000e+04,0.000000000000000000e+00
4.357614800000000000e+07,1.493099975585937500e+02,5.232653045654296875e+01,4.931029796600341797e+00,5.581000000000000000e+03,0.000000000000000000e+00
2.771594400000000000e+07,2.466399993896484375e+02,5.231058883666992188e+01,5.037640094757080078e+00,1.179800000000000000e+04,0.000000000000000000e+00
2.935110000000000000e+07,1.259499969482421875e+02,5.230995941162109375e+01,5.038000106811523438e+00,1.185900000000000000e+04,0.000000000000000000e+00
4.228766400000000000e+07,7.338999938964843750e+01,5.233557128906250000e+01,4.932670116424560547e+00,4.749000000000000000e+03,0.000000000000000000e+00
4.203389600000000000e+07,7.338999938964843750e+01,5.233518981933593750e+01,4.933279991149902344e+00,4.807000000000000000e+03,0.000000000000000000e+00
1.630571900000000000e+07,4.320999908447265625e+01,5.243547058105468750e+01,4.879409790039062500e+00,7.157000000000000000e+03,0.000000000000000000e+00
5.205033200000000000e+07,1.064800033569335938e+02,5.242020034790039062e+01,5.066510200500488281e+00,1.276100000000000000e+04,0.000000000000000000e+00
3.355958000000000000e+07,8.895999908447265625e+01,5.233300018310546875e+01,4.960609912872314453e+00,6.166000000000000000e+03,0.000000000000000000e+00
5.280117600000000000e+07,6.268000030517578125e+01,5.233951950073242188e+01,4.956860065460205078e+00,5.487000000000000000e+03,0.000000000000000000e+00
6.180183748231823360e+17,5.295000076293945312e+01,5.234386062622070312e+01,4.967013359069824219e+00,5.748000000000000000e+03,0.000000000000000000e+00
5.073542400000000000e+07,8.754099731445312500e+02,5.243363189697265625e+01,4.913010120391845703e+00,6.962000000000000000e+03,0.000000000000000000e+00
1.756781200000000000e+07,2.787600097656250000e+02,5.231309127807617188e+01,4.847030162811279297e+00,7.334000000000000000e+03,0.000000000000000000e+00
3.387818400000000000e+07,7.727999877929687500e+01,5.242440032958984375e+01,5.022540092468261719e+00,1.038800000000000000e+04,0.000000000000000000e+00
5.045706000000000000e+07,3.347999954223632812e+01,5.231229019165039062e+01,5.038670063018798828e+00,1.174700000000000000e+04,0.000000000000000000e+00
1.913800800000000000e+07,1.278899993896484375e+02,5.242319869995117188e+01,5.023049831390380859e+00,1.034200000000000000e+04,0.000000000000000000e+00
4.197230800000000000e+07,7.338999938964843750e+01,5.233514022827148438e+01,4.932869911193847656e+00,4.797000000000000000e+03,0.000000000000000000e+00
5.028639200000000000e+07,1.376300048828125000e+02,5.227283096313476562e+01,4.973629951477050781e+00,1.221700000000000000e+04,0.000000000000000000e+00
2.305446800000000000e+07,2.962799987792968750e+02,5.230751037597656250e+01,4.908750057220458984e+00,7.213000000000000000e+03,0.000000000000000000e+00
4.039874400000000000e+07,1.405500030517578125e+02,5.229858016967773438e+01,4.910190105438232422e+00,8.210000000000000000e+03,0.000000000000000000e+00
8.318087000000000000e+06,4.320999908447265625e+01,5.226972961425781250e+01,4.974599838256835938e+00,1.255700000000000000e+04,0.000000000000000000e+00
4.974781600000000000e+07,1.162099990844726562e+02,5.227222824096679688e+01,4.974909782409667969e+00,1.231500000000000000e+04,0.000000000000000000e+00
1.832392600000000000e+07,3.936099853515625000e+02,5.230924987792968750e+01,4.882420063018798828e+00,7.026000000000000000e+03,0.000000000000000000e+00
1.102434500000000000e+07,1.658500061035156250e+02,5.230849838256835938e+01,4.882919788360595703e+00,7.105000000000000000e+03,0.000000000000000000e+00
6.207895564420382720e+17,2.116000061035156250e+02,5.230857849121093750e+01,4.882719993591308594e+00,7.098000000000000000e+03,0.000000000000000000e+00
5.028589200000000000e+07,1.103700027465820312e+02,5.226971817016601562e+01,4.974510192871093750e+00,1.255500000000000000e+04,0.000000000000000000e+00
5.028606400000000000e+07,1.035599975585937500e+02,5.227003860473632812e+01,4.973189830780029297e+00,1.248500000000000000e+04,0.000000000000000000e+00
5.028616400000000000e+07,1.152399978637695312e+02,5.227050018310546875e+01,4.974949836730957031e+00,1.249000000000000000e+04,0.000000000000000000e+00
3.225144800000000000e+07,8.215000152587890625e+01,5.243106842041015625e+01,4.997990131378173828e+00,9.553000000000000000e+03,0.000000000000000000e+00
4.364652800000000000e+07,8.701000213623046875e+01,5.243384933471679688e+01,4.996920108795166016e+00,9.717000000000000000e+03,0.000000000000000000e+00
4.437572000000000000e+06,4.320999908447265625e+01,5.226866149902343750e+01,4.972730159759521484e+00,1.261100000000000000e+04,0.000000000000000000e+00
4.991859000000000000e+06,2.116000061035156250e+02,5.233454895019531250e+01,4.773799896240234375e+00,9.274000000000000000e+03,0.000000000000000000e+00
7.703027000000000000e+06,9.187999725341796875e+01,5.234899139404296875e+01,4.982240200042724609e+00,6.392000000000000000e+03,0.000000000000000000e+00
4.406285600000000000e+07,9.187999725341796875e+01,5.227304077148437500e+01,4.978250026702880859e+00,1.233500000000000000e+04,0.000000000000000000e+00
2.997961200000000000e+07,2.261999969482421875e+02,5.233322906494140625e+01,4.798920154571533203e+00,7.866000000000000000e+03,0.000000000000000000e+00
6.834643000000000000e+06,7.338999938964843750e+01,5.226926040649414062e+01,4.977000236511230469e+00,1.267400000000000000e+04,0.000000000000000000e+00
4.090557600000000000e+07,1.707200012207031250e+02,5.232801818847656250e+01,4.785470008850097656e+00,8.948000000000000000e+03,0.000000000000000000e+00
1.233483100000000000e+07,2.962799987792968750e+02,5.231465148925781250e+01,4.876009941101074219e+00,6.507000000000000000e+03,0.000000000000000000e+00
6.316738282038231040e+17,2.768099975585937500e+02,5.243601989746093750e+01,4.916090011596679688e+00,7.260000000000000000e+03,0.000000000000000000e+00
2.592542400000000000e+07,2.651300048828125000e+02,5.233449172973632812e+01,4.796780109405517578e+00,7.913000000000000000e+03,0.000000000000000000e+00
5.299864000000000000e+07,1.887999916076660156e+01,5.242762756347656250e+01,5.074203968048095703e+00,1.359200000000000000e+04,0.000000000000000000e+00
3.163282400000000000e+07,1.132900009155273438e+02,5.233629989624023438e+01,4.783810138702392578e+00,8.580000000000000000e+03,0.000000000000000000e+00
3.583464000000000000e+07,8.701000213623046875e+01,5.243198013305664062e+01,5.033969879150390625e+00,1.150500000000000000e+04,0.000000000000000000e+00
1.894496400000000000e+07,1.405500030517578125e+02,5.227035140991210938e+01,4.978940010070800781e+00,1.262300000000000000e+04,0.000000000000000000e+00
5.429075200000000000e+07,3.546799926757812500e+02,5.241933059692382812e+01,5.069029808044433594e+00,1.287700000000000000e+04,0.000000000000000000e+00
2.079114000000000000e+06,7.338999938964843750e+01,5.230836105346679688e+01,5.029660224914550781e+00,1.151100000000000000e+04,0.000000000000000000e+00
5.197336000000000000e+07,7.727999877929687500e+01,5.230884933471679688e+01,5.039672851562500000e+00,1.202300000000000000e+04,0.000000000000000000e+00
2.733110800000000000e+07,8.701000213623046875e+01,5.233798980712890625e+01,4.952549934387207031e+00,5.387000000000000000e+03,0.000000000000000000e+00
3.498791200000000000e+07,1.454100036621093750e+02,5.241876983642578125e+01,5.070099830627441406e+00,1.291800000000000000e+04,0.000000000000000000e+00
4.228794400000000000e+07,7.338999938964843750e+01,5.233491134643554688e+01,4.932549953460693359e+00,4.807000000000000000e+03,0.000000000000000000e+00
2.757568400000000000e+07,6.851999664306640625e+01,5.230720138549804688e+01,5.036640167236328125e+00,1.196600000000000000e+04,0.000000000000000000e+00
7.136326000000000000e+06,2.962799987792968750e+02,5.243088150024414062e+01,5.035170078277587891e+00,1.150200000000000000e+04,0.000000000000000000e+00
4.386431600000000000e+07,1.356799926757812500e+02,5.242831039428710938e+01,5.042191028594970703e+00,1.174100000000000000e+04,0.000000000000000000e+00
1.324168000000000000e+07,7.727999877929687500e+01,5.242681121826171875e+01,4.913539886474609375e+00,6.222000000000000000e+03,0.000000000000000000e+00
2.507135000000000000e+06,8.604000091552734375e+01,5.230797195434570312e+01,5.038790225982666016e+00,1.203200000000000000e+04,0.000000000000000000e+00
4.336334000000000000e+06,7.727999877929687500e+01,5.232752990722656250e+01,4.935420036315917969e+00,5.617000000000000000e+03,0.000000000000000000e+00
8.573930000000000000e+06,2.135500030517578125e+02,5.231100845336914062e+01,4.849949836730957031e+00,7.456000000000000000e+03,0.000000000000000000e+00
4.229047600000000000e+07,7.338999938964843750e+01,5.233536148071289062e+01,4.932549953460693359e+00,4.765000000000000000e+03,0.000000000000000000e+00
2.363917600000000000e+07,2.826499938964843750e+02,5.227848052978515625e+01,4.985149860382080078e+00,1.202900000000000000e+04,0.000000000000000000e+00
2.612898800000000000e+07,9.772000122070312500e+01,5.232929992675781250e+01,4.939380168914794922e+00,5.582000000000000000e+03,0.000000000000000000e+00
5.259204400000000000e+07,6.559999847412109375e+01,5.234177017211914062e+01,4.957009792327880859e+00,5.334000000000000000e+03,0.000000000000000000e+00
5.438990000000000000e+07,2.232799987792968750e+02,5.226800918579101562e+01,4.979459762573242188e+00,1.287300000000000000e+04,0.000000000000000000e+00
3.126150400000000000e+07,1.648800048828125000e+02,5.226998138427734375e+01,4.976819992065429688e+00,1.259700000000000000e+04,0.000000000000000000e+00
4.060660800000000000e+07,1.785099945068359375e+02,5.238647079467773438e+01,4.840710163116455078e+00,4.082000000000000000e+03,0.000000000000000000e+00
4.060668800000000000e+07,1.785099945068359375e+02,5.238600921630859375e+01,4.840650081634521484e+00,4.065000000000000000e+03,0.000000000000000000e+00
4.060675200000000000e+07,1.872700042724609375e+02,5.238619995117187500e+01,4.840410232543945312e+00,4.088000000000000000e+03,0.000000000000000000e+00
4.167660000000000000e+07,2.232799987792968750e+02,5.233953094482421875e+01,4.783919811248779297e+00,8.414000000000000000e+03,0.000000000000000000e+00
7.285418000000000000e+06,5.834099731445312500e+02,5.233750915527343750e+01,4.785729885101318359e+00,8.403000000000000000e+03,0.000000000000000000e+00
3.982812000000000000e+07,5.240399780273437500e+02,5.237089920043945312e+01,4.745920181274414062e+00,1.018300000000000000e+04,0.000000000000000000e+00
4.048148400000000000e+07,3.834999847412109375e+01,5.231219863891601562e+01,5.038280010223388672e+00,1.173100000000000000e+04,0.000000000000000000e+00
1.715371000000000000e+06,1.502799987792968750e+02,5.243133163452148438e+01,5.035419940948486328e+00,1.154400000000000000e+04,0.000000000000000000e+00
4.032257200000000000e+07,2.096499938964843750e+02,5.242477035522460938e+01,4.948029994964599609e+00,6.861000000000000000e+03,0.000000000000000000e+00
4.023273600000000000e+07,2.661099853515625000e+02,5.231507110595703125e+01,4.877769947052001953e+00,6.438000000000000000e+03,0.000000000000000000e+00
6.694485000000000000e+06,1.502799987792968750e+02,5.227185821533203125e+01,4.978390216827392578e+00,1.245700000000000000e+04,0.000000000000000000e+00
3.350898400000000000e+07,3.498099975585937500e+02,5.233507156372070312e+01,4.932089805603027344e+00,4.776000000000000000e+03,0.000000000000000000e+00
1.363014700000000000e+07,1.600099945068359375e+02,5.243479156494140625e+01,4.858089923858642578e+00,7.449000000000000000e+03,0.000000000000000000e+00
3.915996000000000000e+07,1.940800018310546875e+02,5.227238845825195312e+01,4.970530033111572266e+00,1.217200000000000000e+04,0.000000000000000000e+00
6.083231561673605120e+17,2.524799957275390625e+02,5.239502334594726562e+01,4.875635147094726562e+00,2.916000000000000000e+03,0.000000000000000000e+00
3.394909600000000000e+07,5.586999893188476562e+01,5.231396102905273438e+01,4.877620220184326172e+00,6.561000000000000000e+03,0.000000000000000000e+00
3.661615200000000000e+07,9.776099853515625000e+02,5.231042098999023438e+01,4.856679916381835938e+00,7.337000000000000000e+03,0.000000000000000000e+00
5.432624000000000000e+07,5.391999816894531250e+01,5.238623046875000000e+01,4.833010196685791016e+00,4.557000000000000000e+03,0.000000000000000000e+00
4.770987200000000000e+07,2.086799926757812500e+02,5.239616012573242188e+01,4.877999782562255859e+00,2.959000000000000000e+03,0.000000000000000000e+00
5.527452485649694720e+17,2.466399993896484375e+02,5.238599014282226562e+01,4.833680152893066406e+00,4.505000000000000000e+03,0.000000000000000000e+00
2.882767200000000000e+07,4.909500122070312500e+02,5.239577865600585938e+01,4.878250122070312500e+00,2.913000000000000000e+03,0.000000000000000000e+00
5.043223200000000000e+07,2.476100006103515625e+02,5.239807891845703125e+01,4.882760047912597656e+00,3.045000000000000000e+03,0.000000000000000000e+00
3.416877200000000000e+07,1.746100006103515625e+02,5.226953125000000000e+01,4.969419956207275391e+00,1.243100000000000000e+04,0.000000000000000000e+00
3.434997600000000000e+07,2.116000061035156250e+02,5.226964187622070312e+01,4.973619937896728516e+00,1.253800000000000000e+04,0.000000000000000000e+00
4.162903200000000000e+07,2.086799926757812500e+02,5.233766937255859375e+01,4.971749782562255859e+00,6.405000000000000000e+03,0.000000000000000000e+00
3.212754000000000000e+06,1.454100036621093750e+02,5.227305984497070312e+01,4.980130195617675781e+00,1.239200000000000000e+04,0.000000000000000000e+00
2.872730600000000000e+07,2.661099853515625000e+02,5.237989044189453125e+01,4.745910167694091797e+00,1.022000000000000000e+04,0.000000000000000000e+00
3.553112800000000000e+07,6.067700195312500000e+02,5.237049865722656250e+01,4.745860099792480469e+00,1.018700000000000000e+04,0.000000000000000000e+00
3.360420400000000000e+07,3.488399963378906250e+02,5.233263015747070312e+01,4.927000045776367188e+00,4.851000000000000000e+03,0.000000000000000000e+00
4.114298800000000000e+07,4.179500122070312500e+02,5.233462142944335938e+01,4.937039852142333984e+00,4.999000000000000000e+03,0.000000000000000000e+00
5.172500400000000000e+07,7.829400024414062500e+02,5.232786178588867188e+01,4.933730125427246094e+00,5.530000000000000000e+03,0.000000000000000000e+00
2.008443400000000000e+07,1.989499969482421875e+02,5.233504867553710938e+01,4.945169925689697266e+00,5.290000000000000000e+03,0.000000000000000000e+00
2.462721000000000000e+07,2.476100006103515625e+02,5.233237075805664062e+01,4.944439888000488281e+00,5.494000000000000000e+03,0.000000000000000000e+00
1.067630000000000000e+06,4.218399963378906250e+02,5.233364868164062500e+01,4.941440105438232422e+00,5.259000000000000000e+03,0.000000000000000000e+00
5.028500000000000000e+07,1.405500030517578125e+02,5.231245040893554688e+01,4.870140075683593750e+00,6.838000000000000000e+03,0.000000000000000000e+00
6.296787643552235520e+17,2.962799987792968750e+02,5.231800079345703125e+01,4.860249996185302734e+00,6.464000000000000000e+03,0.000000000000000000e+00
5.085908800000000000e+07,1.785099945068359375e+02,5.238745880126953125e+01,4.840610027313232422e+00,4.133000000000000000e+03,0.000000000000000000e+00
4.060657600000000000e+07,2.271699981689453125e+02,5.238753890991210938e+01,4.840690135955810547e+00,4.131000000000000000e+03,0.000000000000000000e+00
4.060654000000000000e+07,2.485899963378906250e+02,5.238708114624023438e+01,4.838640213012695312e+00,4.237000000000000000e+03,0.000000000000000000e+00
3.602779200000000000e+07,6.755000305175781250e+01,5.232976913452148438e+01,4.962530136108398438e+00,6.514000000000000000e+03,0.000000000000000000e+00
1.648984100000000000e+07,7.533000183105468750e+01,5.231039810180664062e+01,4.880030155181884766e+00,6.923000000000000000e+03,0.000000000000000000e+00
2.876898000000000000e+07,2.154900054931640625e+02,5.231769943237304688e+01,4.872779846191406250e+00,6.228000000000000000e+03,0.000000000000000000e+00
3.287929600000000000e+07,4.909500122070312500e+02,5.239545822143554688e+01,4.878170013427734375e+00,2.883000000000000000e+03,0.000000000000000000e+00
4.611964400000000000e+07,5.586999893188476562e+01,5.231438064575195312e+01,4.879099845886230469e+00,6.497000000000000000e+03,0.000000000000000000e+00
2.876912400000000000e+07,2.359299926757812500e+02,5.231698989868164062e+01,4.871809959411621094e+00,6.321000000000000000e+03,0.000000000000000000e+00
3.324254000000000000e+07,8.238200073242187500e+02,5.238864898681640625e+01,4.834030151367187500e+00,4.594000000000000000e+03,0.000000000000000000e+00
4.811368000000000000e+07,2.524799957275390625e+02,5.239720916748046875e+01,4.881490230560302734e+00,2.979000000000000000e+03,0.000000000000000000e+00
3.324138400000000000e+07,3.507900085449218750e+02,5.238679885864257812e+01,4.835410118103027344e+00,4.428000000000000000e+03,0.000000000000000000e+00
2.528000800000000000e+07,1.814299926757812500e+02,5.231214904785156250e+01,4.878489971160888672e+00,6.748000000000000000e+03,0.000000000000000000e+00
5.432625200000000000e+07,1.892100067138671875e+02,5.238581848144531250e+01,4.831709861755371094e+00,4.624000000000000000e+03,0.000000000000000000e+00
1.517198100000000000e+07,4.646700134277343750e+02,5.233369827270507812e+01,4.940730094909667969e+00,5.226000000000000000e+03,0.000000000000000000e+00
2.882782400000000000e+07,4.909500122070312500e+02,5.239604187011718750e+01,4.876480102539062500e+00,2.991000000000000000e+03,0.000000000000000000e+00
3.318268400000000000e+07,2.330099945068359375e+02,5.238833999633789062e+01,4.833749771118164062e+00,4.598000000000000000e+03,0.000000000000000000e+00
5.432627600000000000e+07,2.670799865722656250e+02,5.238566970825195312e+01,4.831610202789306641e+00,4.625000000000000000e+03,0.000000000000000000e+00
4.735220000000000000e+07,2.086799926757812500e+02,5.239624023437500000e+01,4.876920223236083984e+00,2.998000000000000000e+03,0.000000000000000000e+00
4.884048000000000000e+07,2.437200012207031250e+02,5.231779861450195312e+01,4.872479915618896484e+00,6.222000000000000000e+03,0.000000000000000000e+00
4.771723200000000000e+07,4.899700012207031250e+02,5.238779067993164062e+01,4.836009979248046875e+00,4.433000000000000000e+03,0.000000000000000000e+00
1.094399000000000000e+06,1.016100006103515625e+02,5.231686019897460938e+01,4.907080173492431641e+00,6.167000000000000000e+03,0.000000000000000000e+00
5.571942162083348480e+17,2.690299987792968750e+02,5.231140899658203125e+01,4.906022071838378906e+00,6.761000000000000000e+03,0.000000000000000000e+00
6.294290000000000000e+05,1.746100006103515625e+02,5.231705856323242188e+01,4.907670021057128906e+00,6.150000000000000000e+03,0.000000000000000000e+00
5.781063776128204800e+17,3.449500122070312500e+02,5.242500305175781250e+01,4.949953079223632812e+00,6.951000000000000000e+03,0.000000000000000000e+00
6.157652006199623680e+17,9.675000000000000000e+01,5.232777786254882812e+01,4.939301967620849609e+00,5.724000000000000000e+03,0.000000000000000000e+00
5.363902800000000000e+07,1.006399993896484375e+02,5.231953811645507812e+01,4.869609832763671875e+00,6.090000000000000000e+03,0.000000000000000000e+00
8.540520000000000000e+05,6.755000305175781250e+01,5.234075164794921875e+01,4.958290100097656250e+00,5.472000000000000000e+03,0.000000000000000000e+00
2.146942000000000000e+07,8.116999816894531250e+01,5.233985900878906250e+01,4.785920143127441406e+00,8.275000000000000000e+03,0.000000000000000000e+00
1.361205600000000000e+07,1.512500000000000000e+02,5.234157180786132812e+01,4.959169864654541016e+00,5.462000000000000000e+03,0.000000000000000000e+00
2.395015200000000000e+07,1.074499969482421875e+02,5.233348083496093750e+01,4.941259860992431641e+00,5.267000000000000000e+03,0.000000000000000000e+00
4.777512800000000000e+07,1.424900054931640625e+02,5.231842803955078125e+01,4.870775222778320312e+00,6.186000000000000000e+03,0.000000000000000000e+00
4.777555200000000000e+07,1.201100006103515625e+02,5.231933975219726562e+01,4.869639873504638672e+00,6.110000000000000000e+03,0.000000000000000000e+00
4.800558400000000000e+07,1.424900054931640625e+02,5.231842803955078125e+01,4.870775222778320312e+00,6.186000000000000000e+03,0.000000000000000000e+00
2.953292600000000000e+07,9.675000000000000000e+01,5.234667968750000000e+01,4.963590145111083984e+00,5.385000000000000000e+03,0.000000000000000000e+00
3.576070400000000000e+07,1.794799957275390625e+02,5.242623901367187500e+01,4.902359962463378906e+00,6.058000000000000000e+03,0.000000000000000000e+00
3.690095200000000000e+07,1.736399993896484375e+02,5.231983184814453125e+01,4.864630222320556641e+00,6.167000000000000000e+03,0.000000000000000000e+00
4.057510400000000000e+07,6.755000305175781250e+01,5.233945846557617188e+01,4.957489967346191406e+00,5.523000000000000000e+03,0.000000000000000000e+00
